/*--------------------------------*- C++ -*----------------------------------*\
  =========                 |
  \\      /  F ield         | OpenFOAM: The Open Source CFD Toolbox
   \\    /   O peration     | Website:  https://openfoam.org
    \\  /    A nd           | Version:  7
     \\/     M anipulation  |
\*---------------------------------------------------------------------------*/
FoamFile
{
    version     2.0;
    format      ascii;
    class       volScalarField;
    location    "10";
    object      p;
}
// * * * * * * * * * * * * * * * * * * * * * * * * * * * * * * * * * * * * * //

dimensions      [0 2 -2 0 0 0 0];

internalField   nonuniform List<scalar> 
5218
(
1.61204818191
1.58488329482
1.57997118862
1.5768460791
1.57435432203
1.57256174429
0.00982286298334
0.010406662534
0.00879223870423
0.00633351350121
0.00386114630077
0.00169307244133
1.60604150254
1.58379741698
1.57957841052
1.57637997751
1.5730341936
1.56830134532
1.56314894812
0.0107131007212
0.0106483992062
0.00856069199929
0.00602290559735
0.00361274275779
0.00157544536612
1.60517106173
1.58357220904
1.57950997404
1.57623127864
1.57228570412
1.56354603695
1.52463521137
0.977585905023
0.202642917862
0.0174554625867
0.0109682846316
0.00833126258099
0.00583613024134
0.00348050123855
0.00148619258346
1.60676272621
1.58430528339
1.57979041989
1.57667096615
1.5738765985
1.57103813243
1.56704720421
0.00968489185934
0.0104908940385
0.00871443825397
0.00620745796044
0.00375348741145
0.00163668856418
1.61760864933
1.58593559901
1.58027372729
1.57708738122
1.57444321016
1.57261118111
0.0098966957114
0.0106795273075
0.00924273133073
0.00677178499103
0.00423222847803
0.00190592149626
1.58903493324
1.58361159456
1.57985384706
1.57693201524
1.57466411416
1.57342077771
0.00968007318272
0.0109764825196
0.00912655504304
0.00641481574727
0.0037873840889
0.00150545661089
1.58544031477
1.58168880945
1.57872480709
1.57566418302
1.57239755607
1.57091294638
1.56682179415
0.0129539098396
0.0110708237367
0.00818819741
0.00547592316748
0.00302054626562
0.00186150919991
1.5849022872
1.58168886543
1.5787248441
1.57566419523
1.57239753698
1.5661198505
1.53062831148
0.960689660884
0.147348338405
0.012953857731
0.0110708144907
0.00818820664837
0.0054759557454
0.00302059773177
0.0015602263571
1.58683134193
1.5833208933
1.57979744805
1.57680080638
1.57419194053
1.57219921127
1.57247511748
0.00958500960306
0.011312105039
0.0091689286766
0.00636765441104
0.00365403328778
0.00144669237063
1.59591743221
1.58340637902
1.57974773227
1.57682153104
1.57447895591
1.5728865058
0.0100575863248
0.0112260855753
0.00929005223428
0.00655593298195
0.0039710083697
0.0014612437746
1.5871926625
1.58301616
1.57975600969
1.57702417419
1.57495279063
1.57414314854
0.00956819521919
0.0113803717991
0.00943723918851
0.00652871852955
0.00375177853119
0.00141500159491
1.58376692301
1.5815487229
1.57875584418
1.57582172283
1.5727387242
1.57172799316
1.56947277626
0.0125392163242
0.0109993922595
0.00816107866084
0.00547509953869
0.00297403521906
0.00144142068302
1.58327984749
1.58154877603
1.57875587814
1.57582173963
1.57273870836
1.56673913373
1.53272965187
0.954332058034
0.136179249985
0.0125392055923
0.0109993955842
0.00816110045373
0.00547515398608
0.00297410759147
0.000930608284948
1.58507465306
1.58284005785
1.57980033394
1.57696274398
1.57455176248
1.5730381919
1.57484066161
0.00927736945967
0.0115734209102
0.00938244360373
0.00646766788001
0.00359005831655
0.00127628370213
1.59351052522
1.58278976665
1.57962585872
1.57689599249
1.57474156173
1.57328849162
0.0101190337321
0.011669285601
0.00960353719123
0.00667729796784
0.00399508181405
0.00109850253598
1.58771583828
1.58322299495
1.57980585322
1.57699712302
1.57483592817
1.57386771268
0.00960557784865
0.0112987923789
0.00935317457493
0.0064972663036
0.0037645171056
0.00142996083286
1.58428130892
1.58169049872
1.57873263103
1.57567140247
1.57240245359
1.57125190446
1.56903990924
0.0129159508207
0.0110832034566
0.00819496872635
0.00547878454262
0.00302047728379
0.00124866563416
1.58378980916
1.58169054381
1.5787326614
1.5756714149
1.57240242361
1.5662782074
1.53206071067
0.955125442229
0.137150669696
0.0129159575711
0.0110832033396
0.00819499334661
0.00547884854635
0.00302057661361
0.000748976793223
1.58558733489
1.58299561878
1.57982110793
1.57691488559
1.57442086777
1.57270785958
1.57448099348
0.00933805219336
0.0115000152473
0.00929722140675
0.00642192813765
0.00360517425133
0.00128640305156
1.59374730545
1.58305264431
1.57969376938
1.57688048651
1.57464562428
1.57316138876
0.0101205284558
0.0115441461137
0.00950364882974
0.00664155476372
0.00399375864183
0.00108742831684
1.59123520421
1.58411240956
1.57993971487
1.57688869526
1.57445643456
1.57289815447
0.00990157320881
0.0106845316696
0.00891363200212
0.00635114158786
0.0038191451711
0.00156551809841
1.58762276833
1.58331980068
1.57967202095
1.5764825222
1.57326449117
1.56933107965
1.56514518387
0.0113960559358
0.0111836827696
0.0087211062971
0.00605804355881
0.00351476098781
0.00138165211561
1.58707321786
1.58313352994
1.57962648161
1.57634560802
1.57258681393
1.56481332547
1.52840150554
0.963789973028
0.155873812111
0.0181335373571
0.0116917111644
0.00852900991272
0.00588935985981
0.00337923341789
0.00123982838225
1.58896558294
1.58367677906
1.57982011135
1.57674821085
1.57403361099
1.57151928974
1.57121312734
0.00979456722871
0.0109462375391
0.00889674329772
0.00624143747414
0.00366979502887
0.00145295517891
1.59720901956
1.58472660042
1.57996334452
1.57684584924
1.57437282219
1.57260188816
0.0100480251828
0.0108198177456
0.00903518667486
0.00647502218775
0.0039550900484
0.001741401242
1.59720875083
1.58839383471
1.61740879481
1.58838475273
1.58472634388
1.58200065304
1.5861023938
1.58132211356
1.57996319005
1.57831028697
1.58037280675
1.57787550099
1.57684585262
1.57553277206
1.57713722391
1.57514590556
1.57437299515
1.57347970569
1.57447362356
1.57300291864
1.57260223781
1.57257795525
0.00911471439023
0.009230503107
0.0100482378734
0.0109798732097
0.00988769037466
0.0108181983262
0.0108199245565
0.010133964033
0.0107260367697
0.00981996752716
0.00903498973617
0.0077857430293
0.00923821050969
0.00744588974093
0.00647462846099
0.00519028491202
0.00677470361001
0.00487750214096
0.00395463878557
0.00279477122178
0.00425039231685
0.00248797565295
0.00174108403759
0.000213214493231
0.00192040826308
0.000264509517823
1.57344185897
1.57151953674
1.57088709923
1.57256595775
1.57240122217
1.57104348423
1.56706934304
1.57121350181
1.56704757361
0.00836623396986
0.0061906386157
0.00886323652719
0.00717414876863
1.52840155677
1.17176514398
1.56314830983
1.52463268103
1.18542777319
0.963789915623
0.370751749772
0.977616791776
0.393774321314
0.00459175320291
0.155873833553
0.0127502521589
0.00531711703631
0.202576695089
0.0176791073098
1.17176507019
1.56514492836
1.52463262932
1.18542773595
1.56314808649
0.37075171986
0.977616816122
0.393774311129
0.0127501987203
0.00459155768446
0.202576644431
0.0176790532992
0.00531684283802
1.570886765
1.57289785349
1.57344140653
1.5710432528
1.56706909283
1.57256566923
1.5724008639
1.56704734666
0.00619044839897
0.00836606240584
0.00717387177029
0.00886304218804
1.58839408504
1.61740903109
1.5883849629
1.58200085816
1.58610259444
1.58132228402
1.57831036601
1.58037295084
1.57787554926
1.57553269742
1.57713723267
1.57514578639
1.57347946209
1.57447345937
1.573002648
1.57257763811
0.00911449175072
0.00923029387311
0.0109796646921
0.00988744055573
0.0108179277114
0.0101339717234
0.0107257899772
0.00982008788764
0.00778604741856
0.00923836379389
0.00744624402155
0.00519073520089
0.00677507411393
0.00487787734135
0.00279519305721
0.0042508250059
0.00248839695059
0.00021326880813
0.00192079346558
0.000264583818092
1.61760823565
1.58826069779
1.59736384407
1.58710800671
1.58593520827
1.58121168736
1.58535377751
1.58124275796
1.58027348673
1.57781786123
1.5803542712
1.57787892138
1.57708732534
1.57510680974
1.57714633406
1.57519252056
1.57444333395
1.57305021157
1.5745450359
1.5733574606
1.57261141172
1.57304085317
0.00935184339093
0.00920155643651
0.00989705935087
0.0107487089993
0.00998906745125
0.0109090322185
0.0106799049732
0.00980972745965
0.010780587751
0.00992006097029
0.00924241656505
0.00743479166967
0.00926650848759
0.00746168015027
0.00677121172633
0.00485222655979
0.0067419002167
0.00483680790204
0.00423165260256
0.00245191908257
0.00418813308289
0.00240140782563
0.00190575331653
0.000280094457783
0.00176782265605
0.000274656912677
1.57240499414
1.57103830969
1.56707045443
1.57291141577
1.57345152343
1.57150596369
1.57088447953
1.56704744971
1.57120958728
0.00902073222685
0.00701038492913
0.00867553148135
0.00667659462082
1.52463524857
1.18540845572
1.56514554904
1.52840275282
1.17174127806
0.977585868337
0.393757189771
0.963747328265
0.370568903055
0.00522552951862
0.202642907689
0.0178972696931
0.00442413396881
0.155565534446
0.011660545741
1.18540841583
1.56314883639
1.52840272996
1.17174122003
1.56514537479
0.393757183836
0.963747274668
0.37056889275
0.0178971733877
0.00522508142485
0.15556559166
0.0116604709552
0.00442396980796
1.56707028292
1.57256154731
1.57240469167
1.57150578445
1.570884261
1.57291117694
1.57345113214
1.57120935811
0.00700999430622
0.00902031996307
0.00667642562628
0.00867505577264
1.58826110316
1.59736426433
1.58710843552
1.58121198083
1.58535417713
1.58124307394
1.57781795468
1.58035453122
1.57787904493
1.57510673789
1.57714641256
1.57519246218
1.57305003161
1.57454494415
1.57335723743
1.57304058203
0.00935152408491
0.00920110857108
0.0107483289858
0.00998877488455
0.0109088278155
0.00980987978213
0.0107803539996
0.0099201677524
0.00743526462172
0.00926668338929
0.00746215889415
0.00485280520386
0.00674243539221
0.00483738648424
0.00245229250395
0.00418870455883
0.00240180456662
0.000280089922321
0.00176818990732
0.000274672399818
1.59591700953
1.5867745183
1.59376917303
1.58576069222
0.00146094798319
0.000281594209741
0.00108367691306
0.000259019329461
1.58677492991
1.59376953495
1.58576109641
0.000281607520883
0.0010840896932
0.000259058200315
1.59351016068
1.58559620906
1.59349704063
1.58559333734
0.00109824488453
0.000257655509859
0.00109872856205
0.000257204787653
1.58559658341
1.59349733628
1.58559367058
0.000257686136362
0.00109908183158
0.000257243392859
1.59374699842
1.58576009664
1.59580383242
1.58677785607
0.00108720060662
0.000257445161094
0.00143671468373
0.000267401230632
1.58576040834
1.59580410461
1.58677812207
0.000257484129655
0.0014370384026
0.000267438696058
1.58690634917
1.58896540243
1.58590042453
1.61190198876
1.58832960772
1.60671590425
1.5871657103
1.58182646314
1.58367663387
1.58159590363
1.58485330425
1.5820431845
1.58429310635
1.58175586517
1.57833265654
1.57982002771
1.57821356049
1.57998525268
1.57832701521
1.57980872694
1.57818454946
1.57559380235
1.57674821298
1.5753487817
1.57686352435
1.57554786483
1.57669081412
1.57528178796
1.57356884631
1.57403371859
1.57281616655
1.57436037793
1.57335817644
1.57389185309
1.57253065389
0.0108258145685
0.00979474422524
0.0112752420729
0.00983824788954
0.0105578880426
0.00979819498967
0.0107273937772
0.0100055068858
0.0109464015281
0.0101078657712
0.0104650255838
0.00984201016374
0.0105710289985
0.00985007047478
0.00766784094894
0.0088966920252
0.00759682856523
0.00881981404379
0.00762688355123
0.00874506984058
0.00751599187359
0.00505751328076
0.00624117263086
0.00491169085909
0.00635401376546
0.0050938180006
0.00622388489874
0.00496400648987
0.00266377567035
0.00366944605863
0.00250738350308
0.00387723922876
0.00272862338242
0.00376133932297
0.00264175580093
0.000461860882518
0.00145273454138
0.000440646297777
0.00169630301773
0.000320880977481
0.00163547602515
0.000282630851242
1.58512179146
1.58707317821
1.58477194002
1.60600828101
1.58630164585
1.60515545104
1.5859141297
1.56591999286
1.56481337633
1.55552488064
1.56830354983
1.56382472474
1.563547917
1.55270273612
0.000392185049988
0.00123976955371
0.000336602835554
0.00157076848651
0.000298859150774
0.00147998284283
0.000273737574164
1.58477196522
1.58762286903
1.58512188426
1.60515547108
1.5859141612
1.6060084042
1.58630173048
1.55552481414
1.56933094765
1.56591982781
1.56354786561
1.55270266333
1.56830340377
1.56382454491
0.000336641069437
0.00138183916885
0.000392271021427
0.00148005095677
0.000273755637601
0.00157099354713
0.000298902329719
1.58590058025
1.59123542978
1.58690656835
1.60671605871
1.58716585944
1.61190220769
1.58832979495
1.58159601197
1.58411259587
1.5818266307
1.58429322135
1.58175596026
1.58485348402
1.58204333525
1.57821359572
1.57993983767
1.57833272518
1.57980879603
1.578184579
1.57998536828
1.57832705584
1.57534873212
1.57688869554
1.57559373187
1.57669078597
1.57528171189
1.57686350557
1.57554778515
1.5728160032
1.57445630789
1.57356861877
1.57389173376
1.57253047194
1.57436020617
1.57335794266
0.011275048878
0.00990137696772
0.0108256142216
0.00979799373256
0.0107272110433
0.00983807374844
0.0105576742225
0.0101078070011
0.0106844049757
0.0100055467602
0.0105709253984
0.00985002371142
0.0104649964652
0.00984203106933
0.00759695217395
0.00891378244607
0.00766813170026
0.00874520778068
0.00751617835917
0.00882003641497
0.00762711761996
0.00491198395783
0.00635149322386
0.00505790067905
0.00622412880552
0.00496428311406
0.00635428466123
0.00509419360038
0.00250772293586
0.0038195832434
0.00266414316657
0.00376162940272
0.00264204956822
0.0038775508992
0.00272899583543
0.000440768487637
0.00156579934743
0.000461974809626
0.0016357191084
0.000282678810487
0.00169652696743
0.000320943378437
1.60058895383
1.60544167284
1.62889337098
1.60054288336
1.61745176698
1.59692642386
1.60501367152
1.59292741161
1.58852667616
1.58965681887
1.59289921018
1.58842680872
1.59219629106
1.59478594889
1.5839117383
1.58646222695
1.58655482397
1.58392327384
1.58607784559
1.58428217666
1.58425770609
1.58258867377
1.5815515834
1.58145630484
1.58257886043
1.58132034626
1.58287934708
1.58272050457
1.57945317814
1.58054777186
1.58043111453
1.57944752747
1.58038517804
1.57958439912
1.57951467812
1.57867427157
1.57796907176
1.57792023056
1.57864912238
1.5778942974
1.57875752983
1.57868412261
1.57649148618
1.5772228352
1.57717399367
1.57645244619
1.57718453387
1.5765377801
1.57649624323
1.57584280277
1.5752558653
1.57520340292
1.57575447607
1.575220983
1.57585456213
1.57580982934
1.57409919075
1.57462716844
1.57457121734
1.57396492922
1.57463202071
1.57413675296
1.57405555409
1.5736220446
1.57329017257
1.57316185832
1.57335153115
1.57322560219
1.57360694647
1.57351991696
1.57282712843
1.57297498846
1.57278437098
1.57267817035
1.572854859
1.57313145577
1.57277000058
1.57305601233
1.57324868808
1.57342251467
1.5730127085
0.00924212573773
0.0092101311723
0.00935846920524
0.00912419613943
0.00932017022807
0.0091521197813
0.00924401676056
0.0101273722288
0.0098030318939
0.0098452801305
0.0102280525113
0.009826728457
0.0100604521918
0.0101600732363
0.0105605498451
0.01058203612
0.0106396506853
0.0106713073792
0.0106699972263
0.0104722489692
0.0105254937829
0.0104824491179
0.0105038013886
0.0105923883546
0.0105893037151
0.010624402718
0.0103852514443
0.0104534125848
0.0101572523336
0.00968407551419
0.0097494131199
0.0102037181876
0.00977507592359
0.0100354673207
0.0101240664735
0.00870031006234
0.00912353034332
0.00921253340784
0.0087008638259
0.00922900078781
0.00862006824148
0.00869055901312
0.00807169015843
0.00740255287061
0.0074709323773
0.00805404738169
0.00747363492585
0.0079819253367
0.00806323384258
0.00618771972954
0.00673038617196
0.00680375824496
0.006147170568
0.00680726035054
0.00612598825898
0.00619046079452
0.00553163845039
0.00486922798327
0.00492396125243
0.00549297822281
0.00492017434386
0.00546684065414
0.00552779278642
0.00369621994666
0.0042358106272
0.00428179499288
0.00366067358221
0.00428686283452
0.00365902651447
0.00370218029934
0.00309484893203
0.00249083214151
0.00253273834116
0.00306727417154
0.0025146749547
0.00305947863115
0.00309164417065
0.00135785004755
0.00191493969229
0.00196551427434
0.0013426927451
0.00193307583914
0.00126574439611
0.00150624901363
0.000877587532609
0.000236886767279
0.000314995356049
0.000881772945229
0.000264576087694
0.000644501660204
0.000970015142212
1.57157761484
1.57241834505
1.57330899685
1.57202104798
1.57280083987
1.57249658017
1.57236528321
1.56838460717
1.56793165394
1.56813464651
0.00818659827975
0.00887716588991
0.00871048227367
0.00842079965057
0.00868198197155
0.00862759007644
0.00816493286528
1.5605258528
1.56193898568
1.55795579601
1.55028323711
1.56049227522
1.55277842006
1.55032984144
1.49991896156
1.17943827816
1.4041612499
1.39482279636
1.50717110126
0.972150117127
0.781145737707
0.77758252739
0.386989837103
0.58477835055
0.580298514046
-0.0209991374539
-0.00629535000206
-0.0079618697837
-0.0148207307054
-0.0495435552021
0.184547701317
0.049791444059
0.0477703120362
-0.0334741170658
1.49991893219
1.1794382564
1.40416126795
1.39482283511
1.50717107676
1.56052569127
1.56193875963
1.55028308327
1.55795559887
1.55277825441
1.56049208198
1.55032967996
0.972150115759
0.781145785714
0.777582542561
0.386989860155
0.584778410154
0.580298628787
-0.0495437696253
0.184547742174
0.049791290289
0.0477703986443
-0.033474679963
-0.0209994994054
-0.00629586056081
-0.00796249266861
-0.0148212666466
1.57157726528
1.57241797713
1.57202071976
1.57330863752
1.5724962501
1.57280049543
1.57236498986
1.5683843213
1.56793133753
1.56813432499
0.00818655045331
0.00887693377428
0.00842056955768
0.00871067658236
0.00862743218346
0.0086820670696
0.00816486149624
1.60058920521
1.60544191459
1.60054311141
1.62889361587
1.59692666519
1.61745202107
1.60501391531
1.59292766035
1.58852691195
1.59289942525
1.58965704162
1.59219653595
1.58842706296
1.59478618597
1.58391196327
1.58646245506
1.58392349536
1.58655506525
1.58428239637
1.58607807385
1.58425792269
1.58258888456
1.58155177383
1.5825790511
1.58145649393
1.58287953517
1.58132053179
1.58272069171
1.57945331282
1.58054791853
1.57944765619
1.58043127518
1.57958451991
1.58038534102
1.57951481431
1.57867436965
1.57796912069
1.57864920843
1.57792029447
1.57875762767
1.57789436879
1.57868423481
1.57649145886
1.57722284455
1.57645240746
1.57717402648
1.57653773891
1.57718455758
1.57649623657
1.5758427322
1.57525574264
1.57575438821
1.57520327922
1.57585447587
1.57522086612
1.57580976373
1.57409899481
1.57462700188
1.57396471208
1.57457103723
1.57413655761
1.57463184559
1.57405531702
1.57362178943
1.57328989209
1.57335129272
1.57316159426
1.57360671036
1.57322533366
1.57351969372
1.57282674576
1.57297464933
1.57267779753
1.57278405486
1.57313108608
1.57285449836
1.57276963054
1.57305559891
1.57324826725
1.57342203451
1.57301232065
0.00924193572076
0.00921004883821
0.00912392119593
0.00935814476825
0.00915239997816
0.00932047174319
0.00924265559433
0.0101271051856
0.0098026238295
0.0102277041299
0.00984527561424
0.0100601460932
0.00982658830918
0.0101596462236
0.0105602819167
0.0105818261172
0.0106709574518
0.0106392745774
0.0104719884581
0.0106697455578
0.0105251089423
0.0104823639721
0.0105036990371
0.0105893487858
0.0105923079254
0.0103852006845
0.0106243204029
0.0104534332726
0.0101573629498
0.00968420216629
0.0102037818981
0.00974954801562
0.010035508333
0.00977518918606
0.0101240187297
0.00870055556891
0.00912365247215
0.00870110919076
0.00921278653848
0.00862025172487
0.00922922206456
0.00869091346033
0.00807201918012
0.007402844255
0.00805433622911
0.00747138772622
0.00798220782394
0.00747402996633
0.00806360580776
0.00618809340299
0.00673067963663
0.00614744868365
0.00680418689581
0.00612625926692
0.00680765115303
0.00619085532795
0.00553196742319
0.00486947685864
0.00549323770308
0.00492439242362
0.00546709154791
0.0049205450474
0.00552821725975
0.00369663923535
0.00423615600443
0.00366095057928
0.0042821092086
0.00365946380404
0.00428724235756
0.00370240761118
0.00309520154858
0.00249122905693
0.0030677096666
0.00253320581739
0.00305994720084
0.00251518582928
0.00309207351912
0.00135815821527
0.00191530446709
0.00134301633288
0.00196603158101
0.00126600730923
0.0019334076907
0.00150660299986
0.000877802950625
0.00023696795619
0.000881941101744
0.000315103105122
0.000644700001848
0.000264706152615
0.00097028561385
1.58843813167
1.60676244612
1.58721877995
1.59131383942
1.58712325635
1.58902969077
1.5859674367
1.58204203359
1.58430504984
1.58174600413
1.58417188056
1.58182680177
1.58369978102
1.58159016583
1.57830894921
1.5797902734
1.57816389536
1.57992295626
1.57831233436
1.57980183181
1.57819214633
1.57553460945
1.57667092635
1.57526363152
1.57686808599
1.575575764
1.57672705316
1.57532876889
1.57336003732
1.5738766703
1.57251829268
1.5744399984
1.57355596011
1.57401521972
1.57279741154
0.0104853898832
0.00968521696554
0.0106027645288
0.00986963898141
0.0107582272583
0.00960402670658
0.011055509091
0.00980247287479
0.0104910854861
0.00980203380276
0.0106282762479
0.0099698829307
0.0108338628064
0.0100534845631
0.00760488215599
0.00871436858097
0.0074942634731
0.00888796434366
0.00764610564844
0.00886650980893
0.00757733040849
0.00507472919153
0.00620718213696
0.00495147240913
0.00632756673915
0.00503249926132
0.00622593759416
0.00489913310312
0.00271849211632
0.00375318141542
0.00263871825059
0.00379451091226
0.00264762358515
0.00365930504704
0.00250225052256
0.000326965480126
0.00163646725453
0.000286653615918
0.00155769823974
0.000493798169598
0.00145183415915
0.000439072703211
1.58632791432
1.60517103029
1.58593059548
1.58765642517
1.5851602137
1.58709435372
1.58479578436
1.58145188144
1.58357215309
1.5813583324
1.58333582459
1.58131105518
1.58314319181
1.58123096088
1.57795288721
1.57950993688
1.57788605351
1.57966018956
1.57796773026
1.57961853326
1.57790869861
1.57477501702
1.57623125768
1.57444817158
1.57646631735
1.57481420486
1.57633389591
1.57449453026
1.57099159139
1.5722857246
1.56899095588
1.57325075533
1.57129136368
1.57257710014
1.56936464859
1.56382564042
1.56354608338
1.55270428443
1.56932590482
1.56591887653
1.56480962306
1.5555244655
1.5579574947
1.55028408855
1.55033169124
1.56052764177
1.56194116037
1.56049514887
1.55278022262
-0.00566504732539
-0.0136214723569
-0.0197011066094
-0.00767886175414
0.0110206762721
0.0174555428539
0.0128349223864
0.0108378915419
0.0115750818785
0.0185352788402
0.0139988277701
0.00973406518896
0.010968327392
0.00956491230339
0.0110434613118
0.00988646957849
0.0116988483534
0.00984577817407
0.0072993229439
0.00833126357318
0.0070621025174
0.00868880479915
0.00733848096422
0.00851681200555
0.00713504261944
0.00477748909394
0.005836068168
0.00462190594938
0.00604871218621
0.00471181309463
0.00588529630517
0.00456591712189
0.0025435299344
0.00348049228953
0.00243213050711
0.00351276003554
0.00235809572085
0.00338138361815
0.00222624101522
0.000302846645688
0.00148616525738
0.000277226858149
0.00138325764279
0.000393988874658
0.00124358106876
0.000339180473848
1.58593063923
1.6060417465
1.58632807429
1.58709440606
1.5847958361
1.58765659343
1.58516036244
1.58135835649
1.58379754159
1.58145199692
1.58314323207
1.58123099661
1.58333594722
1.58131115499
1.57788606531
1.57957847758
1.57795293518
1.57961855853
1.57790871724
1.57966025847
1.57796778042
1.57444817787
1.57637999327
1.57477502047
1.57633391063
1.57449453974
1.57646635118
1.57481421292
1.56899092301
1.57303416964
1.57099150953
1.5725770963
1.56936462636
1.57325072908
1.57129130796
1.55270424098
1.56830126758
1.56382551915
1.56480958966
1.5555244238
1.56932580421
1.56591873896
0.781107512185
0.972113383067
0.777531887803
0.0499649640021
-0.0329247762652
-0.0491462075799
0.184523438486
0.0477875507298
0.0128348846906
0.0107128749625
0.0110204640998
0.0185352106118
0.0139987767289
0.0108377425408
0.0115749406486
0.00956494107182
0.010648290238
0.00973396090093
0.0116988201751
0.00984576717943
0.0110433482706
0.00988643287864
0.00706212316025
0.00856069345027
0.0072993786902
0.0085168031866
0.00713507575959
0.00868878188957
0.00733854820902
0.00462192805516
0.00602298677879
0.00477767649082
0.00588531328044
0.00456597038794
0.00604883850416
0.0047119810898
0.00243212275719
0.00361291335354
0.00254371227204
0.0033814109288
0.00222625299006
0.00351294890616
0.00235826961689
0.000277222520751
0.00157557424237
0.00030292117649
0.00124364304688
0.000339225697813
0.00138340221921
0.000394050088887
1.58721903115
1.61204855706
1.58843847446
1.58902996571
1.5859676932
1.59131420273
1.58712360889
1.58174618777
1.58488360222
1.58204229663
1.58370000802
1.58159035645
1.58417221127
1.58182707948
1.57816397546
1.57997137441
1.5783090633
1.57980196927
1.57819223852
1.57992316327
1.57831245732
1.57526362764
1.57684611751
1.57553457466
1.57672709283
1.57532876133
1.57686813595
1.57557574098
1.57251818302
1.57435423651
1.57335988348
1.57401517093
1.57279729759
1.57443990568
1.57355579646
1.56793226119
1.56838290411
1.56813568702
0.0106025242733
0.00982250884704
0.0104850751546
0.00960377883672
0.011055295499
0.00986935080835
0.0107579526573
0.00980200799141
0.0104064775186
0.00980247917398
0.0108337393857
0.0100534408881
0.0106281187911
0.00996987479386
0.00749443703373
0.00879245372374
0.0076052230146
0.00886656209482
0.00757752510122
0.00888811753273
0.00764640504104
0.00495178093778
0.00633393774054
0.00507518713617
0.00622618084813
0.00489947290355
0.00632796048194
0.0050329675034
0.00263900815357
0.0038616002707
0.00271888173494
0.003659651972
0.00250253649701
0.00379498822896
0.00264803256433
0.000286732556361
0.00169331991166
0.000326994034299
0.00145207596607
0.000439113525488
0.00155795279592
0.000493840494692
1.60072019688
1.62922047086
1.6056622535
1.6054035708
1.61780715056
1.60106681546
1.59711656386
1.58378556544
1.58645350539
1.58417408887
1.58400516641
1.58621155875
1.58407182242
1.5860712717
1.57937012919
1.58033262158
1.57942927797
1.57942070137
1.58040505615
1.57947009803
1.58031591502
1.57640581453
1.57709381229
1.5764106243
1.5764150237
1.57715887923
1.57648234365
1.57709374107
1.57394512743
1.57445834309
1.57393497613
1.57396205633
1.57459647654
1.57414348984
1.57447418155
1.57269454418
1.57271266651
1.57273661282
1.57280619781
1.57305201723
1.57316079938
1.57277375212
0.0101654233695
0.00987872107706
0.0101459379905
0.0101161595458
0.00980263731169
0.00998073995706
0.00986459804333
0.0105590865289
0.0106124635026
0.0104781203592
0.0104813491416
0.0104771635226
0.0103890657837
0.0106094503982
0.00869489418921
0.00924012341586
0.00870054187721
0.00870617798698
0.0091654624803
0.00864482553694
0.00923806529192
0.00612964210838
0.00680170057865
0.00617067082845
0.0061767332347
0.00675513055048
0.00612175813548
0.00680228528329
0.0036281273903
0.00425637667286
0.00366414193365
0.0036648042822
0.0042247364146
0.00362174886641
0.00425440120261
0.00137818196603
0.00194240302534
0.001442030648
0.00133938006522
0.00188211211037
0.00129690797907
0.00192161613699
1.58340598527
1.58154712915
1.583017937
1.5813685406
1.57974748608
1.57822381427
1.57967550803
1.57822538834
1.57682148117
1.5755749798
1.57686599667
1.5756730852
1.57447908522
1.57372032204
1.574633341
1.57396889117
1.57288684919
1.57316032101
0.00904373511297
0.00886945820353
0.0100578564213
0.0114104762302
0.0101392467462
0.0117061658156
0.0112261739845
0.0105087308109
0.011526944698
0.0107892605337
0.00928975888105
0.00795224283016
0.00948938573275
0.00808638359784
0.00655537563816
0.00522712524867
0.00662728391852
0.00526188508913
0.00397043993345
0.00290034667989
0.00397774192054
0.00288622258484
1.586155862
1.58683107921
1.58503569066
1.58774483543
1.58541706292
1.58560416684
1.58437288735
1.58160885518
1.58332067771
1.58142976694
1.58322471421
1.58145794096
1.58299844076
1.58134813923
1.57832061522
1.57979731645
1.57822322818
1.57980321936
1.57834790194
1.57981567165
1.5783013725
1.5757031211
1.57680076368
1.57551016344
1.57699170032
1.57582207642
1.57690782304
1.57567892566
1.57398385254
1.57419199603
1.57346294551
1.57483377231
1.57429586771
1.57441591708
1.57389728339
1.57411901815
1.5721994205
1.57172083427
1.57386666134
1.57534984136
1.57270581046
1.57329778039
1.5724754059
1.57447829476
0.00786587554352
0.00439844230744
0.00755781319181
0.00375491835545
0.0112088118239
0.0095851600286
0.0124357721571
0.00962284967087
0.0115203051358
0.00934686108279
0.0127342582999
0.0103174838637
0.0113121794819
0.0107342373706
0.0112712754919
0.0106137373596
0.0114726880024
0.0109316733582
0.00781330071452
0.00916891337218
0.00790097222203
0.009333620041
0.00796024058402
0.00928234635676
0.00800903686249
0.00505892154048
0.00636747300624
0.00497599276435
0.00648372149619
0.00507649546171
0.0064131906647
0.00497651538065
0.00263787037302
0.00365376421326
0.00246010718299
0.00375452595439
0.0025698726494
0.00360010860172
0.00235978511856
0.000532009407406
0.0014464887585
0.000472407140521
0.00142799624213
0.000502504641898
0.00128539343487
0.000410014203322
1.58410131418
1.5849022315
1.58376859838
1.58429206119
1.58364518709
1.58379739983
1.58339812995
1.53062836064
1.16964429675
1.56903866402
1.53206054456
1.16598870001
0.960689625595
0.364307244815
0.955121805716
0.354577669631
0.000847652548986
0.14734826526
0.00762933622538
-0.000386714448493
0.137214476875
0.00543958340326
0.000484329503868
0.00156023421028
0.000400698527365
0.00124916844169
0.000349772151527
0.000749319086682
0.000227929241954
1.58376864729
1.5854404661
1.58410144316
1.5837974395
1.58339817351
1.58429220943
1.58364530939
1.16964425015
1.5668216245
1.5320604935
1.16598864834
1.56903843109
0.364307281596
0.955121751704
0.354577618078
0.0076293159897
0.000847523476139
0.137214450998
0.00543957753571
-0.000386800870461
0.000400721495224
0.00186162993976
0.000484359693966
0.000749340339459
0.000227967432307
0.00124929569385
0.000349867707815
1.58503593929
1.58903528314
1.58615621556
1.58560441318
1.58437312607
1.58774517139
1.58541740211
1.58142993996
1.5836119192
1.5816091272
1.5829986443
1.58134830999
1.58322503531
1.5814582045
1.57822331185
1.57985404582
1.5783207374
1.57981579859
1.57830145763
1.57980342424
1.578348027
1.57551016926
1.57693206315
1.57570309601
1.57690787089
1.5756789403
1.57699175408
1.57582205411
1.57346283776
1.57466403294
1.57398367135
1.57441587293
1.57389716452
1.57483367064
1.57429566889
1.57172060524
1.57342053307
1.57411860595
1.572705609
1.57329750769
1.57386638503
1.57534940726
1.57447798577
0.00439820081933
0.00786557028121
0.00375475658329
0.00755752087381
0.0124356811092
0.00967982154664
0.0112085889491
0.00934672530777
0.0127341726243
0.00962267426509
0.0115201873474
0.0107342420839
0.0109763584338
0.0103174414812
0.0114727016061
0.0109317194937
0.0112712461257
0.0106138021132
0.00790110275024
0.00912670325448
0.00781354788122
0.00928242090056
0.00800918767364
0.00933384650752
0.00796054458182
0.00497627487288
0.00641521746908
0.00505937793171
0.00641337683541
0.00497679792962
0.00648411868272
0.00507692293138
0.00246031958322
0.00378786580048
0.00263828476013
0.00360032670545
0.00235997509131
0.0037549582544
0.00257017324367
0.000472441027678
0.00150570776726
0.000532047212715
0.00128554438384
0.000410076721548
0.00142820728993
0.000502537957457
1.60861297934
1.59487109765
1.60753921526
1.59453243605
1.59203318095
1.59544852647
1.59113044447
1.58154745121
1.58301831835
1.58136885701
1.57822395671
1.5796757435
1.57822551489
1.5755749411
1.57686602281
1.57567303774
1.57372011706
1.57463320929
1.57396866308
1.57316003233
0.00904331448505
0.00886912921492
0.011410277629
0.0101389954216
0.0117060294878
0.0105087586915
0.0115268785014
0.0107893387284
0.0079526609075
0.00948963489656
0.00808676629276
0.00522768191328
0.00662775327508
0.00526240088908
0.00290087359666
0.00397823921915
0.00288665724751
0.00146822367508
0.00125257248401
0.00297869486017
0.00117395130819
0.001495499521
0.00118747069192
0.00300765524589
1.58278941099
1.58124953002
1.58279605224
1.58125521148
1.57962564736
1.57822281174
1.57963104018
1.57822746635
1.57689596294
1.57574044513
1.57690026411
1.57574447223
1.57474171184
1.57413636031
1.57474535403
1.57413893499
1.57328887225
1.57328931518
0.00879685085805
0.00877832103104
0.0101191977397
0.0118234516372
0.0101088289189
0.0118294567679
0.0116693745633
0.0109369602444
0.0116767188173
0.0109438756208
0.00960331763839
0.00816913309796
0.00960949948996
0.00817463411951
0.0066768467093
0.00529056264613
0.0066821253738
0.0052956203538
0.00399454844379
0.00290143637051
0.00399954706447
0.00290545162752
1.58506095567
1.58507441396
1.58405685078
1.58718527284
1.58505434412
1.58506944818
1.58405227708
1.58135241582
1.58283986752
1.58128655731
1.5830152174
1.58135241565
1.58283813497
1.58128686738
1.57834911119
1.57980021044
1.57832235215
1.57975723643
1.57835099346
1.57980184296
1.57832482708
1.57589783271
1.57696270107
1.57576998916
1.57702623727
1.57589966384
1.57696543114
1.57577254612
1.57449121225
1.57455181851
1.57410505046
1.57495403355
1.57449170252
1.57455407295
1.57410674772
1.57559772586
1.57303840732
1.57361148983
1.57414347555
1.57559759249
1.57303934425
1.57361322498
1.57484101862
1.57484277366
0.0073665615612
0.00347139426363
0.00735182106506
0.00346153192967
0.0115958457165
0.00927742757418
0.0127814008424
0.00956416180991
0.0116033193949
0.00927579064765
0.0127918300537
0.0107463110108
0.0115734214264
0.0110629477765
0.0113899524515
0.0107552581365
0.0115836821903
0.011071097158
0.00804239412239
0.0093823821457
0.00810694113986
0.009444585256
0.00804835244288
0.00938845577951
0.00811143419755
0.00509574664223
0.00646752832295
0.00500645794856
0.00653369581611
0.00509993046829
0.00647097482935
0.00500912005317
0.00256498650963
0.0035898066545
0.00233926325526
0.00375519881088
0.00256703724838
0.00359183430609
0.00234039019272
0.000496791328963
0.00127606657832
0.000399179918791
0.00141581465977
0.000496624382884
0.00127646824331
0.000398927128829
1.58332714726
1.58327979517
1.58309437412
1.58376326647
1.58332216348
1.58327697127
1.58309007344
1.53272970312
1.16551533771
1.56947291793
1.53272960676
1.16551584076
0.954332008642
0.353358383223
0.954332566301
0.353340589112
-0.00091623144022
0.136179145945
0.00437197472086
-0.000955644774213
0.136138895797
0.00434416019859
0.000364813135345
0.000930525370752
0.000237548948528
0.00144016398929
0.00036442071087
0.000929157474694
0.000237119231058
1.58309441399
1.58376704883
1.58332726381
1.5832770036
1.58309011157
1.58376339279
1.58332227169
1.16551526919
1.56947255743
1.53272954987
1.16551577433
1.5694726824
0.353358375195
0.954332497051
0.353340544634
0.00437198192869
-0.000916295852222
0.136138861992
0.0043441746061
-0.000955682745753
0.000237557919071
0.00144153516545
0.000364891615212
0.00092923503519
0.000237153449008
0.00144033768087
0.00036450134885
1.58405707214
1.58719296434
1.58506127423
1.58506966095
1.58405248284
1.58718555967
1.58505463587
1.58128670798
1.58301645292
1.58135266115
1.58283830795
1.58128701868
1.58301549565
1.58135264071
1.57832242491
1.57975619166
1.57834921565
1.57980195928
1.57832490389
1.57975740963
1.57835109621
1.57577000957
1.5770242152
1.5758978109
1.57696547999
1.57577256067
1.57702628633
1.57589963909
1.57410493854
1.57495270044
1.57449101583
1.5745540259
1.57410663169
1.57495392978
1.57449149181
1.57361122619
1.57414287412
1.57559730071
1.57303912983
1.57361295543
1.5741431744
1.57559717594
1.57484245654
0.00347125780723
0.00736637329491
0.00346142590733
0.00735159707318
0.0127813380313
0.00956804070555
0.0115957417215
0.00927569808554
0.0127918128898
0.00956402811281
0.0116032161108
0.0110629391125
0.0113802957927
0.010746314448
0.0115837416485
0.0110711561926
0.0113899549841
0.0107553105837
0.00810703616739
0.00943740166639
0.00804262584796
0.00938856281689
0.00811156198456
0.00944477081385
0.00804860412918
0.00500671269693
0.00652909520882
0.00509618889811
0.00647117554831
0.00500939645583
0.00653404847214
0.00510031415472
0.00233948897279
0.00375217597898
0.00256535977607
0.00359207101582
0.00234063425441
0.00375559387913
0.00256734415678
0.000399208437723
0.00141522125774
0.000496836494473
0.00127661283565
0.000399001370207
0.00141601780589
0.000496684413249
1.60610469172
1.59338239521
1.60597309339
1.59308773281
1.58984186347
1.59321294322
1.58971488868
1.58124981319
1.58279637712
1.58125547971
1.57822291389
1.57963123993
1.57822757465
1.5757403927
1.57690028818
1.57574442092
1.57413612645
1.57474521041
1.57413868514
1.57328900479
0.00879651765956
0.00877806852518
0.0118232802749
0.0101086688148
0.0118293435048
0.0109369198225
0.011676640788
0.0109439183916
0.00816942849112
0.00960970103482
0.00817495637695
0.005291063779
0.00668255408132
0.00529607420073
0.00290191032508
0.00399997603969
0.00290584096691
0.00148607550293
0.0011365259828
0.00325611214278
0.00106763015357
0.0014903006241
0.00112750812777
0.00325082681602
1.58305235289
1.58138779206
1.58358289769
1.58161977741
1.57969359234
1.57824102248
1.57979709264
1.57825830973
1.576880458
1.57568664054
1.5768499773
1.57559931758
1.57464577368
1.5739769528
1.57450070078
1.57372534307
1.57316177743
1.57279324728
0.00883252206236
0.0089946557284
0.010120654504
0.0117211703882
0.0100633499931
0.0114107772326
0.0115442922178
0.0108046697005
0.0112262097684
0.0105025634069
0.00950348000255
0.00809959276884
0.00928700479899
0.00795352479963
0.00664113150538
0.00527645645718
0.00656433581179
0.00524165543388
0.00399326200813
0.0028983771915
0.00398912923236
0.00290464935467
1.58539061007
1.58558713272
1.58435791217
1.58896695709
1.58608361651
1.5867947422
1.58500713929
1.5814568807
1.58299545438
1.58135129859
1.5836162838
1.58160978142
1.58331453951
1.58143477454
1.57835278183
1.57982100511
1.57830849539
1.5798583151
1.57832790677
1.57980733415
1.57823580903
1.57582652793
1.57691484967
1.57568516206
1.57693959669
1.57570804317
1.57681327127
1.5755211166
1.57429548344
1.57442093606
1.57390072196
1.57466413261
1.57397909537
1.57420069504
1.57346920829
1.57534994335
1.57270809103
1.57330012363
1.57342262016
1.57411429874
1.57220379965
1.57172389844
1.57448135783
1.57247950561
0.00750205420699
0.00375303748855
0.0078350846551
0.00458757838631
0.0115425071146
0.00933812015987
0.0127651463141
0.00966849966646
0.0112495428977
0.00961067992231
0.012504214055
0.0106381075179
0.011500025727
0.0109530902698
0.0110198066241
0.0103511998647
0.0113640596534
0.0107678932824
0.0079760695114
0.00929713398841
0.00802002421047
0.00915219600213
0.00783369906211
0.00919074405146
0.0079164514139
0.00508833010857
0.00642170961073
0.00498313312366
0.00643343292223
0.0050760699813
0.00637959995386
0.00498555993741
0.00257513508497
0.00360491634527
0.00236196124228
0.00380130052416
0.00263853388363
0.00366070924037
0.00246161822655
0.000502261983352
0.00128618905053
0.000409275955101
0.00150094814534
0.000532127584926
0.00144613524535
0.000472196585647
1.58363528528
1.5837897661
1.58339194368
1.58541892895
1.5840782627
1.58488735494
1.58375209567
1.53206076377
1.16599152573
1.56682164696
1.53062808049
1.16966327588
0.955125409276
0.3545548903
0.960722666165
0.364397251813
-0.0004956698669
0.137150632756
0.00534396074298
0.000490191790476
0.147420869611
0.0075901980326
0.000348899063232
0.000748898498795
0.000226991884339
0.00185908097588
0.000482747707069
0.00155743268149
0.000398843786748
1.5833919784
1.58428142035
1.58363538381
1.58488738886
1.58375213016
1.58541903428
1.58407835785
1.1659914527
1.56903967325
1.53062801353
1.16966329996
1.56682139116
0.354554866153
0.960722693135
0.364397275277
0.00534396568533
-0.000495692556685
0.147420917693
0.00759015588188
0.000490086972843
0.000227012406072
0.00124880518303
0.00034896300389
0.0015574845675
0.000398849633743
0.00185922994896
0.000482796565389
1.58435809603
1.58771609234
1.58539087617
1.58679492749
1.58500731628
1.58896719776
1.58608385189
1.58135142491
1.58322323632
1.58145708692
1.58331468194
1.58143489681
1.58361651433
1.58160997742
1.57830855624
1.57980600385
1.57835287387
1.57980742379
1.57823586576
1.57985846428
1.57832799747
1.57568516395
1.57699715879
1.57582648707
1.57681329661
1.57552109363
1.57693962375
1.57570799808
1.57390060741
1.57483582595
1.57429526032
1.57420062984
1.57346907203
1.57466400675
1.57397887298
1.57329985808
1.57386741953
1.57534951568
1.57220357054
1.57172358433
1.57342230673
1.5741138184
1.57247917169
0.00375294776698
0.00750188894123
0.00458741587298
0.00783492271895
0.0127651035774
0.00960544698547
0.0115424012261
0.00961053164836
0.0125041162315
0.00966839915264
0.0112493722076
0.0109530923561
0.0112986943106
0.010638120258
0.0113639933455
0.0107678759802
0.0110197512915
0.0103512443676
0.00802013787736
0.00935330756752
0.00797628933266
0.00919078338079
0.00791658417223
0.00915238133445
0.00783400728639
0.00498342331752
0.00649765906838
0.00508870280456
0.0063798577146
0.00498585135087
0.00643381157061
0.00507649607777
0.00236220921177
0.00376491494529
0.00257549347975
0.00366102201487
0.00246187869799
0.00380171036405
0.00263889427444
0.000409338167611
0.00143019811423
0.000502338867748
0.00144637574906
0.00047230513045
0.00150119488124
0.00053222403411
1.60634699231
1.5941624047
1.60676574471
1.59381000685
1.5900636242
1.59343580578
1.59045338722
1.58138803236
1.58358315367
1.58162000845
1.57824112146
1.57979726338
1.57825841046
1.5756865891
1.57685000572
1.57559925805
1.57397670361
1.57450054478
1.57372508779
1.57279292713
0.00883225308965
0.00899444364427
0.0117210159537
0.0100631544979
0.0114106186502
0.0108046663368
0.0112260825881
0.010502611013
0.00809990516768
0.00928722722772
0.00795387188075
0.00527691979799
0.00656483389961
0.00524213927039
0.00289878047936
0.00398958544881
0.00290500091626
0.00149822698031
0.00113763025508
0.00317328572714
0.00117921986375
0.0014791086095
0.00115973241346
0.00319061987926
1.58131648889
1.58313349639
1.58123616447
1.5837928765
1.5814620555
1.58356973517
1.58136692994
1.5779855922
1.57962646009
1.57792253547
1.57959382125
1.57797062904
1.5795224924
1.57790108552
1.57483106529
1.57634560581
1.57450741995
1.57639614446
1.57478985697
1.57624467189
1.5744606387
1.57130331974
1.57258684635
1.5693731511
1.57304563092
1.57099972129
1.5722949626
1.56899751292
-0.0298121059923
-0.0167021712403
-0.0348996041765
-0.0127845983067
0.0118314262888
0.0181335290101
0.013865641274
0.0108723313166
0.0111346652076
0.0172379092377
0.0127742627652
0.00994899453566
0.0116917568061
0.0098592371267
0.0107284670543
0.00978359824451
0.0109744963166
0.00958255531294
0.00735443797758
0.008529046386
0.00714245294286
0.00859069407052
0.00731721832702
0.00834697545782
0.00707241901184
0.0047168518408
0.00588932621224
0.00456660161326
0.00603331929086
0.00478253142797
0.00584112720206
0.0046222558719
0.00235848096049
0.00337920055828
0.0022233692368
0.00361354454936
0.00254123931223
0.0034772825335
0.0024270172648
1.58123617811
1.58331985717
1.58131654845
1.58356975401
1.58136694552
1.58379294547
1.58146210234
1.57792253768
1.57967205383
1.57798561539
1.57952249923
1.57790108572
1.57959385957
1.57797064399
1.57450741645
1.57648252541
1.57483104152
1.57624465382
1.57446062199
1.57639613198
1.57478983184
1.56937311353
1.57326445731
1.57130322018
1.57229494046
1.56899746657
1.57304555355
1.57099959932
0.769282385795
0.967806698485
0.77361518256
-0.0723444621067
0.023414117547
0.168164029253
-0.0822956461752
0.0319153404415
0.013865634447
0.0113959197522
0.0118313020526
0.017237901417
0.012774239556
0.0108721720941
0.0111345164476
0.00985918603081
0.0111835704005
0.00994893491695
0.0109744906175
0.00958252083307
0.0107284090291
0.00978351222212
0.00714242163032
0.00872111305576
0.00735451392527
0.00834696540298
0.00707243365887
0.00859072411863
0.00731729045765
0.00456664123929
0.00605819954826
0.0047170317335
0.00584110443654
0.00462230960889
0.00603341228737
0.0047827606965
0.00222342661075
0.00351500945229
0.00235867588025
0.00347732347567
0.00242706877508
0.00361370838873
0.002541469443
1.59600729698
1.59312689997
1.60967228979
1.59969224174
1.59442170011
1.59449937441
1.61200759837
1.57295105088
1.57333536921
1.57331570458
1.57271161974
1.57305717132
1.57314319949
1.57329847915
0.010133092042
0.0104511511466
0.0099348226078
0.010018464246
0.0102321320141
0.0103344208501
0.0098926128522
1.59600703766
1.60967200572
1.59312663028
1.59969199782
1.59442142185
1.61200733744
1.59449912745
1.57295140565
1.5733160446
1.57333573553
1.57271191379
1.57305755491
1.57329879354
1.57314349829
1.57329458852
1.57416490801
1.57350468224
1.57387218059
0.00922051828114
0.00922576582085
0.00911585253461
0.00915613983271
0.00919745759232
0.00926377208884
0.00913451562785
0.010133286295
0.00993518555978
0.0104513078686
0.010018776792
0.0102323885737
0.0098927744561
0.0103345373143
0.00165066191496
0.000303853167827
0.000289623061627
0.000239434563525
0.00142941812544
0.000330940312505
0.000565334585879
1.57147310554
1.57170041346
1.56878579917
1.56997709699
1.57143462395
1.57116630814
1.56872903688
1.57035048566
1.56934889024
1.57004604898
1.56772193677
1.57034688253
1.56818647588
1.57148578729
0.00700506056557
0.00803619988932
0.00744345913236
0.00585855602455
0.00787235576719
0.00577303076595
0.00704410968524
1.50680218363
1.3961726904
1.17544592659
1.50796466097
1.39725985603
0.769282330969
0.967806731562
0.77361516006
0.568443697247
0.378605586751
0.574435240034
-0.00404875414122
-0.0040899236606
0.0111888366126
0.00441808957384
-0.00573259712421
-0.00262637783184
0.0109031974327
-0.0723443465258
0.0234140911238
0.168164107866
-0.0822955780468
0.0319153399986
-0.00157945507259
0.00639470268478
0.000998696179728
0.012486121514
0.000199580681463
0.0110763732506
0.00278261305442
1.50680215545
1.39617269515
1.17544588058
1.50796461892
1.39725985116
0.568443777756
0.378605549745
0.57443524184
-0.0298123034129
-0.0167024653903
-0.0348999029059
-0.012784914618
-0.00404894136887
0.0111887362268
-0.0040901419984
0.00441787922926
-0.00573272237758
0.0109031401852
-0.00262660300188
-0.00157968493926
0.00639425023705
0.0124858635338
0.000998490166636
0.0110760593387
0.00019902297754
0.00278255063875
1.57147279659
1.56878553861
1.57170003894
1.56997680403
1.5714343127
1.56872878963
1.57116596783
1.57035018969
1.56934861409
1.56772167284
1.57004574354
1.56818621449
1.57034661504
1.57148549343
0.00700489084026
0.00803605473044
0.00585813834703
0.00744333953444
0.00577270684088
0.00787229743047
0.00704389193993
1.57329417898
1.57416448418
1.5735042378
1.57387182258
0.00922049520299
0.00911569508774
0.00922550794052
0.00915574190323
0.00919746132099
0.00913420881048
0.00926361417682
0.00165095731451
0.00028983126521
0.000303923863286
0.000239499598487
0.00142967363706
0.00056554245578
0.000331052762462
1.62922003418
1.6007197837
1.60566183443
1.60540313011
1.61780670726
1.60106635175
1.59711614114
1.58970933502
1.59294345212
1.59509602589
1.59328327165
1.58843429496
1.58888870682
1.59218105885
1.59995759416
1.61025113088
1.6127180606
1.59841790154
1.59319129793
1.59471899229
1.59678367919
1.59175225823
1.5876039932
1.58713454538
1.58991008971
1.58791760449
1.59086021202
1.59069765825
1.58645306191
1.5837851987
1.58417366552
1.58400472682
1.58621116286
1.58607080902
1.58407142674
1.58135847801
1.58244180432
1.58260495407
1.58253160487
1.58138608799
1.58132193759
1.58267078802
1.583592755
1.585648225
1.5848500577
1.58352126062
1.58540828123
1.58364193232
1.58308498446
1.5822935667
1.58118969656
1.58094271966
1.58246610867
1.58114744647
1.58243822238
1.58206157455
1.58033236162
1.57936993243
1.57942907785
1.57942048318
1.58040480606
1.58031564104
1.57946988426
1.57783967041
1.57858059809
1.57860043489
1.57859665712
1.57788953745
1.57783907117
1.57866353105
1.57933972438
1.58029446729
1.58010876111
1.57942997966
1.58020791352
1.57937179316
1.57924615246
1.57854482998
1.57782916379
1.57776838383
1.57865718898
1.57779513883
1.57860217667
1.5785238543
1.57709378227
1.57640580359
1.57641064145
1.57641505927
1.57715881029
1.57709370243
1.57648233327
1.57510063389
1.57571453121
1.57571834516
1.57572415
1.57522223087
1.57511392435
1.57580750097
1.57638092205
1.57710312313
1.57707934903
1.57646585536
1.57705735513
1.5764266262
1.5763925399
1.57568749334
1.57515452558
1.57513076143
1.57578011802
1.57507865623
1.57573639005
1.57575277661
1.57445847274
1.5739452679
1.57393513674
1.57396224899
1.57459658081
1.57447434105
1.57414365474
1.5730501453
1.57335164844
1.57339190169
1.57342693499
1.57338978671
1.57310244705
1.57362020206
1.57392073449
1.57449141599
1.57453722085
1.57409250613
1.57442781341
1.57405085869
1.57401472074
1.57337663282
1.57328047569
1.57320570231
1.57356221958
1.57307418656
1.57348143443
1.57355113972
1.57271289725
1.57269477342
1.57273686506
1.57280649362
1.57305224238
1.57277402129
1.57316107562
1.57325652433
1.5729871403
1.57302782299
1.57343810642
1.57285489778
1.57293494751
1.57284978968
1.57344089328
1.57273572809
1.57320173316
1.57299666326
1.57323256755
1.57421473558
1.57389741453
1.57346509819
0.00946750970281
0.00927271360141
0.00937073261456
0.00938533287082
0.00935825049542
0.00945304994854
0.00932505650855
0.00936135862054
0.00930940614079
0.00936180255216
0.00914096784783
0.00943522555503
0.00928423655756
0.00927189466026
0.00987895634558
0.0101658064369
0.0101463188642
0.010116562237
0.00980306221033
0.00986490644045
0.00998114901653
0.010645131369
0.0105570414094
0.0104829680453
0.0104838807543
0.010530868667
0.0106449405064
0.010352670185
0.0102607243208
0.00998532622455
0.0100115736105
0.0101817201631
0.00997729915172
0.010167706983
0.0103395789604
0.0107214037264
0.0108761308779
0.0110849310285
0.0107711788411
0.010883079604
0.0106970911834
0.0109305104252
0.0106128890118
0.0105593816133
0.0104783902912
0.0104815084819
0.0104775347671
0.0106097457366
0.0103892069592
0.00977082102417
0.0101921100587
0.0101540105214
0.0101529159562
0.00970919409587
0.00977746994971
0.0100548455107
0.0106892277557
0.0107682048517
0.0110113095065
0.0106864867884
0.0108203513946
0.010687751838
0.0108591623129
0.0103139279835
0.00992199846929
0.0100658840275
0.0102663085547
0.00992536523989
0.010269316215
0.0104836094482
0.00923974507456
0.00869451062284
0.00870006588713
0.00870574440862
0.00916522904543
0.00923775122407
0.00864441069286
0.00746424574104
0.0080571949719
0.0080754821793
0.00807532616132
0.00741409378864
0.0074712626751
0.00801984409288
0.00879041187349
0.00928964587069
0.00944300057208
0.0087538200618
0.00933346471434
0.00876435139298
0.00887423694509
0.0081258324897
0.00747252088813
0.00756640746428
0.00805250677214
0.00751665369861
0.00808175586089
0.00819281006067
0.00680107068621
0.00612903446644
0.0061700503589
0.00617616630844
0.00675455990462
0.00680169577858
0.0061212045284
0.00489240315793
0.005481590752
0.00551150402492
0.00551175362544
0.00484797628557
0.004896962155
0.00547321797332
0.00619701362276
0.00677429595312
0.00685886567463
0.00612667759419
0.0068240150215
0.00613866199213
0.00622008021718
0.00551936304107
0.00484374486902
0.00491932091952
0.00544190625669
0.00490524778318
0.00546962870227
0.00554168044512
0.00425583482985
0.00362760057468
0.00366373546727
0.00366443509533
0.00422418554624
0.00425397722478
0.00362138958352
0.00249925191773
0.00304009844343
0.00306088883732
0.00305592608403
0.00243626141606
0.00249698818168
0.00302967785854
0.00366237606462
0.00420717487979
0.00427048098162
0.00360325639023
0.00425269291349
0.00360333689941
0.00366849232072
0.00305266409257
0.00239412557734
0.00250741826531
0.00301307219338
0.00251372305731
0.00300736838741
0.00307469773037
0.00194222517816
0.00137810977066
0.00144195273849
0.00133929911476
0.00188190356563
0.0019214075438
0.00129687587315
0.000307719883704
0.000927063091189
0.000265055786834
0.000907281743622
0.000286824161052
0.000791998719153
0.000739168276424
0.00136382241711
0.0018398258727
0.00200837164907
0.00128079482008
0.00193733747569
0.00130076729315
0.00136299756457
0.000274939504853
0.000307000738498
0.00030195114092
0.000812773245937
0.00077352681871
0.000778762105273
0.000813352425133
1.57330971243
1.57202301208
1.57236517061
1.57157928523
1.57242370119
1.57280350353
1.57249813121
1.5700476106
1.56772075635
1.57148542806
1.57035267929
1.56934773833
1.57034857419
1.56818565228
1.57147249821
1.56997534043
1.57170100227
1.56878208793
1.57116697439
1.56872559582
1.57143459889
1.56793247021
1.56838311474
1.56813591813
0.00891287809173
0.00855917622377
0.00836216386114
0.00844815788589
0.00904208536624
0.00896326924957
0.00872065900826
0.00762912793581
0.00614475075358
0.00735720329863
0.00734472125402
0.00753382875011
0.00793922982252
0.0058432931621
0.00832421089695
0.00880080726566
0.00849523310018
0.00841799352177
0.00882048179059
0.00847209408715
0.00792897166701
0.00699966265213
0.00682030816304
0.00686863722305
0.00487028572355
0.00713000290659
0.00560526701507
0.00621391112574
1.40415627262
1.5071712931
1.49992076303
1.17941657871
1.39481871055
1.56355787362
1.5644288792
1.56453003402
1.55551249833
1.56301218039
1.55467389409
1.5660679966
1.50680254462
1.17542105443
1.39616726833
1.39725411887
1.50796491458
0.781107481686
0.972113400088
0.777531826061
0.584742668987
0.38691827682
0.580236647705
0.96776313774
0.769215363093
0.77354824598
0.378429394624
0.568338281743
0.574332381058
0.00174548302354
0.012978603111
0.0043328021717
0.000886360132056
0.00633446754921
0.00102590612066
0.0116668142675
0.0499649525112
-0.0329245985653
-0.049145981921
0.184523535595
0.0477876165905
-0.0270202463159
-0.0189187772176
-0.0146550241896
-0.0316926556348
-0.07213943076
0.167862832926
0.0226824408944
0.0311810639348
-0.0818962541376
1.4041563122
1.50717130124
1.49992075396
1.1794165726
1.39481873112
1.5502840012
1.55795738012
1.55033162055
1.56052756321
1.56194100347
1.55278011331
1.56049503078
1.50680250252
1.17542104065
1.39616726978
1.39725412361
1.50796487147
1.56355775841
1.56442870384
1.5555123746
1.56452984827
1.55467375918
1.56301201568
1.56606784051
0.584742698648
0.386918236459
0.580236669256
0.967763142651
0.769215336623
0.773548243627
0.378429421745
0.568338311116
0.574332366047
-0.00566551487269
-0.0136217847119
-0.0197014150625
-0.00767931346414
0.0129783430271
0.00174497118095
0.00433245333189
0.00088608202714
0.00633408100515
0.0116666077359
0.00102541867579
-0.0721396505392
0.167862887562
0.022682419472
0.0311809798708
-0.0818963339257
-0.0270204877845
-0.018919008286
-0.0146551810316
-0.0316928503713
1.56772058557
1.57004735436
1.57148520261
1.57035243924
1.5693475586
1.56818549851
1.57034829332
1.57202274478
1.57330943384
1.57236494978
1.57157903925
1.5724233613
1.57249781986
1.57280323119
1.57147224063
1.56997514141
1.56878186473
1.57170071675
1.56872540333
1.57116669239
1.57143431746
0.00614419006883
0.00762869688324
0.00735671460631
0.00734428526614
0.00753351292175
0.00584283715466
0.00793886890752
0.00855878054718
0.00891254205681
0.00836171186922
0.00844773282905
0.00904175540811
0.00872040132042
0.00896291120299
0.00699921697166
0.00682002919291
0.00486999355445
0.00686842514947
0.00560492396885
0.00712961492511
0.00621358851289
0.00832376674598
0.00880039243419
0.00841769394865
0.00849477594679
0.00847178116414
0.00881996047261
0.00792865959122
1.59294384974
1.5897097937
1.59509648815
1.5932837527
1.58843470682
1.59218148788
1.58888919033
1.59995800899
1.61025159506
1.61271853043
1.59841838352
1.59319172578
1.59471942877
1.59678416339
1.59175275437
1.5876044192
1.58991052117
1.58713500275
1.59086065671
1.58791809625
1.59069815193
1.58244214401
1.58135880171
1.58260533709
1.58253199809
1.58138638839
1.58267113363
1.58132227458
1.58359318976
1.5856486371
1.58352164071
1.58485048512
1.58364233025
1.58540873623
1.58308539069
1.5822939509
1.58119000761
1.58246645483
1.58094305141
1.58243856308
1.58114777389
1.58206194488
1.57858074678
1.5778397649
1.57860059657
1.57859681477
1.57788964092
1.57866368715
1.57783917669
1.57933995445
1.58029471982
1.57943019701
1.58010902868
1.57937201649
1.5802081974
1.57924637871
1.57854501111
1.5778292821
1.57865735916
1.57776851418
1.57860234662
1.57779525863
1.578524042
1.57571449986
1.57510053745
1.57571828258
1.57572406976
1.57522216687
1.575807456
1.57511379822
1.57638090237
1.5771031927
1.57646588259
1.57707942053
1.57642663772
1.57705741723
1.5763925503
1.57568743208
1.57515445101
1.57578010099
1.57513067917
1.57573635474
1.57507853331
1.57575271388
1.57335145127
1.57304995595
1.57339168517
1.57342670018
1.57338961297
1.57362000632
1.57310222057
1.57392051768
1.57449128657
1.57409236521
1.57453708188
1.57405068493
1.57442763405
1.57401453055
1.57337639279
1.57328025943
1.57356202956
1.57320543921
1.57348121824
1.5730739321
1.57355091264
1.57325621954
1.57298682265
1.57302748578
1.57343777278
1.57285455538
1.57293469439
1.57344057048
1.57284948558
1.57320142629
1.57273544331
1.5729962838
1.57323217112
1.57421434459
1.57389704502
1.57346465485
0.00927257214004
0.00946713442299
0.00937057825577
0.00938506703734
0.0093578703476
0.00932494679189
0.00945256035543
0.00936108635259
0.0093090073438
0.00914054080356
0.00936131832523
0.00928395902805
0.00943488196478
0.00927154209612
0.0105565711522
0.0106447479443
0.010482580584
0.0104835403618
0.0105304355227
0.0103522676872
0.0106446288201
0.0102604163306
0.00998503106783
0.0101814222785
0.0100112264684
0.0101673969915
0.00997706330768
0.0103391912656
0.0107211287259
0.0108758432872
0.010770929489
0.0110847238581
0.0106968375405
0.0108829295945
0.0109302880853
0.0101919969721
0.00977103430264
0.0101540446673
0.0101529270731
0.00970916902467
0.0100547675617
0.00977759870974
0.0106891743635
0.0107679534516
0.0106863534578
0.0110110985775
0.01068769792
0.0108202275721
0.0108590782792
0.0103139956848
0.00992203187861
0.0102662945933
0.0100660679518
0.0102692147104
0.00992547705396
0.010483645241
0.00805761375339
0.00746486108909
0.00807610815713
0.008075875001
0.00741453536487
0.0080202577936
0.00747185317289
0.00879082056632
0.00928975488315
0.00875407658965
0.00944318182348
0.00876465930762
0.00933374064885
0.00887455694434
0.00812638454441
0.00747299089944
0.00805286805275
0.00756700938415
0.00808212728017
0.00751727197473
0.0081933031901
0.00548214136298
0.00489301980812
0.00551206332418
0.0055122835926
0.00484860716506
0.00547374623755
0.00489748134397
0.00619756566128
0.00677483512151
0.00612722819413
0.00685947461698
0.00613919232365
0.00682464369291
0.00622065849118
0.0055199581156
0.00484433900543
0.00544246316035
0.00491997931621
0.00547018437272
0.00490578260317
0.00554220629116
0.00304053018188
0.00249954419861
0.00306116537393
0.00305618394587
0.00243677596321
0.0030301244896
0.00249722722341
0.00366272733727
0.00420774112163
0.00360381833528
0.00427107495489
0.00360378562679
0.00425317598169
0.00366898565122
0.0030529682156
0.00239451146475
0.0030135171789
0.00250781401146
0.00300775136622
0.00251398029006
0.00307504991768
0.00092704052994
0.000307695899947
0.000265058002215
0.000907235893491
0.000286777492962
0.000791992066387
0.000739177662915
0.00136395375202
0.00184010220195
0.00128104917064
0.00200867266465
0.00130087574671
0.00193750778149
0.00136326576128
0.000274954285862
0.000307000340394
0.000301851236953
0.000812815896143
0.000773684535795
0.000778836948358
0.000813391606579
1.60861252369
1.59487069702
1.60753877509
1.59453196835
1.59203275909
1.59544806128
1.59113002378
1.58888141885
1.58496215493
1.58905783665
1.58641625924
1.58956776821
1.58422962599
1.58838092365
1.59421002164
1.60638061329
1.60683275597
1.59389231909
1.59009417411
1.59051610829
1.59347259469
1.5883643971
1.5860610672
1.58353098999
1.58754169199
1.58384806945
1.58789785313
1.58801184135
0.00146794412551
0.00297834685075
0.00125235545502
0.00117365114947
0.001495209202
0.00300726984522
0.00118729169253
0.000321578502218
0.00027361940626
0.00031733557201
0.00084909262652
0.000778623853782
0.000857564229544
0.000752672158574
0.00148366919954
0.00117485412982
0.00316130365293
0.00113584337306
0.00317604731666
0.00115905358371
0.00147254976145
0.000263437078273
0.000307920334171
0.000312349645074
0.000848967768132
0.000724213832681
0.000735035474649
0.000842755105879
1.58888188496
1.58905825951
1.58496259311
1.58641667093
1.58956823066
1.58838135468
1.58423006937
1.59421041144
1.60638100916
1.60683319308
1.59389276998
1.59009456051
1.59051652482
1.59347302679
1.5883648621
1.58606147038
1.58754209076
1.58353142288
1.5878982663
1.58384850737
1.58801227709
0.00032159157873
0.000273699776425
0.0003173502836
0.000849242348559
0.00077876222959
0.000857679638468
0.000752821502792
0.00148398954001
0.00117520503378
0.00113612021355
0.00316177155419
0.00115932946785
0.00317647187974
0.00147296220676
0.000263483061874
0.000307963226459
0.000312330644667
0.000849210895743
0.000724470452485
0.000735210502727
0.00084298315571
1.60610431865
1.59338205974
1.6059727334
1.59308735295
1.58984149422
1.59321255158
1.58971454027
1.58768538972
1.5833663075
1.58733618629
1.58549878126
1.58779228556
1.58327071875
1.58722603973
1.59337942165
1.60608752107
1.60596811573
1.59308270938
1.58982455125
1.5897105896
1.5931952944
1.58768246937
1.58549941232
1.58336857443
1.58732185186
1.58327225488
1.58722309606
1.58778142626
0.00148582105695
0.00325566378852
0.00113626457376
0.00106732169203
0.00148993557979
0.00325046159292
0.00112727908883
0.000307383086159
0.000255034117174
0.000305193112366
0.000844122041753
0.000722850904039
0.000846857070655
0.000717871100908
0.00148687528985
0.00106841492742
0.00325989468526
0.00113756141479
0.00325339213035
0.00112761294824
0.00149264024969
0.00025479429997
0.000306763483859
0.000305085747974
0.000844685361854
0.000723513012781
0.000717940773607
0.000848463071751
1.58768577979
1.5873365579
1.58336670906
1.58549914453
1.58779268834
1.58722640186
1.58327109844
1.59337974472
1.60608783364
1.6059684731
1.59308307825
1.58982487053
1.58971093277
1.59319564728
1.58768284526
1.5854997593
1.58732218478
1.58336892938
1.58722344631
1.58327262076
1.58778178391
0.000307430885537
0.000255118439121
0.000305227470382
0.000844258669388
0.000723096335902
0.00084705281546
0.000718034026355
0.00148707561248
0.00106868403189
0.00113778588499
0.00326020513365
0.00112783364944
0.00325365144461
0.00149291276501
0.000254841490473
0.000306789511069
0.000305062360265
0.000844836771056
0.000723705888033
0.000718098397876
0.000848590679847
1.60634668591
1.59416212971
1.6067654634
1.59380970694
1.59006331592
1.59343548606
1.59045309758
1.58831066722
1.58353998332
1.58751519346
1.58606203842
1.58798952418
1.58387903475
1.58783833707
1.59480279754
1.60844516169
1.59185318165
1.60742298404
1.59513259148
1.59436951471
1.59103960042
1.58536705002
1.58863651472
1.58975729618
1.58878876924
1.58644307049
1.58434231128
1.58829269655
0.00149808506396
0.00317298739454
0.00113741443434
0.00117895215127
0.00147895789469
0.003190408099
0.00115957709211
0.000306664391309
0.000260567603964
0.000309910071628
0.000858081118261
0.000724065919811
0.00084650003752
0.000733662263376
0.00301197362516
0.00125436852843
0.0014746807507
0.00149735974733
0.00117456086633
0.0030140712729
0.00116981568246
0.000268244275961
0.000289729499728
0.000712197857936
0.000312364904412
0.000853879084256
0.000868002776771
0.000744487505358
1.58831097938
1.5875154988
1.58354030424
1.58606232945
1.58798984802
1.58783863257
1.58387933955
1.59480306647
1.59185345193
1.60844544536
1.60742327555
1.59513287518
1.59436980961
1.59103987788
1.58863678402
1.58536733007
1.5897575769
1.58878907507
1.58644335372
1.58829298015
1.58434260142
0.000306687098034
0.000260623149082
0.000309922855535
0.000858111145052
0.000724236192069
0.00084654760131
0.000733745578086
0.00125465247446
0.00301228986396
0.00147497288348
0.00149752495275
0.00117485001987
0.00117006374888
0.00301430371465
0.000268281342639
0.000712382129124
0.000289774611646
0.000312377138837
0.000854040222585
0.000868132985436
0.000744651610609
1.59967981668
1.59587542041
1.60941319479
1.59441750749
1.59716374531
1.59305684994
1.59392879029
1.59467590905
1.60781003758
1.59573718154
1.59198791439
1.59173286988
1.59103042765
1.59274639788
0.000232208856762
0.00164201372195
0.000279519887192
0.000550806270805
0.000188933622686
0.000181982612594
0.00155014340252
0.000156862157497
0.000305139185556
0.000188010914308
0.000215891292619
0.00180130439776
2.42718634227e-05
0.00185162608504
1.59399009624
1.60555192869
1.59354184682
1.58996652752
1.59115321936
1.59041419496
1.59070357135
1.59315471366
1.60528569001
1.59328348431
1.58972541706
1.5903589551
1.5895925559
1.59048909439
0.000153687940776
0.000283826387737
0.000134691415867
-8.06129726745e-05
0.00197881597052
3.0307443984e-05
0.00194278158897
0.000113678949065
0.000279885682704
0.000119381418739
-0.000106388270358
0.00197872134014
-0.000141198572287
0.00199370235251
1.59315472941
1.6052857485
1.59328353435
1.58972546389
1.59035898096
1.58959257445
1.59048913797
1.59399021221
1.6055520201
1.59354194252
1.58996662436
1.59115333742
1.59041430793
1.59070366513
0.000113759916882
0.000279942926922
0.000119446598963
-0.00010632035838
0.00197870928299
-0.000141199830628
0.00199377690122
0.000153652357721
0.000283868932909
0.000134655430202
-8.06212468931e-05
0.00197889794413
3.04220949734e-05
0.00194282530597
1.59467606983
1.60781022106
1.59573736171
1.59198808613
1.59173302109
1.59103058257
1.5927465623
1.59968003013
1.60941339206
1.59587562516
1.59716394395
1.59441772235
1.59305705692
1.59392898327
0.000156942026897
0.000305174577493
0.000188043086705
0.000216092756116
0.00180147086625
2.43920893251e-05
0.00185183482949
0.000232259240019
0.000279543897286
0.00164219899394
0.000188915903406
0.000550987288096
0.000182023106563
0.00155029519861
1.59602304034
1.6095138417
1.59983103929
1.59402416433
1.5945716908
1.59726345886
1.59315910152
1.60557521155
1.59118264932
1.59402293971
1.59072336258
1.59356411373
1.58999304688
1.59045179768
1.60530423613
1.5903724615
1.5931697304
1.59050550363
1.59330150351
1.58974753931
1.5896113973
1.60788096015
1.59177182937
1.59472265653
1.59280935689
1.5958114638
1.59206339496
1.59108062472
-0.0222683365401
-0.0356546015015
-0.0383959498815
-0.024758888906
0.765474011297
0.958205112117
0.762418391011
0.0148456002938
-0.0904325005043
-0.0945944555494
0.142214057095
0.0101929055244
1.57363249766
1.5736053625
1.57332676401
1.57351658029
1.57287033769
1.57380842956
1.57379613872
0.0104486310225
0.00996611413367
0.0102413029268
0.0102926703146
0.0101073878194
0.0105813817568
0.00998287390549
-0.0412137524673
-0.0269899034867
-0.0409310420774
-0.0272625632326
0.757547186146
0.953940291212
0.757062015235
-0.0988771629518
0.00500974014626
0.135695790166
-0.0985509345601
0.00455420635213
1.57411728693
1.57433385344
1.57433920466
1.57332829857
1.57405787904
1.57438969608
1.57439316438
0.0103497446802
0.0106816010609
0.00995454174938
0.0101171749489
0.0103465438775
0.0106877879251
0.00994824297
-0.0397984629529
-0.026818822675
-0.0407439397107
-0.0259299784608
0.758546597082
0.956421139285
0.760160189203
-0.0968223580421
0.00568934868206
0.139070507903
-0.098234034228
0.00751181613516
1.57375693004
1.57418729941
1.57419728396
1.57306533105
1.57391407732
1.57403516442
1.5740612886
0.0103111270058
0.0106749330339
0.00995390401673
0.0101014218024
0.0103437424632
0.0106326633752
0.00994366440186
1.6078806447
1.59177156234
1.59472238006
1.592809072
1.59581116977
1.59206310336
1.59108036161
0.00165091539917
0.000285836781177
0.000240727585238
0.00155617825239
0.000570569169717
0.000193816922016
0.000191193276566
0.000309952569164
0.00180435095058
0.000159149264096
0.00185673003997
0.000190370463179
0.000223275590059
3.04867034723e-05
1.60530415329
1.59037242643
1.59316969573
1.59050542297
1.59330141881
1.58974746042
1.58961136254
0.000287509432071
0.00198286132293
0.000156643642288
0.00194623328885
0.000137445582168
-7.40519249512e-05
3.77601068154e-05
0.000283457473548
0.001982785522
0.000116373276631
0.00199792008464
0.000122101468955
-9.95569795587e-05
-0.000134661006832
1.60557539554
1.59118286037
1.59402316254
1.59072351742
1.59356427324
1.58999320152
1.59045199767
0.000283451824532
0.00198273437328
0.000116440080551
0.00199795698798
0.0001220874403
-9.94866948805e-05
-0.000134690312342
0.000287455429535
0.00198293783561
0.000156645945454
0.00194607375495
0.000137489304793
-7.41214767433e-05
3.78186246411e-05
1.6095141993
1.59602340738
1.59983141731
1.59402450119
1.59726380524
1.59457206921
1.59315943877
0.000310078837797
0.00180443941097
0.000159347451945
0.00185701450416
0.000190545034665
0.000223533305956
3.06065949457e-05
0.000285929242986
0.00165102236202
0.000240798227862
0.00155628996267
0.000193918407906
0.000570770147707
0.000191371404187
1.57360567392
1.5736328632
1.57332715347
1.57351697371
1.57287064334
1.57379646092
1.57380881204
1.57375524627
1.57306330466
1.57419080939
1.57418812114
1.57405139918
1.57403718145
1.57391343478
0.0092096216938
0.00900124753452
0.00915306106421
0.00911133328786
0.00901496365584
0.00915248435224
0.00898581448072
0.00901466079415
0.0089086896945
0.00901599846077
0.00879487268514
0.0090635456643
0.00884829949154
0.0089592430521
0.00996646846492
0.0104487979603
0.0102415510871
0.0102928708829
0.0101076824286
0.00998318052622
0.0105815191245
0.0103110031277
0.0101246567935
0.00997585441406
0.0106795355462
0.00997125167672
0.0106341517171
0.0103465545911
1.39689327783
1.51033324944
1.51127580274
1.16793534963
1.39682834678
1.51224654523
1.16682253359
1.39711638483
1.39713627321
1.51267042924
0.765474005291
0.958205122687
0.762418338481
0.563343030971
0.359755742618
0.559496154949
0.956411057495
0.758545357639
0.760149981478
0.356641446915
0.554847418195
0.556733988886
0.0148455716077
-0.0904325142565
-0.0945944922369
0.142214057996
0.0101928985401
-0.0395001740653
-0.0267022895346
-0.025696188618
-0.0405979991674
-0.096616244595
0.13913778609
0.00577240800584
0.007613735189
-0.098099555812
1.39689328209
1.51033319568
1.51127573146
1.16793533532
1.3968283359
1.51224648182
1.16682250823
1.39711635396
1.39713626586
1.5126703511
0.563343034196
0.359755709162
0.559496137032
0.956411035026
0.758545297271
0.760149955783
0.356641437909
0.554847397862
0.556734019394
-0.0222685206153
-0.0356547118803
-0.0383959800954
-0.0247589657561
-0.0966162319144
0.139137773792
0.00577245158843
0.00761381136773
-0.0980995346682
-0.0395002479264
-0.0267024320054
-0.0256962477175
-0.040598091556
1.5737548764
1.5730629961
1.57418778755
1.5741905058
1.57403680591
1.57405106593
1.57391310382
0.00900084972052
0.00920920949025
0.00915263013847
0.00911090389965
0.00901461805287
0.00898547794222
0.00915208537293
0.00901419204119
0.00890833607916
0.0087945076662
0.00901555723917
0.00884797851218
0.00906310019306
0.00895889385442
0.0103107368305
0.0101244268464
0.0106793398251
0.00997547977715
0.0106339671892
0.00997100797929
0.0103463555386
1.57411769134
1.57433956974
1.57433424702
1.57332862263
1.57405829171
1.57439353629
1.5743900672
1.57411799163
1.57332913119
1.57434147652
1.57433480083
1.57439506634
1.5743899982
1.57405858114
0.00886902781104
0.00895932434929
0.00870405813031
0.00877904158279
0.00889521304135
0.00893666664153
0.00868103978311
0.00886054387591
0.00877242781766
0.00893768699031
0.00868313543198
0.00892910161207
0.00867334478413
0.00887102300456
0.0103499081378
0.00995478073745
0.0106816638022
0.0101173623582
0.0103466941068
0.00994846644456
0.0106878747979
0.0103495541705
0.0101138637553
0.00994165838388
0.0106778963779
0.00994392263202
0.0106871716442
0.0103432251611
1.51318511849
1.39723940565
1.16526516183
1.51306274463
1.39723096879
1.5131853471
1.16526541415
1.39723886492
1.3972311799
1.51306222249
0.75754717676
0.953940312879
0.75706201268
0.553693162538
0.352781995568
0.553141944365
0.95394032648
0.757545486773
0.757061044006
0.352775379505
0.553684789059
0.553138543769
-0.0988772001458
0.0050096742988
0.135695745184
-0.0985509717333
0.00455425336879
-0.0412345145602
-0.0270619252731
-0.0272810108826
-0.0410114503576
-0.0988991790201
0.135681790373
0.0049605425137
0.00453854963166
-0.0986247393262
1.51318500445
1.39723935949
1.16526510529
1.51306263665
1.39723092601
1.51318527261
1.16526536706
1.39723882167
1.39723116776
1.513062145
0.553693124683
0.352781954894
0.553141938219
0.953940275269
0.757545381877
0.75706101453
0.352775390128
0.55368474422
0.553138607606
-0.0412138490879
-0.0269901093936
-0.0409311026381
-0.0272627166678
-0.0988991880559
0.135681759384
0.00496054214376
0.00453855655432
-0.0986248294284
-0.0412345857161
-0.0270620617196
-0.0272811978233
-0.0410115581227
1.57411758849
1.57332878714
1.57433444781
1.57434113143
1.57438961631
1.57439470227
1.57405822601
0.00886866905766
0.0087036793182
0.00895900581926
0.00877874030307
0.00889487185504
0.00868065373789
0.00893630202905
0.00886027824154
0.0087721062055
0.00868281689557
0.00893742916741
0.00867300206544
0.00892879895377
0.00887093401793
0.0103493666727
0.0101137942468
0.0106778086286
0.00994142984725
0.010687079692
0.0099438680165
0.0103431490212
1.57375736182
1.57419764772
1.5741877128
1.57306567335
1.5739145109
1.57406166794
1.57403555542
1.57365819469
1.57359448314
1.5733261012
1.57351806003
1.57287255827
1.57380429315
1.57380091435
0.00895759985866
0.00897844851704
0.00875231529737
0.00885474047665
0.00891783651073
0.00901061290897
0.008786362317
0.00913173365175
0.00897095020769
0.0091000171791
0.00904949735103
0.00895822675456
0.00909040422156
0.0089191438788
0.0103112457271
0.00995407800987
0.0106749836591
0.0101015549096
0.010343804601
0.00994381926699
0.0106327480826
0.00992689141034
0.0105050766021
0.0102251904261
0.0102953197169
0.010089836679
0.00995293305914
0.0105829683402
1.51224658925
1.39711699997
1.16682900893
1.51267088702
1.39713740538
1.39689772885
1.51033338054
1.51127600459
1.16794789649
1.39683113689
0.758546569913
0.956421141973
0.760160164204
0.554839332374
0.356628380891
0.556736187457
0.765522445124
0.95822576707
0.762444946225
0.563408732561
0.359776396828
0.559522613566
-0.0968223264257
0.00568936746545
0.139070562638
-0.0982340106283
0.00751191292484
-0.0221249971747
-0.0365485569661
-0.0388593799791
-0.0251227351627
0.0149072243188
-0.0906959056346
-0.0948337300899
0.142177612013
0.0101108824547
1.51224648725
1.39711696871
1.16682895248
1.5126707794
1.39713738435
1.39689774222
1.51033333879
1.51127592145
1.1679478744
1.39683111934
0.5548393111
0.356628381664
0.556736177097
0.765522461867
0.958225750298
0.762444967087
0.563408797692
0.359776439859
0.559522643777
-0.0397985538
-0.0268189577472
-0.0407439468108
-0.0259301765499
0.0149071893569
-0.090695985995
-0.094833879631
0.142177548922
0.0101108037706
-0.0221251759224
-0.036548719983
-0.0388594904158
-0.0251228977755
1.57359410126
1.57365785516
1.5733257086
1.57351764007
1.57287222213
1.57380054095
1.57380393052
0.00895733826375
0.00875207445178
0.00897830057232
0.00885453524009
0.00891777083344
0.00878599202111
0.00901034826355
0.00897077378392
0.00913139310296
0.00909984614855
0.00904925244755
0.00895806148436
0.00891893751917
0.00909011735764
0.0105049284361
0.00992656378583
0.010224958245
0.0102951706354
0.0100896764307
0.0105828163705
0.00995268775698
1.56771092266
1.56611989301
1.55719296429
1.57124958873
1.56871051422
1.56627509676
1.55809856893
1.56630915139
1.55694359294
1.56777452775
1.56908313397
1.56767875688
1.56743121974
1.55778507756
1.55719291252
1.57091284753
1.56771075844
1.56627506762
1.55809852628
1.57124946773
1.56871035477
1.57084988016
1.57330835632
1.57157921671
1.56931601776
1.56673916846
1.55864704059
1.57172821849
1.56931660656
1.56673951508
1.55864742904
1.57125350738
1.5694193042
1.55948819604
1.56964445443
1.57105288636
1.56961213762
1.55965107149
1.55864698043
1.57172789007
1.56931585788
1.5667394892
1.55864738406
1.5717281032
1.5693164539
1.57301409301
1.5749962027
1.57316484091
1.56871263719
1.56627824774
1.55810029734
1.570915094
1.56771268809
1.56612255785
1.55719416878
1.56999309527
1.56896146797
1.55907911252
1.56852480328
1.57061938496
1.56836983446
1.55858502639
1.55810023033
1.57125179309
1.56871246743
1.56612251229
1.5571941066
1.57091496453
1.56771250665
1.57267638443
1.57401684106
1.57223410995
1.56355703571
1.56452848988
1.55551300325
1.56442811557
1.56606819142
1.56301012094
1.55467364157
1.5698387771
1.57009891353
1.56905587932
1.57229654722
1.57375250192
1.57393328154
1.57301842613
1.57233282941
1.57356066915
1.57338774392
1.5698391601
1.57009927466
1.56905625143
1.56355687547
1.55551282865
1.56452824211
1.5644278766
1.56606801469
1.55467347311
1.56300991961
1.57229619107
1.57393285997
1.5737520979
1.57301801247
1.57233245177
1.57338733563
1.57356032288
1.57229903139
1.57302670541
1.57376378003
1.57393563721
1.57356759239
1.57338966946
1.57233624312
1.57009612585
1.56983920088
1.56905661735
1.57229874046
1.57302635645
1.57393527984
1.57376343528
1.57338935776
1.57356725771
1.57233593741
1.57009591577
1.56983892964
1.56905636739
1.57463222386
1.57382578495
1.57409380483
1.57491612455
1.5743673159
1.57543042509
1.57522435773
1.57456257847
1.57439658947
1.57470204706
1.57297622188
1.5732532338
1.57457427405
1.57471860464
1.57518444492
1.57254491611
1.56953234111
1.57232263279
1.57261221682
1.57237177417
1.57308751691
1.56982589733
1.57367369769
1.57504578911
1.57537610667
1.575980565
1.57513422912
1.57567568697
1.57390498367
1.5731612152
1.57291937832
1.57399099538
1.57057595173
1.57364174903
1.57033256203
1.57341304956
1.57085019381
1.57330866463
1.57157959715
1.57401341733
1.57267566057
1.57223352052
1.5699917109
1.56852415371
1.56896105331
1.55907759263
1.56836983626
1.55858376228
1.5706181324
1.55694346241
1.56630895128
1.56777440203
1.56908300371
1.56767855002
1.55778493568
1.56743101324
1.56999160223
1.56852394212
1.55907747754
1.56896083293
1.55858366102
1.56836964597
1.57061799099
1.56953208935
1.5725445888
1.57232234125
1.57261193095
1.57237152065
1.56982565107
1.57308718467
1.57470166579
1.57439621505
1.57297587737
1.57325291882
1.57457383119
1.57518405204
1.57471821902
1.57316092354
1.5729191003
1.57057571397
1.57399064764
1.57033234155
1.57364139279
1.57341276486
1.57367335676
1.5750453409
1.57598015653
1.57537572127
1.57567527901
1.57513386694
1.57390465493
1.57401312584
1.57267529661
1.57223316911
1.57463181167
1.57382532664
1.57409337065
1.57491571514
1.57436690915
1.5754300277
1.57522392389
1.57456218656
1.57478905479
1.57560074462
1.5747178962
1.57567483511
1.57478942751
1.57560157163
1.57567535363
1.5747185341
1.57422009276
1.57559199638
1.57623703775
1.57570414045
1.57413267267
1.57567983648
1.57634332796
1.57380122326
1.57428489257
1.57087447763
1.57374005288
1.57370607012
1.57440619667
1.57096498649
1.57422095582
1.57570445793
1.57559170054
1.57623813844
1.57568060521
1.57634406081
1.5741323705
1.57380223408
1.5737404014
1.57428548881
1.57087576256
1.57440671378
1.57096579053
1.57370604376
1.57301451058
1.57499652122
1.57316523163
1.57499716424
1.57301507396
1.57316554885
1.57125365132
1.56964489888
1.56941925615
1.55948856776
1.56961222352
1.55965141469
1.57105353632
1.57125333586
1.55948803818
1.56941910249
1.56964423445
1.5710527321
1.5596508728
1.5696118862
1.57125351317
1.56964467194
1.55948845792
1.56941903602
1.55965130277
1.56961199744
1.57105339548
1.57380093585
1.57087421811
1.57428451633
1.57373978962
1.57370576653
1.5709647413
1.57440584523
1.57421977086
1.57623664771
1.57559160927
1.57570372481
1.57413230112
1.57634291501
1.57567949133
1.57380192731
1.57374012625
1.57087552943
1.57428514194
1.57096554485
1.57440634379
1.57370575453
1.57422061493
1.57570400494
1.57623774509
1.57559132464
1.57634366052
1.57568021203
1.5741320421
1.57499687357
1.57301470105
1.57316520876
1.57478863298
1.57560037259
1.57471745465
1.57567448269
1.57478904012
1.57560117941
1.57567494653
1.57471814946
1.57436954362
1.57543132832
1.57456404328
1.57522335302
1.57460701134
1.57383481313
1.57409779536
1.57490924711
1.57367296947
1.57537691493
1.57598287496
1.57504446243
1.57390618925
1.57513304112
1.57567748994
1.57316114889
1.57399241092
1.57057862451
1.5729226382
1.57341462359
1.57364270327
1.57033522589
1.57439272957
1.57470223563
1.57297504288
1.57325309915
1.57457173664
1.5747171975
1.57518589729
1.57254484747
1.56953492145
1.57232174041
1.57261261197
1.57237480598
1.57308830697
1.56982892863
1.5726767773
1.57401715055
1.57223445114
1.57085045466
1.57331276154
1.5715803668
1.56630802187
1.556944254
1.56777509012
1.56908425236
1.5676794904
1.56743085898
1.55778642973
1.56999291277
1.55907895331
1.56896126136
1.56852458357
1.57061923419
1.55858483112
1.56836958937
1.55694409131
1.56630776451
1.56777491445
1.56908408044
1.5676792411
1.55778625835
1.56743061955
1.57316084873
1.5705783773
1.57399203918
1.5729223727
1.57341434206
1.57033500016
1.57364236397
1.5736726244
1.5759824792
1.57537651198
1.57504402414
1.57390581853
1.57567704893
1.57513266131
1.56953465032
1.5725444588
1.57232140736
1.57261229449
1.57237452076
1.56982867724
1.57308791231
1.5747017805
1.57439230853
1.57297465944
1.57325269985
1.57457124969
1.57518544029
1.57471679287
1.5708500624
1.57331245531
1.57158000886
1.5743690758
1.57543093465
1.57456361465
1.57522292668
1.57460657996
1.57383433669
1.57409734977
1.57490881141
)
;

boundaryField
{
    walls
    {
        type            zeroGradient;
    }
    inlet0
    {
        type            zeroGradient;
    }
    inlet1
    {
        type            fixedValue;
        value           uniform 0;
    }
}


// ************************************************************************* //
