/*--------------------------------*- C++ -*----------------------------------*\
  =========                 |
  \\      /  F ield         | OpenFOAM: The Open Source CFD Toolbox
   \\    /   O peration     | Website:  https://openfoam.org
    \\  /    A nd           | Version:  7
     \\/     M anipulation  |
\*---------------------------------------------------------------------------*/
FoamFile
{
    version     2.0;
    format      ascii;
    class       volScalarField;
    location    "9";
    object      p;
}
// * * * * * * * * * * * * * * * * * * * * * * * * * * * * * * * * * * * * * //

dimensions      [0 2 -2 0 0 0 0];

internalField   nonuniform List<scalar> 
5218
(
1.61828369081
1.59116150879
1.58634517028
1.58329478568
1.58071136683
1.57866988603
0.0109353279268
0.012454089262
0.0114826929595
0.00903549926461
0.00598141531473
0.00285450290541
1.61227652633
1.59009718679
1.58596149128
1.58283266122
1.57943282743
1.57443650735
1.56895628652
0.0113424658821
0.0124550719745
0.0113799764315
0.00901626313088
0.00596614414241
0.00281367111113
1.61141164938
1.58987888332
1.58589607522
1.58268425723
1.57869706762
1.56968379364
1.53032799858
0.982375923587
0.204329133178
0.0179861711941
0.0126754697308
0.0111613473329
0.00891805096983
0.00592465202565
0.00276031200693
1.61299511622
1.59059424797
1.5861689487
1.58312200707
1.58025539646
1.57717146804
1.57287272229
0.0105132618021
0.0124337945032
0.0114911970235
0.00905699016893
0.00597675394908
0.00283260910258
1.62384791192
1.59219605777
1.58662303122
1.58352839532
1.58080391258
1.57872534289
0.0111678302955
0.0126840234256
0.0117854148772
0.00938713956739
0.00639154861063
0.003164168862
1.59525541253
1.58989159928
1.58625959454
1.58343632869
1.58107277421
1.57945275741
0.0105676611445
0.013054665786
0.011925125255
0.00928872025419
0.00605450056757
0.00253111885845
1.5916852298
1.58805078632
1.58516448527
1.58215772828
1.57884455095
1.57710325413
1.57247795466
0.0139281481213
0.0129581231399
0.0109833595119
0.00861930067584
0.00567636005693
0.00327294766254
1.59115728862
1.58805069437
1.58516444441
1.58215773524
1.5788446045
1.57235035777
1.53624859758
0.965684855729
0.149220370475
0.0139281804535
0.0129581120858
0.0109833087187
0.00861923270106
0.0056762846659
0.00309841307824
1.59306091287
1.58962244829
1.58620655096
1.58329746068
1.58063910626
1.57831353159
1.57808749995
0.0102593521001
0.0131388068134
0.0119496024289
0.00945705175046
0.00621321053768
0.00259375257895
1.60213143333
1.58967842178
1.58614916894
1.5833211496
1.58085679803
1.57894550956
0.0111760046396
0.0135141961009
0.0120068152792
0.0091953148327
0.00605826027607
0.00269663230498
1.59340540934
1.58930457611
1.58618075285
1.58355439809
1.58139067673
1.5801352363
0.0103775747219
0.0134320707944
0.0122826273771
0.00952390310697
0.00613950042522
0.00246632372851
1.59001177526
1.58791738753
1.58520226509
1.58232321259
1.57920041422
1.57794128514
1.57503759754
0.0135526196793
0.0128622762761
0.0109246607688
0.00865707456067
0.00574023289032
0.0030352212611
1.58953778162
1.58791731209
1.58520222901
1.5823232196
1.57920046356
1.57301074993
1.53833139611
0.959412496307
0.138275134001
0.0135526779985
0.0128622877809
0.0109246113101
0.00865699248577
0.00574014334479
0.00269824296292
1.59130035131
1.58915110702
1.58622641342
1.5834795475
1.58103188763
1.57914374483
1.58029692556
0.00993909903604
0.0133277180806
0.0121318105015
0.0096694220323
0.0063486190829
0.00251858588264
1.59970724188
1.5890726145
1.58604436901
1.58341673851
1.58113854301
1.57931637018
0.0111330140786
0.013986970496
0.012402649869
0.00939191958793
0.00611932171459
0.00235933745512
1.59393636217
1.5895114488
1.58621908552
1.58351045419
1.58126126817
1.57987575609
0.0104521472909
0.0133577292506
0.0121768005419
0.00944400971969
0.00610812979658
0.0024751633905
1.59052609949
1.58805008563
1.58516951926
1.58216201601
1.57884739351
1.57746077695
1.57462244532
0.013887459464
0.0129653434557
0.0109919097835
0.00863046865463
0.00568746529136
0.00279305177275
1.59004544598
1.58805001161
1.5851694887
1.58216203422
1.57884745054
1.5725404477
1.53767054038
0.96019894919
0.139219832593
0.0138875560373
0.0129653792456
0.0109918805376
0.00863039106407
0.00568736169661
0.00245475539414
1.59181691655
1.58930429221
1.58623892908
1.5834207327
1.58088831741
1.57881789758
1.57996498003
0.0100090191816
0.0132741076713
0.0120579594894
0.00959121634859
0.00630259920801
0.00250147173584
1.59995429225
1.58933812472
1.58610032417
1.58338209022
1.58103222286
1.5791969012
0.0111705736144
0.0138464539731
0.0122628332393
0.00931599206335
0.00609548821399
0.00234697887189
1.59747369713
1.59039746269
1.58631913268
1.58334913277
1.580832751
1.57897601426
0.0108605522439
0.012756234172
0.0116457899528
0.00910798289389
0.00599276324331
0.00265201001616
1.5938651581
1.58962715123
1.58606582726
1.5829489802
1.57969729255
1.57548612282
1.57084664696
0.0119831130211
0.0128953217823
0.0114947288594
0.00918001809913
0.00610821133113
0.00261402971204
1.59331990046
1.58944949474
1.58602511592
1.58281120775
1.57903357674
1.57099115281
1.53405604024
0.968751536403
0.157677946819
0.0186928492235
0.0133064160988
0.0112800208217
0.00908677303461
0.00608955355287
0.00254579809367
1.59520317693
1.5899696201
1.58620569497
1.58321360817
1.58043999407
1.5776422653
1.57689370613
0.010475300972
0.012828257114
0.0116927340214
0.00921528680593
0.00604762653659
0.00258056478858
1.60344450246
1.59101058258
1.586338285
1.58329777206
1.58072839669
1.57869417249
0.0111970277701
0.0130462394217
0.0116662805796
0.00904135138709
0.00599920282263
0.00290328522231
1.60344506452
1.59465428429
1.62366943583
1.59465820099
1.59101100927
1.5883243427
1.59238393583
1.58764176201
1.58633849808
1.5847362918
1.58671388063
1.58428487235
1.58329771106
1.58196385685
1.58355849723
1.58153982317
1.58072807172
1.57971423847
1.58083375514
1.57919848568
1.57869363821
1.57870594158
0.00996940761396
0.0102739592306
0.0111958197702
0.0128881892719
0.0110922291445
0.0126351129055
0.013045727126
0.0126163400232
0.0127336599882
0.0122731303691
0.0116662264044
0.0104464952597
0.0117875443717
0.0100884705367
0.00904164343323
0.00754884097166
0.00938255279755
0.00719521215641
0.0059995936146
0.0044349812657
0.0064125673925
0.00404341917763
0.0029036053966
0.000412464536785
0.00322677786092
0.00046664086454
1.57921282412
1.57764188916
1.57668497284
1.57868131851
1.5783523415
1.57717716674
1.57297621567
1.57689328615
1.57287755876
0.00882237426034
0.00638901887502
0.00970411401699
0.00743300920138
1.53405596744
1.17697516757
1.56895898618
1.53032841831
1.19060315856
0.968751494129
0.373655123588
0.982412819551
0.396477154966
0.00488248585538
0.157677933063
0.0130711024597
0.00549133345433
0.204241281565
0.0179249590596
1.1769751593
1.57084694079
1.53032846187
1.1906031527
1.56895927403
0.373655219444
0.982412857476
0.396477170389
0.0130711821957
0.00488286049552
0.204241273571
0.017925045099
0.0054919314183
1.57668532607
1.57897651174
1.57921345625
1.57717756738
1.57297661224
1.57868182241
1.5783529736
1.57287794463
0.00638980428454
0.00882337739871
0.00743389778341
0.00970557965123
1.59465377238
1.62366885544
1.59465770984
1.58832399704
1.59238348716
1.58764145652
1.58473620807
1.5867136263
1.58428477088
1.58196405314
1.58355846918
1.58154005901
1.57971472823
1.58083405527
1.57919900793
1.57870650482
0.00997069011139
0.0102756737433
0.0128889973465
0.0110936960566
0.0126360036857
0.0126165803505
0.0127343458249
0.0122734208014
0.0104463256002
0.0117876478124
0.0100882375322
0.00754847952984
0.0093822010217
0.00719470911439
0.00443468362565
0.00641202592749
0.00404297621876
0.000412394770376
0.00322635948335
0.000466571594584
1.62384895941
1.59451295509
1.60358626282
1.59334708367
1.59219689443
1.58753060739
1.5916085389
1.5875737695
1.58662341666
1.58424811422
1.5867231378
1.58434697267
1.58352839943
1.58150747297
1.58363055275
1.58163840652
1.58080369046
1.57923281005
1.58094325813
1.57952851089
1.57872483586
1.57910051426
0.0104715971119
0.0101457160435
0.0111675582502
0.0125735774898
0.0111797514937
0.0128442649987
0.0126838704016
0.012254342539
0.0129146728494
0.0124875557276
0.0117857079891
0.0100851317689
0.0119246717836
0.0101870130581
0.00938791304178
0.00717605430978
0.00942155862226
0.0072008252349
0.00639220908425
0.00397178991244
0.00637845234024
0.00391983623714
0.00316449557724
0.000469256330808
0.00298031054662
0.000446854027078
1.578344667
1.57717113485
1.5729736312
1.57898130694
1.57921066774
1.57762727805
1.57667739374
1.57287245933
1.57688293177
0.00992859164199
0.0073293401695
0.00932631731126
0.00692904012126
1.53032795947
1.19057753846
1.57084279133
1.53405348452
1.17694257352
0.98237590759
0.396469252481
0.968699157563
0.37346458623
0.00547863092
0.204329136522
0.0181917309089
0.00462692260421
0.157359384845
0.0119864383246
1.19057755645
1.56895652622
1.53405353408
1.17694265389
1.5708430706
0.39646932019
0.968699206338
0.373464626444
0.0181917814515
0.00547885096221
0.157359500153
0.0119864705362
0.00462707258892
1.57297395506
1.57867035344
1.57834524858
1.57762759373
1.57667772247
1.57898177515
1.57921126917
1.5768832864
0.00732958776411
0.00992882783751
0.00692924751509
0.00932646984389
1.59451203596
1.60358531859
1.59334625115
1.58753009794
1.59160782032
1.5875733098
1.58424800695
1.58672279455
1.58434691039
1.58150769465
1.58363055891
1.58163864423
1.57923329879
1.58094355328
1.57952899388
1.57910106448
0.0104717581189
0.0101458763958
0.0125738269421
0.011179949928
0.0128444150618
0.0122541555597
0.0129147240926
0.0124874495132
0.0100844399026
0.011924456827
0.0101865507536
0.00717537341766
0.00942102234001
0.00720027141814
0.00397138949822
0.00637793310435
0.00391945914064
0.000469173438278
0.00298004473549
0.000446806496333
1.60213237081
1.59301421788
1.59996853911
1.59199925541
0.00269699165823
0.000449066864681
0.00234389119907
0.000424414236153
1.59301344451
1.59996775717
1.5919985842
0.000448997901709
0.00234369316752
0.000424382132638
1.59970797925
1.59183539028
1.59970007519
1.5918361007
0.00235959208239
0.000422774194603
0.00235953632284
0.000422667672353
1.59183475524
1.59969942758
1.59183556414
0.000422733258093
0.00235930317626
0.000422656701717
1.59995490592
1.59200521701
1.60203185812
1.59303901579
0.00234726712598
0.000423817954021
0.00269399729212
0.000450317107688
1.59200470502
1.60203130099
1.59303852683
0.000423796937993
0.00269369651081
0.00045023657202
1.59316262608
1.59520352556
1.59215984945
1.61815457524
1.59459356746
1.61295286303
1.59342926661
1.58815374644
1.58996987367
1.58793260256
1.59113973508
1.5883635636
1.59058355857
1.5880834167
1.58476335042
1.5862057965
1.58464722454
1.58634920063
1.58473497669
1.58617906103
1.5845970287
1.58204058593
1.58321355691
1.58181071156
1.58329595782
1.58196508736
1.58312931987
1.58171078767
1.57981630359
1.58043976607
1.57910384362
1.58071370304
1.57960313646
1.58026393378
1.57879715163
0.0123870109515
0.0104746276316
0.0125536188205
0.0108851166614
0.0121023064908
0.0105565874244
0.0120477908173
0.0124815610706
0.0128278985001
0.012521989303
0.0124969091836
0.0122701495773
0.0124793622823
0.0122719103458
0.0104951560196
0.0116926721042
0.0105845655342
0.0114981139798
0.010392532181
0.0115121794239
0.0104282448437
0.00759156202135
0.00921546185077
0.00767735265381
0.00904470606352
0.00756571261927
0.00907805592621
0.00758513681004
0.00434638549317
0.00604789281002
0.00432325965133
0.00600645644083
0.00441704748704
0.00600504264709
0.00439252793956
0.000834115729113
0.00258075041013
0.000813479320607
0.00289484339426
0.000540398539722
0.00285882450955
0.000508793490832
1.59139050957
1.59331996953
1.59104755275
1.61224348409
1.59256787292
1.61139080191
1.59218395494
1.57184674776
1.57099107166
1.56144910789
1.57443759861
1.56977228707
1.56968408152
1.55862860708
0.000793158238017
0.00254583323132
0.000763041195675
0.0028318721272
0.000522567621003
0.00277524911388
0.000496593821631
1.59104748974
1.59386494327
1.5913903329
1.61139075473
1.59218389457
1.61224317818
1.59256768853
1.56144917197
1.57548634055
1.57184699024
1.5696841543
1.55862869154
1.57443783068
1.56977254416
0.000763027729431
0.00261390286456
0.000793099417046
0.00277519247679
0.000496559673131
0.00283174577722
0.000522578320599
1.59215952668
1.59747322775
1.59316219151
1.61295249949
1.59342895284
1.61815403329
1.59459313965
1.58793240971
1.59039709187
1.58815347939
1.59058329528
1.58808322726
1.59113938297
1.58836330947
1.58464717363
1.5863189562
1.58476328777
1.58617894295
1.58459698144
1.58634902947
1.58473488645
1.58181084618
1.58334918303
1.58204077094
1.58312934616
1.58171092317
1.58329601527
1.58196527544
1.57910416086
1.5808330567
1.57981670885
1.58026417375
1.57879748871
1.580714009
1.57960355076
0.0125541633154
0.010861500805
0.0123877469861
0.0105574404582
0.0120484785628
0.010886235172
0.0121031732377
0.0125221806148
0.0127567354619
0.0124818622296
0.0124798133699
0.0122721752049
0.0124975375204
0.0122705077543
0.0105844383324
0.0116458417129
0.0104950614127
0.0115122430818
0.0104281805223
0.0114982837466
0.0103924296891
0.00767707475846
0.00910770133786
0.00759122902425
0.00907781866493
0.00758485984991
0.00904447300558
0.00756536078364
0.00432297444636
0.00599239017584
0.00434605736855
0.00600468732315
0.00439227515794
0.00600605831439
0.00441668391884
0.000813414134328
0.00265177373429
0.000834032660903
0.00285864849238
0.000508801258504
0.00289457874762
0.00054033057376
1.60685133095
1.61169577381
1.63515898296
1.60680747795
1.62371113126
1.60318436568
1.61128252648
1.59919472245
1.59479495549
1.59593470358
1.59916737458
1.59470026485
1.59845845542
1.60105889524
1.59020292144
1.59274045083
1.5928378077
1.59021359569
1.59235891872
1.59057172306
1.59054690032
1.58889335325
1.58787629081
1.5877708839
1.58888163291
1.58764368171
1.58918510499
1.58901879711
1.58582650686
1.58689641914
1.58676766939
1.58581327336
1.58673195234
1.58595846165
1.58587733283
1.58507237609
1.5843890426
1.58432791517
1.58503811191
1.58431367352
1.58515665508
1.58507095535
1.58292542013
1.58365596644
1.58359346671
1.58287683252
1.58361595511
1.58297448865
1.58291787811
1.58226576466
1.58166179804
1.58159245946
1.58216933709
1.58162086846
1.58228135408
1.58222152789
1.58041564851
1.58099652144
1.58092673181
1.5802813087
1.5809954064
1.58046220587
1.58036509899
1.57987934247
1.57948881313
1.57934559368
1.57961224042
1.5794094866
1.57987255601
1.57977359207
1.57884105108
1.5790944263
1.5788963438
1.57873817199
1.57895497143
1.57916694189
1.57881196119
1.57900939713
1.57924928869
1.5793848101
1.57900425031
0.0102895591376
0.0102113312647
0.0105582490166
0.0100247180417
0.0105285676818
0.00998657814004
0.0103127202334
0.0117505947284
0.010995393051
0.0112168077109
0.0116322458555
0.011234354979
0.0114914581233
0.0117212577466
0.0123643379391
0.0124443252222
0.0125513770629
0.0122842090677
0.0126446507235
0.0121354529683
0.01226239758
0.0127337021718
0.0125593437191
0.0126499362975
0.012767951212
0.0127415483924
0.012603490286
0.0126505936743
0.0125212007013
0.0121705958001
0.0121640038833
0.0125341408395
0.0122334345247
0.0124069394649
0.0124371753414
0.0112737125746
0.0117039814297
0.0117048260159
0.0113130131689
0.0117572510253
0.0112567435633
0.0112358328289
0.010664682836
0.0100608313534
0.0100420428343
0.0106989632655
0.0100568299932
0.010646550548
0.0106376713384
0.00866779318677
0.00934755090522
0.00934750445718
0.00868861613811
0.00935341610384
0.00867574131435
0.00867154095656
0.00791891649941
0.00718963101751
0.00720002429141
0.00793668330638
0.00718666871974
0.00791142508612
0.00792426595444
0.00564445913425
0.00639225521219
0.00641712243358
0.00564329200053
0.00640705090389
0.00563985711979
0.00566294741737
0.00484917437687
0.00404160386723
0.00407671674025
0.0048462304367
0.0040510025895
0.0048270911866
0.0048610966229
0.00233892038446
0.00321229545433
0.00325436349474
0.00233404278668
0.0032240169004
0.00226965742821
0.00246808543001
0.00148635549704
0.000444776832344
0.000507218011853
0.00149443901348
0.000465748048747
0.0012691750554
0.00155462510969
1.57756958579
1.57832399248
1.5793263696
1.57796921188
1.57878144933
1.578404579
1.57838812692
1.57417753507
1.57378369295
1.57394605676
0.00851096958413
0.00965189702133
0.00936369540947
0.00903495262354
0.00925249633951
0.00919336823306
0.00854589023024
1.56616922147
1.56771910267
1.56365470243
1.55606425233
1.56614958983
1.55853543712
1.55600498167
1.50544132462
1.18461929475
1.40964973609
1.4002986579
1.51271688008
0.976990534438
0.785422020475
0.781933045647
0.389730447336
0.588356744356
0.583946558022
-0.0209673188542
-0.00642994807759
-0.00809451450892
-0.0147975669276
-0.0492275652672
0.186223253958
0.0504839494533
0.0484756195988
-0.0331847463452
1.50544141764
1.18461930604
1.40964982691
1.40029875359
1.51271687141
1.5661693776
1.56771941221
1.55606443946
1.5636549737
1.55853562312
1.56614990154
1.55600508533
0.976990496328
0.785422085761
0.781933019338
0.389730473986
0.5883567902
0.583946540739
-0.0492273373607
0.18622329583
0.0504839630877
0.0484756508542
-0.0331844909721
-0.0209669218801
-0.00642929419541
-0.00809379457438
-0.0147970212208
1.57757016433
1.57832464051
1.57796980035
1.57932697079
1.57840516473
1.57878206637
1.57838873783
1.57417790696
1.57378419521
1.57394654923
0.00851217295799
0.00965318362991
0.00903615988276
0.00936539065093
0.00919450057043
0.00925393383864
0.00854710789606
1.60685073915
1.61169519827
1.60680691356
1.63515837617
1.60318380866
1.62371053365
1.61128192247
1.59919416501
1.59479447219
1.59916686458
1.59593417359
1.59845795302
1.59469974847
1.60105832972
1.59020244345
1.59274001218
1.59021319482
1.59283731321
1.59057129883
1.59235840753
1.59054639978
1.5888929258
1.58787599686
1.58888128496
1.58777053728
1.58918473386
1.58764332654
1.58901833658
1.58582627494
1.58689616009
1.58581304389
1.58676733314
1.58595824867
1.58673167225
1.58587704081
1.58507222139
1.58438895618
1.58503794396
1.58432779784
1.5851565411
1.58431363496
1.58507077313
1.58292548375
1.58365596285
1.58287690575
1.5835934741
1.58297455581
1.58361596673
1.58291794776
1.58226592158
1.58166203788
1.5821695035
1.58159269502
1.58228153112
1.58162115962
1.58222167103
1.58041606477
1.58099683063
1.5802817083
1.58092708171
1.58046259893
1.5809957268
1.58036548093
1.57987984466
1.57948932639
1.57961269244
1.57934618317
1.57987305314
1.579410075
1.5797741095
1.57884176844
1.5790949881
1.57873882535
1.57889704285
1.5791675303
1.57895555055
1.5788128548
1.57901011261
1.57924993179
1.57938524632
1.57900522611
0.0102915043719
0.0102129613842
0.0100265268844
0.0105600903669
0.00998851742908
0.0105307059906
0.0103142196036
0.01175195923
0.0109967310688
0.0116335661333
0.011218607336
0.0114926663269
0.0112359106793
0.0117227666587
0.0123654177328
0.012445151599
0.0122853296173
0.012552300403
0.0121364244418
0.012645487761
0.0122636783347
0.0127342055132
0.0125600392216
0.012768529968
0.012650637527
0.0126040155013
0.0127422337658
0.0126511127995
0.0125215677276
0.0121708355803
0.0125345858504
0.0121642409113
0.0124073667774
0.012233716138
0.0124375361378
0.0112737051758
0.0117040817098
0.0113129930065
0.0117049401129
0.0112567601848
0.0117574053903
0.0112357984157
0.0106646163465
0.0100605456657
0.0106988037461
0.0100417819755
0.0106465793604
0.0100568162375
0.0106376572513
0.00866746451468
0.00934726977772
0.00868824200355
0.00934734906232
0.00867541027695
0.00935326455947
0.00867118860549
0.00791854149787
0.00718912354645
0.00793620838246
0.00719944913696
0.00791105789449
0.00718631951183
0.00792385412743
0.00564404165027
0.00639179561505
0.0056427514136
0.00641664228607
0.00563939340592
0.00640665160607
0.00566239913758
0.00484875802572
0.00404117765389
0.00484574134546
0.00407620887036
0.00482670407812
0.00405067134607
0.0048606757332
0.00233860192008
0.00321192682225
0.00233369704514
0.00325398569271
0.00226932409437
0.00322371593642
0.00246775012132
0.00148614854415
0.000444693089229
0.00149424801472
0.000507124897918
0.00126894363655
0.000465634986129
0.00155439055161
1.59469078769
1.61299573833
1.59347889016
1.59754203423
1.59336797347
1.59526352372
1.59222342088
1.58836222554
1.59059469324
1.58807712282
1.59044753855
1.58815201247
1.58999198129
1.58792972722
1.5847331973
1.58616914117
1.5845883827
1.58631066231
1.58475886207
1.58619487248
1.58463631997
1.58196311529
1.58312200504
1.58170294783
1.58334598289
1.58203621051
1.58320357414
1.58180003141
1.57960166271
1.58025521994
1.57878726045
1.580822735
1.57980071482
1.58042724814
1.57908742952
0.012062570655
0.0105130595428
0.0119776958557
0.010884795091
0.0123197735041
0.0103391701769
0.0123722987578
0.0122417667132
0.0124337367291
0.012243505314
0.0127008217432
0.0124569038083
0.0127391364069
0.0124828556114
0.0103840502574
0.0114913560017
0.0104094004291
0.0116410253762
0.0105012297727
0.0116726065736
0.0105713848006
0.00755070057693
0.00905726917018
0.00756099451998
0.00911314583241
0.00758941865387
0.00920171972846
0.00766021385242
0.00438107635564
0.005977013255
0.00436286747579
0.00597663537322
0.004315015719
0.0060254231566
0.00429806637628
0.00053591573593
0.00283275954083
0.000507475690951
0.00260349124823
0.00084369524808
0.00255847239501
0.00080348745637
1.59259662138
1.61141174067
1.59220563755
1.59389976606
1.59143095651
1.59334476379
1.59107578943
1.58779191025
1.58987896422
1.5877046299
1.5896464482
1.58766535751
1.58946380965
1.58759384371
1.58437749071
1.58589609791
1.58431099466
1.58605957146
1.58441040804
1.58602196057
1.58435083297
1.58122402553
1.58268425602
1.58090208011
1.58293980599
1.58129207719
1.58280494038
1.58097486875
1.57728207639
1.57869703382
1.57529498104
1.57968866718
1.57762331606
1.57902865683
1.57571902836
1.56977163652
1.56968372945
1.55862900597
1.57548154583
1.57184339742
1.57098827525
1.56144693977
1.56365269725
1.55606228484
1.55600329461
1.56616719098
1.56771790139
1.56614867778
1.55853431262
-0.00573964514984
-0.0135408520973
-0.0196174066478
-0.00776027331871
0.01220345995
0.0179861001512
0.0138924394995
0.0114616745817
0.0127349171247
0.019117532311
0.0150582324771
0.0121295231972
0.0126754559946
0.0119141059133
0.012781795335
0.012202246606
0.0133340298979
0.0120846234544
0.0103252433991
0.0111613820251
0.0101483366906
0.0114648812871
0.0103858859618
0.0112653161162
0.0102076957861
0.00753428926357
0.00891808977066
0.00747511793452
0.00915853915529
0.00765117581146
0.00906505942496
0.00760611885671
0.00435113011688
0.00592470487255
0.00430317072001
0.00608604067766
0.00433903609201
0.00606936071942
0.00431323720168
0.000521682019586
0.00276033005949
0.000495580716873
0.00259872814114
0.000789206692806
0.0025340880635
0.00076030328442
1.59220551508
1.61227605515
1.59259629152
1.59334464704
1.5910756903
1.5938994116
1.59143065368
1.58770455394
1.59009692434
1.58779173146
1.58946373745
1.58759379774
1.58964622426
1.58766519188
1.58431097471
1.58596135877
1.58437743403
1.58602192935
1.5843508072
1.58605946954
1.58441036555
1.58090209683
1.58283264761
1.58122407594
1.58280493293
1.58097486569
1.58293979012
1.58129214053
1.57529502025
1.57943294107
1.577282225
1.57902869576
1.57571906252
1.57968876906
1.57762347869
1.55862905866
1.57443669249
1.56977181989
1.57098833141
1.56144700717
1.57548174854
1.57184359787
0.785380091564
0.976946226682
0.7818765713
0.0506963221388
-0.032585733082
-0.0487913205382
0.186209850025
0.0485158457003
0.0138924523667
0.0113425849285
0.0122035732035
0.0191175587652
0.0150582749778
0.0114618154614
0.0127349973262
0.011914133025
0.0124551163573
0.0121294822914
0.0133340438384
0.0120846006492
0.0127818124253
0.0122022764474
0.0101482920657
0.0113798914121
0.0103251010739
0.011265300417
0.0102076481678
0.0114647907507
0.0103858322034
0.00747504297469
0.00901608828621
0.00753413607983
0.00906500831246
0.00760605174135
0.00915840524371
0.00765107747302
0.00430309051138
0.00596599927198
0.00435105211471
0.00606931158422
0.00431317730334
0.00608592935054
0.00433896001095
0.000495554611467
0.00281359067587
0.00052174313804
0.00253406126644
0.00076029740815
0.00259871472186
0.000789200561029
1.5934783457
1.61828278138
1.59469005392
1.59526295768
1.5922229118
1.59754127549
1.59336727029
1.58807678553
1.59116091083
1.58836178012
1.58999157033
1.5879294255
1.59044695068
1.58815158426
1.58458827987
1.58634488811
1.58473306048
1.58619468857
1.58463624391
1.58631040096
1.58475875623
1.58170304108
1.5832947923
1.58196324747
1.58320359147
1.58180012963
1.58334602368
1.58203637247
1.57878751862
1.58071164988
1.57960204532
1.58042743724
1.57908768944
1.58082302207
1.57980108645
1.57377895981
1.57417082946
1.57394169643
0.0119778280893
0.0109355511168
0.012062749151
0.0103393425158
0.012372436487
0.0108849923816
0.0123199409757
0.0122434645717
0.0124541915341
0.0122416622488
0.0127392000379
0.0124828258768
0.0127008916348
0.0124568646853
0.010409129061
0.0114825165425
0.0103836663902
0.0116725137683
0.0105712098729
0.011640862832
0.0105009345706
0.00756066856471
0.00903505712891
0.00755025572205
0.00920149806046
0.00765996483027
0.00911277271477
0.00758901134959
0.00436260797796
0.0059810184298
0.00438081497677
0.00602517188342
0.00429785420373
0.00597629263493
0.00431472278734
0.000507498391042
0.00285429219633
0.000535868683284
0.00255834958114
0.000803438755422
0.00260332038152
0.000843627000012
1.60696318289
1.63546210495
1.61189759666
1.61164706695
1.62404429202
1.60730514864
1.60335451506
1.5900574582
1.59270546818
1.59043525703
1.59026205888
1.59246800748
1.59034013467
1.59231826192
1.58575105061
1.58667687935
1.58580879661
1.58580846426
1.58675815037
1.58585807059
1.58666489606
1.58284690999
1.58353479363
1.58284961141
1.58286748615
1.5836131814
1.58293726469
1.58354832503
1.58025607723
1.58081033052
1.58023294967
1.58026446351
1.58096758694
1.58046140375
1.58083444936
1.57873987205
1.5788028748
1.57875774381
1.57879405688
1.57914965722
1.57917729251
1.57884256605
0.0116166741109
0.0113096200046
0.0117423851322
0.011761008
0.0110643574356
0.0114384786715
0.0113309025513
0.0127293691693
0.0126458880818
0.0126452572545
0.0126834918487
0.0125090339059
0.0125863770965
0.0126860655568
0.0113057833397
0.0117117367068
0.0112339159207
0.0112394494315
0.0117279756147
0.0112716321662
0.0117166974027
0.00868080203321
0.00935377206839
0.00866488727927
0.00866113137459
0.00938125069158
0.00868223006565
0.00934519454513
0.0056002514924
0.00639602269857
0.00561983612875
0.00561897462974
0.00639169815704
0.00559926222066
0.00639093664771
0.00232339473901
0.0031719512468
0.00234455272275
0.00223444960053
0.00312492633812
0.00222454907159
0.00314513679273
1.58967906558
1.58787672287
1.58929808063
1.58770943101
1.58614945519
1.58469206043
1.58608931653
1.58470586294
1.58332108913
1.58204752944
1.58337973655
1.58216140331
1.58085645872
1.57994560217
1.58102349374
1.5801972579
1.57894502998
1.57919331764
0.00985379516562
0.00955558967448
0.0111758122957
0.013353536003
0.0111611772549
0.0136471261988
0.0135142140548
0.0130728435312
0.0138358059856
0.0133957486489
0.0120070676774
0.0106966347874
0.012259892769
0.0108853450867
0.00919578646163
0.00764295223194
0.00931461491834
0.00771253818466
0.00605868397741
0.00458259603178
0.00608899022997
0.00458267396387
1.5923950586
1.59306143889
1.59129177334
1.59395955965
1.5916542697
1.59183159305
1.59062965003
1.58794678606
1.58962280797
1.58778489007
1.58951005683
1.58780670175
1.58930720365
1.58771420027
1.58478922858
1.58620671216
1.58468523077
1.58622234082
1.58483172977
1.5862373638
1.58477650908
1.5821935221
1.58329745713
1.58200858778
1.58351415574
1.58233407461
1.58341891262
1.58219680918
1.58023464913
1.58063896051
1.57977792711
1.58126244841
1.58055216219
1.58088590477
1.58022822035
1.5798068679
1.57831321869
1.57747194572
1.57987201511
1.58088850454
1.57881419506
1.57895241585
1.57808708547
1.57995754865
0.00819392252317
0.00459842005961
0.0078539332452
0.0039856202399
0.0127476604694
0.0102592201446
0.0136927476132
0.0104492418622
0.0130247548846
0.0100039228931
0.013955823611
0.0128289846191
0.0131388047813
0.0130914413116
0.0133332332936
0.0131320152933
0.013249765914
0.0132439780055
0.0107382190719
0.0119497527769
0.010928581985
0.0121638801719
0.0109441500219
0.0120460796606
0.0110645671718
0.00771049558116
0.00945729920005
0.0078999922919
0.00943706586745
0.00781407136516
0.00958239893573
0.00801875133471
0.0043530539617
0.00621344878387
0.00440872693343
0.00610038497855
0.00433440470532
0.0062934572099
0.00441996429365
0.000859442666691
0.00259387886268
0.000830166156543
0.0024676859891
0.000829189738672
0.00249478357447
0.000783543217167
1.59038407206
1.59115739952
1.59006589836
1.59053682484
1.58993139659
1.59005451855
1.58970163993
1.53624853145
1.17485724377
1.57461819731
1.53766721218
1.17123221464
0.965684850292
0.367276038164
0.960189462913
0.357711862881
0.00123747078329
0.149220212289
0.00815748715557
9.14893494021e-05
0.139276696392
0.00608658344273
0.000912547345159
0.00309843890281
0.000879412640217
0.00278715640361
0.000822532842233
0.00244840548979
0.000771027726881
1.59006582012
1.59168493031
1.59038381969
1.59005443451
1.589701571
1.59053655703
1.58993117591
1.1748573681
1.57247823831
1.53766729488
1.17123221707
1.57461849754
0.367276175362
0.960189472768
0.357711890461
0.00815754585416
0.00123758370945
0.139276708408
0.00608664951632
9.16080801378e-05
0.000879402108871
0.00327289545852
0.000912521436859
0.00244836099218
0.00077102713453
0.00278710284513
0.000822533150693
1.59129131499
1.59525472057
1.59239439623
1.59183113821
1.59062923698
1.59395891796
1.59165367447
1.58778463254
1.58989106954
1.58794638511
1.58930689039
1.58771398214
1.589509572
1.58780636298
1.58468516467
1.58625935341
1.5847891378
1.58623723714
1.5847764495
1.58622215096
1.58483166315
1.58200867533
1.58343636125
1.58219366774
1.58341892876
1.582196895
1.58351420955
1.58233421599
1.57977816498
1.58107304485
1.58023500026
1.58088607163
1.58022844505
1.58126271558
1.58055251043
1.57747228536
1.57945320252
1.57980746178
1.57881450524
1.57895277892
1.57987245546
1.58088903691
1.57995790014
0.00459862417428
0.00819410297743
0.00398578653686
0.00785412749151
0.0136928421643
0.0105677919066
0.0127477715125
0.0100040550562
0.013955891634
0.0104493990679
0.0130248483661
0.0130914175698
0.0130546507611
0.0128288704788
0.0132497987039
0.0132439196604
0.0133332393207
0.0131319329107
0.0109284126895
0.0119249246484
0.0107378688564
0.0120460188002
0.0110644006856
0.0121637254882
0.0109438520554
0.00789971958063
0.00928833360328
0.00771005921196
0.00958223565257
0.00801854491592
0.00943677413165
0.00781368742291
0.00440852315952
0.00605412736425
0.00435276029764
0.00629326495456
0.00441979225022
0.00610009151217
0.00433411452598
0.000830118612896
0.00253090726882
0.000859349983288
0.00249465418225
0.000783491638844
0.00246750380241
0.000829123631825
1.6148231528
1.60107801733
1.61374123617
1.60073926059
1.59825132188
1.60166213184
1.5973423629
1.58787625693
1.58929752416
1.58770902895
1.58469195808
1.58608909412
1.58470578927
1.58204772192
1.58337979304
1.58216161049
1.57994603881
1.58102383185
1.58019769479
1.57919377956
0.0098540053967
0.00955583027749
0.0133536144049
0.0111613531153
0.013647200782
0.0130727063353
0.0138357966823
0.0133956539321
0.010696214492
0.0122596516721
0.010885052279
0.00764238147432
0.00931423211932
0.00771216901622
0.00458221160454
0.00608863157182
0.00458239646708
0.00236929210823
0.00211752129102
0.00424738626706
0.00242469337849
0.00238991550694
0.00205387336929
0.00429465987447
1.58907313366
1.58759536569
1.5890813017
1.58760065563
1.58604458774
1.58470882697
1.58604746695
1.58470960234
1.58341669682
1.58223695822
1.58341703709
1.58223804452
1.58113823522
1.58036458722
1.58114040317
1.58036693958
1.57931595565
1.57931724379
0.00947667655042
0.00948301048289
0.0111327834407
0.013759868504
0.0111406728095
0.0137664595066
0.0139869720099
0.0135647036096
0.0139923102082
0.013568475379
0.0124028890934
0.0109994515809
0.0124055149763
0.0110012927915
0.00939230190588
0.00776309454279
0.00939405617667
0.00776506461515
0.00611968774126
0.00460396839881
0.00612233301336
0.00460654272212
1.59129808028
1.59130076525
1.59031402107
1.59340009498
1.59129320111
1.59129680617
1.59031018913
1.58770622931
1.58915140425
1.58765703561
1.58930449211
1.58770559453
1.58914972565
1.58765662134
1.58483908762
1.58622654316
1.58480239818
1.58617984962
1.58483788198
1.5862268228
1.58480305184
1.58241966894
1.58347954523
1.58229614705
1.58355335391
1.58241915333
1.5834804565
1.58229726827
1.58074957749
1.58103175404
1.58044272987
1.58139064121
1.5807498479
1.58103310011
1.58044418035
1.58110989694
1.5791434528
1.57925014125
1.58013630317
1.58111274977
1.57914473275
1.57925397046
1.58029649986
1.58030081976
0.0076576691419
0.00372280061822
0.00765906349847
0.00372517305166
0.0130838378805
0.00993894079763
0.0139924125003
0.0103831687609
0.0130941216374
0.00994456405368
0.0140052336911
0.0132655490005
0.0133276994228
0.013352398685
0.0134412957459
0.0132729111139
0.0133380487389
0.013359700526
0.0110568437887
0.0121319469408
0.011170010319
0.0122880625276
0.0110608395764
0.0121372564098
0.0111740558414
0.00787954395709
0.00966965802296
0.00810182518312
0.00952712065511
0.0078824217055
0.00967321514068
0.00810518298418
0.00435672977727
0.00634884552521
0.00445420360947
0.00614237175147
0.00435920431255
0.0063521750307
0.00445717210913
0.00082561537923
0.00251873938639
0.000782847772556
0.00246836393343
0.000825966561881
0.00252079898597
0.000783155240528
1.5896153701
1.58953786538
1.58940088959
1.5900082207
1.58961024688
1.58953464163
1.58939593139
1.53833131543
1.17076718324
1.57503956542
1.53833227254
1.17077081694
0.959412405822
0.356523789077
0.959416450823
0.356510166148
-0.000392117306549
0.138275089979
0.00508167136823
-0.000424098179876
0.138239259998
0.00505752162806
0.000859190522719
0.00269826682376
0.000811036554473
0.00303572048898
0.000859363111181
0.00269876023705
0.000811213597298
1.58940081793
1.59001153453
1.58961516307
1.58953456291
1.58939586933
1.5900079969
1.58961005464
1.17076718146
1.57503785689
1.53833237054
1.1707707969
1.57503989894
0.35652380094
0.959416468915
0.356510186635
0.00508173073219
-0.000392027966111
0.138239305668
0.00505758329087
-0.000423979107324
0.000811025651477
0.00303511903663
0.000859149456766
0.00269870394861
0.000811196821296
0.00303561913756
0.000859343092048
1.59031364507
1.59340483431
1.59129754215
1.59129642609
1.59030984323
1.59339957063
1.59129271444
1.58765683013
1.58930414396
1.58770591491
1.5891494526
1.58765643469
1.58930409604
1.58770530849
1.58480234559
1.58618057005
1.58483901282
1.58622671561
1.58480301378
1.58617968768
1.58483782216
1.58229623248
1.58355442377
1.58241980856
1.58348047183
1.58229735888
1.58355341249
1.58241930495
1.58044292647
1.5813909265
1.58074990308
1.58103324474
1.58044440449
1.58139091494
1.58075018456
1.57925049634
1.58013563985
1.58111041238
1.57914505014
1.57925432472
1.58013672433
1.58111325033
1.58030115435
0.00372299173781
0.00765791466523
0.00372542431072
0.00765946457483
0.013992524799
0.0103777866604
0.01308398261
0.00994477684002
0.0140054343921
0.010383500291
0.013094388764
0.0133523607788
0.0134320765051
0.0132654288957
0.0133381244572
0.0133596825786
0.0134414390027
0.0132728866939
0.0111698178009
0.0122823792588
0.0110565000006
0.0121371704582
0.0111738842893
0.0122879415105
0.0110605784912
0.00810157005524
0.00952353369509
0.00787915483918
0.00967302528476
0.00810497290127
0.00952685320976
0.00788206736422
0.00445397664746
0.00613913001316
0.00435644430651
0.00635192933704
0.0044569772137
0.00614206700842
0.00435889465593
0.000782797199931
0.00246614499294
0.000825538295989
0.00252064891909
0.0007831114296
0.00246817920553
0.000825918339673
1.61229424118
1.5995790412
1.61216282434
1.59928516237
1.59604527461
1.59941009512
1.59591820739
1.5875949993
1.58908084189
1.58760032313
1.58470873979
1.58604727549
1.58470952562
1.5822371469
1.58341707403
1.58223822735
1.58036501016
1.58114071337
1.58036735565
1.57931769283
0.00947702176527
0.00948353369279
0.0137599613054
0.0111411559357
0.0137667208619
0.0135645529107
0.0139924637878
0.0135684819471
0.0109990990183
0.0124053353415
0.0110010331333
0.00776266957839
0.00939368343988
0.00776467257464
0.00460367389765
0.00612190625994
0.00460623021625
0.00238825885296
0.00200416044122
0.0045394657724
0.00233044361596
0.00239252735509
0.00199590257485
0.00453427983171
1.58933856388
1.5877287548
1.58986937535
1.58795313776
1.58610052994
1.58470986041
1.58618923702
1.58470667399
1.58338204512
1.58216598749
1.58332772975
1.58205556824
1.58103191305
1.58020573858
1.58087192685
1.57995640226
1.57919647656
1.57886619861
0.00955777634672
0.00980712815481
0.0111699966752
0.0136610933327
0.0111809415693
0.0133476144808
0.0138462076754
0.0134014346755
0.0135003443434
0.0130499939274
0.0122629428492
0.0108865317051
0.0119860220867
0.010676940785
0.0093163808914
0.00771604399056
0.00918184686635
0.00763505497576
0.00609589930037
0.004589696022
0.00605892826081
0.00457934394611
1.59163332596
1.59181727633
1.59061676272
1.59519609868
1.59233262277
1.59302899883
1.59126649338
1.58780445006
1.58930454497
1.58771560637
1.5899030644
1.58794775627
1.5896175303
1.58778752878
1.58482764695
1.58623903214
1.58477858468
1.58625595437
1.58478276655
1.58621121369
1.58468980142
1.58233169618
1.58342071933
1.58219885848
1.58342940924
1.58218757004
1.58330161409
1.58201281455
1.58055174212
1.58088818185
1.58023087316
1.58106788467
1.58023115223
1.58064347625
1.57978306945
1.58089379983
1.57881755707
1.57895789448
1.57945983095
1.57981293766
1.57831902992
1.57748011866
1.57996455842
1.57809771431
0.00784138254837
0.0040156536781
0.0082223697822
0.00483059603169
0.0130507537767
0.0100087120844
0.0139877827343
0.0105614465088
0.0127865372677
0.0102835042706
0.0137490005006
0.0131507277243
0.0132739545005
0.0132612765816
0.0130924671357
0.0128537648445
0.0131793295299
0.0131159291158
0.0109528769024
0.012058034528
0.0110740093713
0.0119385565337
0.0107437283777
0.0119654707677
0.0109401679771
0.00782068809836
0.00959144728121
0.00802776496796
0.00929187322748
0.00771477655256
0.00946884193287
0.00791267478994
0.00434144071623
0.00630287679703
0.00442853228363
0.00606228888403
0.00435900990794
0.00622801597428
0.00442263763212
0.000831779844718
0.00250165411686
0.000784857449891
0.00254407534506
0.000869215437414
0.00260652324035
0.000834929188745
1.58992093445
1.59004551495
1.58969351844
1.5916635581
1.59035999391
1.59114002389
1.59004607225
1.5376704597
1.17124010771
1.57248211071
1.53625215253
1.17488485095
0.960198851659
0.357695784291
0.965727597953
0.367376140547
1.09053634937e-06
0.139219836765
0.00599916793504
0.000904759712099
0.149305960067
0.00812812220001
0.00082365318026
0.002454781733
0.000772181195138
0.00328153431171
0.000914655909493
0.00310658459998
0.000881123589719
1.5896934579
1.59052588819
1.58992075141
1.59113995135
1.59004601312
1.59166335361
1.59035982079
1.17124015102
1.5746227089
1.53625222559
1.17488498945
1.57248244076
0.357695825346
0.96572773757
0.367376189872
0.00599919197675
1.20995853231e-06
0.149306085027
0.00812815593659
0.000904975918799
0.000772182129217
0.00279291333019
0.000823635889047
0.00310653380578
0.000881115878232
0.00328143903889
0.000914638034308
1.59061642776
1.593935873
1.59163287107
1.59302864784
1.59126618153
1.59519562376
1.59233218001
1.5877154202
1.58951106665
1.58780417679
1.58961728244
1.58778734978
1.58990270311
1.58794750348
1.58477853859
1.58621892133
1.58482759258
1.58621112056
1.58468976468
1.5862558079
1.58478270764
1.5821989478
1.58351048436
1.58233184789
1.58330164674
1.58201292726
1.58342947449
1.58218774719
1.58023110677
1.58126152104
1.58055207576
1.58064367062
1.57978334449
1.58106818634
1.5802315271
1.57895823495
1.57987618364
1.58089429068
1.57831939825
1.57748050653
1.57946029682
1.57981353807
1.57809807343
0.00401602397335
0.00784195911715
0.00483108517323
0.00822319102629
0.0139880128241
0.0104526619104
0.0130511583507
0.0102839739781
0.0137493486855
0.0105621637493
0.0127870850154
0.0132612769844
0.0133579391337
0.0131507830606
0.0131795864582
0.0131160159497
0.013092830167
0.0128539394346
0.0110738347595
0.0121766802837
0.0109526392727
0.0119654989834
0.0109400372469
0.0119385853981
0.0107435409082
0.00802752915098
0.00944367880428
0.00782031887499
0.00946869371728
0.00791244887724
0.00929164262094
0.00771444354326
0.00442826634419
0.00610772919573
0.00434109379524
0.00622777779584
0.00442238634419
0.00606197002904
0.00435866452851
0.0007847979905
0.00247493275362
0.000831688946547
0.00260634400641
0.000834855701395
0.00254383707971
0.000869129066749
1.61254931332
1.60037554821
1.61297555232
1.60002671909
1.59627649066
1.59964538164
1.59667224441
1.58772842518
1.58986894955
1.58795282545
1.58470977165
1.58618904254
1.58470661234
1.58216617819
1.58332778282
1.58205578438
1.58020615214
1.58087226557
1.57995686284
1.57886672727
0.00955844183322
0.00980835213126
0.0136615510347
0.0111820629703
0.0133482425357
0.0134015096352
0.01350075918
0.0130502151682
0.0108862779887
0.0119860145851
0.0106768085682
0.00771563259388
0.00918154248323
0.00763473544312
0.00458936754487
0.00605857646341
0.00457899958992
0.00240613973089
0.00200773677059
0.00445902415151
0.00243360818259
0.00238349224012
0.00203199035596
0.0044758891254
1.5876666381
1.58944954055
1.58759472748
1.59008900239
1.58779694878
1.58987119761
1.58770775016
1.58442191705
1.58602512503
1.58435995638
1.58596986562
1.58438671629
1.58590261431
1.58431937163
1.58130272812
1.58281120184
1.58098263373
1.58283959765
1.58123045932
1.58269025769
1.580907368
1.57763234751
1.57903356643
1.57572446915
1.5794376454
1.57728624197
1.57870004098
1.57529742856
-0.0297241781529
-0.0166667109469
-0.0347108687186
-0.0128571270844
0.0129527833565
0.0186927206403
0.0148965755358
0.0114363427597
0.0122626031929
0.0177146109008
0.0137832908667
0.0122517783287
0.0133063974226
0.0120892933197
0.0124991066066
0.0121619449413
0.0126500409493
0.0119192866873
0.0104077734379
0.0112800580205
0.0102266685805
0.0114081257869
0.01035234088
0.0111810935631
0.0101746335878
0.00767330491242
0.00908683676159
0.00762831774944
0.00904409396957
0.00756254980792
0.00894712105446
0.00750384586329
0.00436039411605
0.00608963328326
0.00433110223774
0.00599356838782
0.00437595012681
0.00595065181485
0.00432489195989
1.58759468718
1.58962699727
1.58766653299
1.58987114452
1.58770771441
1.59008885219
1.58779684647
1.5843599476
1.58606576716
1.58442190129
1.58590259702
1.58431935572
1.58596980612
1.5843867004
1.58098265541
1.58294901535
1.58130281845
1.58269026837
1.58090738953
1.58283964198
1.581230568
1.57572450693
1.57969745165
1.57763252646
1.57870007008
1.57529750043
1.57943780902
1.57728645334
0.773829217753
0.972711487917
0.778068884192
-0.0719563969925
0.0241958459097
0.169891791447
-0.0818237231372
0.0326564707663
0.0148966744907
0.0119834482527
0.0129530716007
0.0177147503255
0.0137834161544
0.0114368370236
0.0122630041015
0.0120893261413
0.012895532805
0.012251884627
0.0126501496638
0.0119193203172
0.0124993985083
0.0121621311287
0.0102266342655
0.0114947948621
0.0104077092206
0.0111811032675
0.0101745806966
0.011408185676
0.0103522882978
0.00762826867216
0.00917991645431
0.00767315154841
0.00894704475991
0.00750377572034
0.00904394580241
0.00756238423779
0.00433104348774
0.00610806213912
0.00436021498957
0.00595055539846
0.00432482605076
0.00599337807921
0.00437576832948
1.602259856
1.59936960083
1.61590923297
1.60593590569
1.60066475969
1.60074964286
1.61825561419
1.57892957967
1.57929315763
1.57939691047
1.57882205811
1.57899473772
1.57914271749
1.57939690971
0.0118237791039
0.0119373414271
0.0113843751245
0.0111887602264
0.0119581541811
0.0118067800794
0.0113338629122
1.60226043653
1.61590982896
1.59937014329
1.60593647719
1.6006653378
1.61825620649
1.60075018809
1.57892885038
1.57939630691
1.57929251874
1.57882143813
1.57899402582
1.57939626301
1.57914198551
1.57919556965
1.58001064472
1.57934987025
1.57977718104
0.0102236272265
0.0103925161953
0.00978181873953
0.0100649531951
0.0101468062988
0.010457327644
0.00987133567488
0.0118225244542
0.0113830137937
0.0119363104834
0.0111873725351
0.0119570261224
0.0113322612704
0.0118055942883
0.00232214861427
0.000512810448571
0.000909613408869
0.000447651735891
0.00209256449238
0.000544627797731
0.00120552528938
1.57743538707
1.57748125915
1.57473554373
1.57582178446
1.57736314807
1.57700435848
1.57470248758
1.57634696845
1.57523018992
1.5759699767
1.57373024916
1.5762365872
1.57417845926
1.57750721047
0.00713487684712
0.00828968094223
0.0078555906659
0.00584485733461
0.0082594072794
0.00576463922487
0.00719362366219
1.51230202005
1.40160897837
1.18064156356
1.51344508453
1.40271303865
0.773829158471
0.972711585344
0.778068874103
0.572312966545
0.381425902777
0.578195726654
-0.00396404991921
-0.00395440343434
0.0115068910913
0.00461539069074
-0.00551293184759
-0.00262747230104
0.0111223679296
-0.071956564947
0.0241957620771
0.169891567444
-0.0818238753364
0.0326563014925
-0.00153920034885
0.00656465779695
0.000944890514357
0.0126874579363
0.000135985590897
0.0112718921564
0.00283716534172
1.51230206377
1.40160908547
1.18064145798
1.51344515602
1.40271307012
0.572312991046
0.381425999627
0.578195639781
-0.0297237274614
-0.0166663978289
-0.0347106549233
-0.0128566315551
-0.00396376135961
0.011507180495
-0.00395400940007
0.00461594814205
-0.00551268999593
0.0111226783032
-0.00262698008863
-0.00153884765192
0.00656522907144
0.0126877822067
0.000945556810661
0.0112721958231
0.000136588812041
0.00283746999228
1.57743589039
1.57473593591
1.57748175558
1.57582218221
1.57736365132
1.57470288882
1.57700486353
1.57634747844
1.57523058712
1.5737306104
1.57597048319
1.57417882505
1.57623714035
1.57750769006
0.00713583597844
0.00829054795838
0.00584585311081
0.00785677479314
0.00576553980681
0.00826047507853
0.00719488934884
1.57919627593
1.58001131182
1.57935063617
1.57977791331
0.0102254259596
0.0097831437887
0.0103940941893
0.0100663338903
0.0101483414958
0.0098726882219
0.0104591352097
0.00232192988912
0.000909444751181
0.000512727955184
0.000447581769991
0.00209236443636
0.00120535795107
0.000544571919234
1.63546319213
1.6069641936
1.6118986066
1.61164816965
1.62404539486
1.60730624151
1.60335552152
1.59595813878
1.59919178555
1.60134288088
1.59952525683
1.59468324629
1.59513275462
1.59842622596
1.60618745531
1.61647216905
1.61894880259
1.60465008878
1.5994175212
1.60095264982
1.60300697657
1.59798662015
1.59384629602
1.59337017984
1.59614092504
1.5941558698
1.59709760333
1.59692496137
1.59270641456
1.59005817629
1.59043604681
1.59026284848
1.5924688177
1.59231917693
1.59034083866
1.58766850692
1.58873469036
1.58888604613
1.58881056771
1.58770586436
1.58763319424
1.58896170913
1.58985037544
1.59190152674
1.59110077517
1.58979363142
1.59165360535
1.58990942141
1.58935352575
1.5885745313
1.58751289957
1.58727134461
1.58876559138
1.58746291413
1.5887300133
1.58835605025
1.58667732782
1.58575131351
1.58580909414
1.58580877453
1.58675852598
1.58666533277
1.58585834125
1.58427075596
1.58498958957
1.58500990319
1.58501700669
1.5843316811
1.58428297707
1.58508215078
1.58573725419
1.5866543003
1.5864770216
1.58583613712
1.58656416204
1.58576926112
1.58565493185
1.58497703738
1.58428577614
1.58423968332
1.5850981787
1.58425340477
1.58503259083
1.58496775375
1.58353480681
1.58284682201
1.58284951651
1.58286740227
1.58361316422
1.58354831203
1.58293717703
1.5814941264
1.58214148526
1.58214137258
1.58215969834
1.58163518324
1.5815180925
1.58224808554
1.58285003474
1.58357378276
1.58356457784
1.58295328892
1.5835278596
1.58289894738
1.58287823762
1.58213928852
1.58158387269
1.58156747644
1.58225370782
1.5814976658
1.58219434957
1.58222164772
1.58081003532
1.5802556943
1.58023254657
1.58026406192
1.58096729715
1.58083413543
1.5804610062
1.57921211398
1.57960072162
1.5796258546
1.57965979946
1.57956603517
1.57925404134
1.57987131165
1.58023113447
1.58087602384
1.58092472321
1.58043329728
1.58079986095
1.58037829577
1.58033964161
1.57961184288
1.57944893636
1.57935160474
1.57982401938
1.57921637244
1.57973606169
1.57979684657
1.57880232779
1.57873928109
1.57875715775
1.57879349517
1.57914912087
1.57884203479
1.57917673369
1.57924059083
1.57895846998
1.57895876071
1.57938197214
1.57879960325
1.57901123865
1.57887728242
1.57937566888
1.57877922129
1.57917765319
1.57890115449
1.57910920471
1.58004119732
1.57978292158
1.57928642259
0.0107446537642
0.0102546702475
0.0105291813473
0.0105320070996
0.0104585863479
0.010747707595
0.010255428716
0.0104609423082
0.0103516785334
0.010590578445
0.00986517349214
0.0107175320265
0.0101241026073
0.0102876585389
0.0113093713782
0.0116163286704
0.0117420382219
0.0117607397612
0.0110640297827
0.011330628476
0.0114381769381
0.0125437920163
0.0121948283721
0.0122295375023
0.0122822495818
0.0123800953602
0.0125945560507
0.012008025241
0.0119595265075
0.0112226894774
0.0114904648713
0.0116536996056
0.0114677240353
0.0116346396416
0.0120665044428
0.0125879281789
0.0127692819327
0.0131634903539
0.0124942488133
0.0129088637928
0.0123832091393
0.0128386477961
0.0126456857515
0.0127292128725
0.0126450749198
0.0126833894881
0.0125088109358
0.0126858176281
0.012586278486
0.0121592775008
0.0125117073914
0.0124367563714
0.0124605057584
0.0121762679064
0.0121815309506
0.0124003361544
0.0129595631119
0.0128468374466
0.0132271565533
0.0129865795509
0.0129695224292
0.0129339086971
0.0132025152387
0.0126799869462
0.0124321558494
0.0125975835813
0.0127210390844
0.0123770492674
0.0126616878815
0.0129316267766
0.0117121064755
0.0113061068484
0.0112343318727
0.0112398553688
0.0117282126017
0.0117169867772
0.0112719641951
0.0100404499897
0.0107047226131
0.0106464024895
0.0106414749759
0.0100759059969
0.0100391364485
0.0106815165434
0.0113470991255
0.0118893724312
0.0120328700924
0.0114641669329
0.0118469910524
0.0114230139329
0.0114986845213
0.0107040375381
0.0101563027891
0.0101847009129
0.0107881041886
0.0100877550187
0.0107699000389
0.0108285169884
0.0093547388311
0.00868149100018
0.00866580332033
0.0086619502119
0.00938195397957
0.00934607828596
0.00868295074604
0.00718160901977
0.00793340808084
0.00792213483464
0.00791439744108
0.00718000763663
0.00717949372912
0.00793419589168
0.00867477448257
0.00942012287707
0.00943386163165
0.00873395103044
0.00936520955836
0.00871526182736
0.00872315113826
0.0079123531798
0.00718639007452
0.00720060872737
0.00793686431289
0.00717764100726
0.00794331261071
0.00794737865153
0.00639681267953
0.00560076306742
0.00562059437443
0.00561965244743
0.00639235697153
0.00639183914689
0.00559983010911
0.00400393400292
0.00479625498393
0.00480947036244
0.00480433438959
0.00394937244497
0.00399814827707
0.00478656483037
0.00561364980801
0.0063855198421
0.00640379608823
0.00560589109644
0.00638388990839
0.00558888833958
0.00562545907254
0.00480101472045
0.00389565745351
0.00401998197549
0.00478235314797
0.00401223007583
0.00476501205907
0.00483194495072
0.00317230743847
0.00232362846629
0.00234493252208
0.00223467985734
0.00312517803224
0.0031455090674
0.00222471155156
0.000483754370147
0.00150354187112
0.000451052141246
0.00144667833268
0.000461559214494
0.00132680697679
0.00130235737727
0.00225401893286
0.00305528755262
0.00323482470804
0.00215446946204
0.00315678151104
0.00219355250231
0.00225081718805
0.00045429776496
0.000478230379164
0.000475735560555
0.00134523606793
0.00129266334554
0.00131648733777
0.00134183099107
1.5793152743
1.57796214295
1.57838002306
1.57756420689
1.57831785392
1.57877283663
1.5783967317
1.57596576157
1.573726608
1.57750250074
1.57634562639
1.57522467784
1.57623243873
1.57417509675
1.57743090114
1.57581540514
1.57747546704
1.57472859668
1.57699878313
1.57469612814
1.57735914321
1.57377851819
1.57417047804
1.57394118536
0.00962520457626
0.00922922019124
0.00877716509347
0.00874699948896
0.00990868975638
0.00958525803733
0.0093262941768
0.00808901058882
0.00616658545904
0.00752377820778
0.00740176648098
0.00781145568954
0.00833324760965
0.00579899840247
0.00848963872431
0.00956772657747
0.00888488617312
0.00883040614083
0.00931360515616
0.00896177532653
0.00804756808769
0.00696523900059
0.0070586591131
0.00714610504957
0.0049014448036
0.00742932196044
0.00555833791053
0.00620721942293
1.4096400173
1.5127129502
1.50543893751
1.18459024356
1.40028959315
1.56916365502
1.57016476792
1.57008025173
1.56121009611
1.56861274161
1.56040224398
1.57163222245
1.51229754652
1.18060843683
1.40159757389
1.40270168104
1.51344012023
0.785380141015
0.976946283769
0.781876507728
0.588322472759
0.389662742234
0.583882814897
0.97265898146
0.773752311668
0.777993570157
0.381246893683
0.572198614466
0.578086838699
0.00176004349956
0.0132546805478
0.00445217424653
0.00100810591629
0.00658769606238
0.00103740307397
0.0119425856273
0.0506962575707
-0.0325859126145
-0.0487914461515
0.186209894441
0.0485157563524
-0.0268720468351
-0.0188558383024
-0.0146633937676
-0.0314813882488
-0.0717342010073
0.169588892487
0.0234450582354
0.0319165269671
-0.0814286624844
1.40964010636
1.51271301741
1.50543903871
1.18459028939
1.40028965361
1.55606243925
1.56365284551
1.5560034161
1.56616729304
1.56771814247
1.55853445103
1.56614879607
1.51229766642
1.18060850094
1.40159764083
1.40270173108
1.51344026522
1.56916375435
1.57016498745
1.56121023001
1.57008041845
1.56040234877
1.56861285604
1.57163230425
0.588322612589
0.389662762409
0.583882893498
0.972658957521
0.77375232796
0.777993632228
0.381246902696
0.572198667697
0.578086833223
-0.00573944592345
-0.0135406277288
-0.0196171071529
-0.00776004219384
0.0132548679764
0.00176029736914
0.00445251652852
0.00100826620557
0.00658790637432
0.0119429196571
0.00103760037844
-0.0717341174893
0.169588996149
0.023445204572
0.0319166455503
-0.0814285765578
-0.0268718847633
-0.0188556967026
-0.0146629186464
-0.03148134585
1.57372692827
1.57596620108
1.57750294477
1.57634607681
1.57522503867
1.57417542361
1.57623290357
1.57796268702
1.57931582511
1.57838056317
1.57756472911
1.57831844862
1.57839727285
1.57877343983
1.57743130914
1.57581572461
1.57472885056
1.57747591682
1.57469642915
1.57699923675
1.57735955248
0.00616700507457
0.00808935847983
0.00752418540249
0.0074020980562
0.00781175447917
0.00579924416274
0.00833362066915
0.00922943972871
0.009625422715
0.00877740682264
0.00874731319548
0.00990900135597
0.00932657580509
0.00958556698439
0.00696557779293
0.00705887182309
0.0049016606889
0.00714640124805
0.00555856210555
0.00742955404663
0.00620751113513
0.00848997240799
0.00956794749125
0.00883064643534
0.008885135834
0.00896207595422
0.00931391829126
0.00804798878401
1.59919081183
1.59595710296
1.60134178616
1.59952419198
1.59468234239
1.59842527441
1.5951317448
1.60618647315
1.6164711199
1.61894771479
1.60464901563
1.599416584
1.60095168607
1.60300593549
1.59798558417
1.59384541955
1.59614002752
1.59336925105
1.59709669673
1.59415491263
1.59692396673
1.58873411691
1.58766795384
1.58888537639
1.58880989348
1.58770537802
1.58896111145
1.58763263727
1.58984960154
1.5919007504
1.58979297534
1.59109997545
1.58990872664
1.59165273584
1.58935281357
1.58857387053
1.58751240113
1.58876504545
1.58727083731
1.5887294216
1.5874623708
1.58835545019
1.58498942353
1.58427069868
1.58500973293
1.58501681146
1.58433162695
1.58508196613
1.58428290932
1.58573696054
1.58665391761
1.58583588797
1.58647663878
1.58576900316
1.58656375243
1.58565467205
1.58497688142
1.5842857027
1.58509803302
1.58423963246
1.58503244728
1.58425335805
1.58496762465
1.58214162704
1.58149437221
1.58214156657
1.58215987784
1.58163543921
1.5822482197
1.58151832238
1.5828501522
1.58357377912
1.58295337122
1.58356458719
1.5828990493
1.58352789296
1.58287836818
1.58213948013
1.58158410738
1.58225387582
1.58156773976
1.58219452412
1.58149792261
1.58222183941
1.57960115281
1.57921262566
1.57962632619
1.57966030533
1.57956659141
1.57987172794
1.57925454495
1.58023157918
1.58087632535
1.58043365859
1.58092503852
1.58037867906
1.58080019935
1.58034005495
1.57961234437
1.57944942074
1.57982443243
1.57935214306
1.57973648374
1.579216922
1.57979732928
1.57924114757
1.57895906093
1.57895937692
1.57938256605
1.57880025049
1.57901177776
1.57937626601
1.57887793784
1.57917826264
1.5787798284
1.57890185286
1.57910989157
1.58004183985
1.57978357108
1.57928713568
0.0102548828462
0.0107448436357
0.0105295059501
0.0105322712711
0.0104587887993
0.0102557376403
0.010747874949
0.0104612170243
0.0103519550429
0.00986542752581
0.0105908252741
0.0101243910561
0.0107177916715
0.0102879274698
0.0121951473964
0.0125441027154
0.0122298802631
0.0122825134572
0.0123803913404
0.0120083024556
0.012594890903
0.0119597388467
0.0112229077388
0.0116539137722
0.0114906776196
0.0116348920498
0.0114680059452
0.0120667276678
0.0125881888212
0.0127694845214
0.0124944272459
0.0131636778792
0.0123834899071
0.0129092036122
0.0128388675281
0.0125116719918
0.0121591541598
0.0124368062048
0.0124604989651
0.0121761627352
0.0124002745195
0.0121814273986
0.0129596946071
0.01284697198
0.0129866214673
0.0132272712899
0.0129340362098
0.0129697996041
0.0132026288288
0.0126800587332
0.0124320613319
0.0127209686596
0.0125975286471
0.0126616998302
0.0123770401387
0.0129316651311
0.0107042351755
0.0100396877742
0.010645932854
0.010640996201
0.0100753919876
0.0106810206542
0.0100384119268
0.0113468390456
0.0118891526598
0.0114638420052
0.0120326453849
0.0114228214974
0.0118468348927
0.011498450009
0.0107037020774
0.0101557712117
0.0107877083258
0.0101842303671
0.0107695900367
0.0100872386282
0.0108282062559
0.00793272551813
0.00718072462661
0.00792136493902
0.00791364450564
0.0071794475059
0.00793347431644
0.0071785910314
0.00867409058828
0.00941947435209
0.0087332946854
0.00943323490958
0.00871465993379
0.00936450117606
0.00872250756606
0.00791163208206
0.00718576268721
0.00793634994541
0.00719998529661
0.00794273202593
0.00717686573114
0.00794676592866
0.00479581863842
0.00400336793413
0.00480892466684
0.00480383512251
0.00394910245622
0.00478612066862
0.00399763156064
0.00561306289984
0.00638488992524
0.00560535236811
0.0064031443887
0.00558836703078
0.00638313784263
0.00562492336431
0.00480046957669
0.00389524383433
0.00478193602869
0.00401955723208
0.0047645975836
0.00401178377051
0.00483153678917
0.0015033230215
0.000483657582102
0.000450992243035
0.00144639679639
0.000461492100863
0.0013266511061
0.00130218889116
0.00225385106798
0.00305500865557
0.00215425884134
0.00323448747208
0.0021934237338
0.00315646486891
0.00225063788373
0.000454252133551
0.00047817227735
0.000475717351631
0.00134517173105
0.00129253108191
0.00131638872614
0.00134171314234
1.61482419577
1.60107890565
1.61374219739
1.60074020149
1.5982522435
1.60166313188
1.59734322804
1.59509935619
1.59120165798
1.59528369833
1.59265560701
1.59578969291
1.59047025438
1.59460271293
1.60041334972
1.61257320848
1.61302984415
1.60009557997
1.59629996221
1.59672524676
1.59967229049
1.59457982031
1.59230070867
1.58977209978
1.59375913309
1.59008960823
1.59411753979
1.594225002
0.00236951061531
0.00424763298357
0.00211774978669
0.00242495046037
0.00239018234808
0.004294921031
0.00205408437445
0.000492228996171
0.000439835371755
0.000488480112424
0.00137954993042
0.00128779505158
0.00138607481581
0.00125996827631
0.0023862446943
0.00242928925382
0.00444872698567
0.00200370269625
0.00446218721537
0.0020253225596
0.00237588885655
0.000428732060863
0.000479532613047
0.000483722021309
0.00138044947918
0.00123073820865
0.00124078346941
0.00137504296785
1.59509844536
1.59528283425
1.59120080647
1.59265485343
1.59578873237
1.59460188778
1.59046944456
1.60041253666
1.61257234396
1.61302894296
1.60009467535
1.59629918633
1.5967244366
1.59967141631
1.59457894167
1.59229998923
1.59375836669
1.58977135415
1.59411674036
1.59008882295
1.59422413699
0.000492168191689
0.000439796852069
0.000488414110031
0.00137941575046
0.00128763813596
0.00138591048613
0.00125981951883
0.00238606253428
0.00242907584533
0.00200352726243
0.00444857145417
0.00202513264706
0.00446198686267
0.00237574204402
0.000428695638247
0.00047950132422
0.000483706160623
0.00138034602296
0.00123066124478
0.00124068385892
0.00137497833197
1.61229507679
1.59957975128
1.61216361572
1.59928596678
1.59604601113
1.59941093011
1.59591891558
1.59389843369
1.58960839835
1.59355323805
1.59173807139
1.59400496391
1.58951337418
1.59344310322
1.59957896632
1.61228490371
1.61216127693
1.59928350843
1.59603378769
1.59591657149
1.59940020378
1.59389753612
1.59173993269
1.58961548633
1.59354332767
1.58951634802
1.59344173605
1.59400027541
0.00238838633237
0.00453965249509
0.0020043165481
0.00233064641303
0.00239266766297
0.0045344995337
0.00199602711329
0.000479001397961
0.000420266925531
0.000476799446167
0.00137686347056
0.00122924614267
0.00137943516543
0.00122470632722
0.00238949053583
0.00233186169821
0.00454268723254
0.00200660621634
0.00453725590672
0.00199671688199
0.0023954509302
0.000420047549695
0.000478419015171
0.000476581498479
0.00137756170519
0.00123092681105
0.00122505474679
0.0013816235938
1.59389766501
1.59355252722
1.58960770478
1.59173747468
1.59400415209
1.59344242282
1.58951271317
1.59957828902
1.61228417415
1.61216050674
1.59928274079
1.59603315246
1.59591588336
1.59939947981
1.59389680062
1.5917393732
1.59354271855
1.58961490683
1.59344108306
1.58951571429
1.593999587
0.000478963384461
0.000420214762102
0.000476784056674
0.001376839906
0.00122915064439
0.00137934981877
0.00122466087416
0.00238938204607
0.0023317011741
0.00200649057373
0.0045424633677
0.001996609733
0.00453707627843
0.00239534348445
0.000420017898907
0.000478433306348
0.000476627743741
0.00137757625117
0.00123089903833
0.00122503646972
0.00138165684192
1.61254998704
1.60037613036
1.61297619693
1.6000273476
1.59627708963
1.59964604262
1.59667280934
1.59454102386
1.58978911476
1.59374059723
1.59231217385
1.59421332971
1.59013324756
1.59406913101
1.60102348915
1.61467288413
1.59808794733
1.6136417126
1.60136680547
1.60059460861
1.59726594655
1.59162808824
1.59488279962
1.59600208391
1.59502583142
1.59269638172
1.59059838392
1.59452950681
0.00240633794392
0.00445931389301
0.00200791601161
0.00243392669563
0.00238365670784
0.00447614535416
0.00203217029211
0.000479006485806
0.000428411816197
0.000484093779981
0.00139725014434
0.00123339993732
0.00138134056938
0.00124622549602
0.00430519332654
0.00217569620599
0.00242663732114
0.00241878240177
0.00243405834712
0.00431008978875
0.00205368148063
0.000440802816631
0.000481194538285
0.00126963096542
0.000492231750391
0.00144013455916
0.00142072122712
0.00126863626614
1.59454043329
1.59374002134
1.58978856061
1.59231168087
1.59421270114
1.59406858596
1.59013273265
1.60102291487
1.59808740011
1.61467227983
1.61364110055
1.60136621742
1.60059400713
1.59726538778
1.59488227534
1.5916275749
1.59600151955
1.59502526491
1.59269589052
1.59452895911
1.59059786707
0.000479013713204
0.000428358504607
0.000484100483897
0.00139716761411
0.00123334091302
0.0013812859239
0.00124614133822
0.00217545127222
0.00430487939812
0.00242634907806
0.0024185304488
0.00243374896621
0.00205343361851
0.00430972212713
0.000440747701938
0.00126945303652
0.000481141481414
0.000492200341438
0.00143997281497
0.00142059632616
0.00126850444426
1.60592718996
1.60213272802
1.61565828083
1.60066887005
1.60340546746
1.59930424054
1.6001803306
1.60091272061
1.61404953668
1.60197499433
1.5982332559
1.59797883149
1.5972757398
1.59899408834
0.000443854345695
0.00233171626626
0.000506034778749
0.00120282247453
0.000400983249757
0.000840185212377
0.00226503140639
0.000368244310141
0.000532483196946
0.000398899285529
0.0008766645056
0.00252310240944
0.000691506234606
0.00257053404821
1.60022647679
1.61178687514
1.59977910072
1.59621426092
1.59739840546
1.59666036096
1.59694916369
1.59939329372
1.61152081324
1.59952162007
1.59597474237
1.59660582405
1.59584252156
1.59673557052
0.000365461323715
0.000506781939523
0.000349062654921
0.000605414281179
0.0027016098814
0.000706015686894
0.00267047162118
0.000332155076798
0.000502498580361
0.000336141767351
0.000590205023252
0.00271516676516
0.000560965851217
0.00272685918644
1.59939324488
1.61152066553
1.59952148453
1.59597462238
1.59660578524
1.59584246456
1.59673543367
1.60022620158
1.61178665298
1.59977889276
1.59621407907
1.59739814084
1.59666011021
1.59694895675
0.000332136601386
0.000502413247288
0.000336079353299
0.000590104403215
0.00271508746174
0.000560896386679
0.00272675553767
0.000365460932855
0.000506765669346
0.000349021195731
0.000605373926345
0.00270159500957
0.000705973690286
0.00267039972031
1.60091236353
1.61404909323
1.60197456589
1.5982328646
1.59797849869
1.59727540472
1.59899368399
1.6059266437
1.61565778075
1.60213222305
1.60340496761
1.60066836392
1.59930377762
1.60017985861
0.000368259006036
0.000532484504491
0.000398894267161
0.000876610568071
0.00252307493119
0.000691501425213
0.00257051807955
0.000443803815228
0.000506006320918
0.00233154474883
0.000400969318913
0.00120271490468
0.000840102004394
0.00226493771177
1.6022647718
1.61574667578
1.60606309989
1.60026551278
1.6008074945
1.60349376411
1.59939627509
1.61181278463
1.59742845181
1.60025873677
1.59697212242
1.59980321673
1.59624410961
1.59669900051
1.61154349408
1.59662473706
1.59941259094
1.59675642954
1.59954295699
1.59600144743
1.59586674441
1.61411127652
1.59801449741
1.6009546996
1.59904933419
1.60204062872
1.59830166799
1.59732297741
-0.0221108068305
-0.0353497365203
-0.0380269178345
-0.0245389262836
0.770081942619
0.96323084798
0.76707803096
0.0157108440034
-0.0898364133627
-0.093926028031
0.144159194316
0.0111287626021
1.57953318899
1.57964008635
1.57919987417
1.57936202182
1.57892148184
1.5796791962
1.57982531055
0.0119158430503
0.0114111845453
0.0119753560157
0.0120185730772
0.0111785133174
0.0120333232669
0.0113913498205
-0.0406726183973
-0.0266401752032
-0.0404103922835
-0.0268937828341
0.762292932586
0.959027974092
0.761817848637
-0.0980074782355
0.00612296642661
0.137809559115
-0.097702354944
0.00568903499617
1.57989693582
1.58014636347
1.58033920333
1.57935386299
1.57984382419
1.58019616798
1.58039008297
0.0120555854017
0.0120917758598
0.0113180223483
0.011132220323
0.0120523279081
0.0120973162579
0.0113130659932
-0.039331248337
-0.0264699663392
-0.0402359438319
-0.025613280787
0.763279787629
0.961478130627
0.764866837496
-0.0960500830842
0.00677309558362
0.141090386424
-0.0974089698406
0.00853952574281
1.5795835616
1.58001675784
1.5802077371
1.57910962341
1.57971818377
1.57988652805
1.58008276362
0.0120392543115
0.0121066722293
0.0113472663599
0.0111710287698
0.0120630459188
0.0120772660906
0.0113532134303
1.61411200549
1.59801506809
1.60095528116
1.59905000173
1.60204130428
1.59830230308
1.59732352675
0.00230972741679
0.0005049168226
0.000437066182893
0.00224651154253
0.00118578020553
0.000396682341937
0.000825692365084
0.000531507413541
0.00250784278747
0.000365714548588
0.00255584904807
0.000395422352393
0.000867229704847
0.000682896376723
1.61154373527
1.5966248147
1.59941267254
1.59675663514
1.59954316654
1.59600163832
1.59586681839
0.000505673450366
0.00268979378149
0.000364208465878
0.00265868344393
0.000347773308279
0.000599587826812
0.000700621486181
0.000501482577879
0.00270543906253
0.000330943482781
0.00271703942335
0.000334895743651
0.000585266428572
0.000555854543325
1.61181240094
1.59742799601
1.60025827008
1.59697176345
1.59980284652
1.5962437649
1.59669855302
0.000501475482698
0.00270537608781
0.000330953508036
0.00271699294529
0.000334884613733
0.00058527834612
0.000555820818896
0.000505682219432
0.00268984815121
0.000364229945377
0.00265863989411
0.000347815402415
0.000599554239312
0.000700650329916
1.61574586399
1.60226387439
1.60606220145
1.60026471982
1.60349296528
1.6008066258
1.59939549766
0.000531531917416
0.00250783414999
0.000365787696617
0.00255577586095
0.000395423916669
0.000867193826551
0.000682886648758
0.000504856938215
0.00230961489785
0.000437009317604
0.002246407355
0.000396686046242
0.00118568386249
0.000825639885043
1.57963946114
1.57953260037
1.57919918599
1.57936135554
1.57892098005
1.57982475996
1.57967860872
1.57957361561
1.57910380436
1.58019803116
1.58001299545
1.58006767068
1.5798812315
1.57971252461
0.0103588136294
0.00960194394999
0.0100684133446
0.00994126103607
0.00975389803414
0.0102345821227
0.00950834763968
0.00979130087106
0.00961066818329
0.0100360615056
0.00925493529445
0.0101042599373
0.00932784996308
0.00970902529924
0.0114109378551
0.0119156302638
0.0119751159034
0.0120183696547
0.0111783032602
0.0113910696925
0.0120331259061
0.0120285379148
0.0111614427418
0.0113441342682
0.0120978583982
0.0113536728078
0.0120642486748
0.0120558575963
1.40231117651
1.51579367815
1.5167323173
1.17315793034
1.40224418156
1.5176921286
1.17205449618
1.40253577743
1.40254901506
1.51811837246
0.770081918265
0.963230833904
0.767077934384
0.567288768594
0.362788337819
0.56350722226
0.961460308656
0.7632722138
0.764848235438
0.359730239987
0.558947612386
0.56079580467
0.0157107363824
-0.0898365929614
-0.0939261504097
0.144159205393
0.0111287141933
-0.0390639937134
-0.0263808473376
-0.0254190568358
-0.0401111344984
-0.0958620497018
0.141147965349
0.00684791723702
0.0086306839794
-0.0972873048349
1.40231123405
1.51579379316
1.51673242574
1.17315801665
1.40224422174
1.5176922445
1.17205452798
1.402535798
1.40254906255
1.51811850706
0.567288786186
0.36278838448
0.56350727286
0.961460385193
0.763272292077
0.764848261823
0.359730245519
0.558947648333
0.560795810534
-0.0221105733475
-0.035349616876
-0.0380267785935
-0.0245387984834
-0.0958618309166
0.141147939072
0.00684796240291
0.00863080659184
-0.0972871763701
-0.0390638087152
-0.0263807761817
-0.0254188631224
-0.0401111105409
1.57957424747
1.57910430017
1.58001353144
1.5801985965
1.57988180866
1.58006823029
1.57971313825
0.00960215750285
0.0103590939897
0.0100686901125
0.00994154199739
0.00975415492624
0.00950857653016
0.0102349169219
0.00979161514791
0.0096109522252
0.00925522792159
0.0100363632079
0.0093280659789
0.0101045596043
0.0097094597038
0.012028598451
0.0111616414308
0.012098001214
0.0113443029534
0.0120643208341
0.0113538162947
0.0120559101521
1.57989634267
1.58033869078
1.58014583853
1.5793534104
1.57984321017
1.58038957989
1.58019565148
1.579897234
1.57935413233
1.58034154482
1.58014839971
1.58039144533
1.58019609196
1.5798454985
0.00961051673611
0.00997241039712
0.00915662792322
0.00946109179235
0.00963517648824
0.00995146922879
0.00913578780629
0.00961153976131
0.00946297414913
0.00997434282295
0.00916420828283
0.00995202583122
0.009138170122
0.00963890240865
0.0120553824502
0.0113178123173
0.0120915868453
0.0111318808291
0.0120521799555
0.0113127258838
0.0120970971678
0.0120572639019
0.0111346688079
0.0113212813851
0.0120975108735
0.0113137877277
0.0120997269031
0.0120565965325
1.51863014281
1.40266012143
1.17052290368
1.51850606769
1.4026555313
1.51863111121
1.17052415974
1.40266196133
1.40265650833
1.51850775942
0.762292994606
0.959027948477
0.761817889417
0.557818897081
0.355963864546
0.557281011349
0.959029128603
0.762295157026
0.761818300339
0.355958655563
0.557814520759
0.557278998911
-0.0980075673334
0.00612287784726
0.137809511784
-0.0977025419167
0.00568903908437
-0.0406895627311
-0.026695638977
-0.0269069021432
-0.040477922077
-0.0980274510168
0.137796923536
0.00607965938191
0.00567490533656
-0.0977679763461
1.51863033368
1.40266020799
1.17052291078
1.51850625168
1.40265562243
1.51863130513
1.17052422406
1.40266199934
1.40265662891
1.51850797027
0.557818859728
0.355963842639
0.55728102097
0.959029199253
0.762295196713
0.761818270106
0.355958680253
0.557814483797
0.557278998027
-0.0406725552718
-0.0266400885601
-0.0404102643869
-0.0268936577312
-0.0980273412014
0.137796882966
0.00607964066955
0.00567489279333
-0.0977679630524
-0.0406894164008
-0.0266955235631
-0.0269067772002
-0.0404778605906
1.57989783234
1.57935461468
1.58014896442
1.58034205037
1.58019667129
1.58039196299
1.57984610967
0.00961095108529
0.00915697439618
0.00997274341157
0.00946150120071
0.00963564708385
0.00913615801132
0.009951867891
0.00961203148912
0.00946339421029
0.00916479063347
0.00997492517863
0.00913842221657
0.00995236413824
0.00963959496687
0.0120575755403
0.0111350776183
0.0120979385709
0.0113217004663
0.0121000451649
0.0113142360366
0.0120570264817
1.57958291812
1.58020726008
1.58001622475
1.57910917311
1.57971755949
1.58008221871
1.57988595581
1.5797155826
1.57951056233
1.5792200052
1.57937542541
1.5789295324
1.57984326703
1.57968076884
0.0097801594099
0.0100343045983
0.00925754152851
0.00960488550424
0.0097096221412
0.0100906526681
0.0093208967276
0.0102684123681
0.00958208604082
0.0100004847052
0.00990829247804
0.00973908407159
0.0101975768172
0.00949033840535
0.012038569029
0.0113467263621
0.0121061451136
0.0111702503071
0.0120625546502
0.0113524541042
0.0120766127122
0.0113667636701
0.0119777086086
0.0119600442693
0.0120268287044
0.0111846164297
0.0113776509443
0.0120434670022
1.51769669555
1.40254015779
1.17206775017
1.51812230973
1.40255517504
1.4023217597
1.51579920986
1.51673764771
1.17317851301
1.40225274589
0.763279863158
0.961478178512
0.76486680061
0.558945893245
0.359725913174
0.560806418798
0.770140676364
0.963260609159
0.767114427647
0.5673646412
0.362819524986
0.563543690229
-0.0960499990964
0.00677316132365
0.141090355112
-0.0974090057009
0.00853963606118
-0.0219382878168
-0.0362229060207
-0.038451554163
-0.0248533345391
0.0157894630401
-0.0900828572677
-0.0941411155113
0.144135470434
0.011062148718
1.51769684014
1.40254028586
1.17206784297
1.51812248133
1.40255525508
1.40232184145
1.51579930848
1.51673776743
1.17317855915
1.40225276861
0.558945908507
0.359726018839
0.560806433938
0.770140804562
0.963260618688
0.767114506592
0.567364749318
0.362819614984
0.563543712532
-0.039331243937
-0.0264698520384
-0.0402358314375
-0.025613264975
0.0157895660222
-0.0900827245911
-0.0941411163144
0.144135518343
0.0110621791915
-0.0219380546112
-0.0362227142216
-0.0384514263104
-0.0248531994897
1.57951117134
1.57971618432
1.57922070158
1.57937611963
1.57893003911
1.57968138378
1.57984382757
0.00978122089079
0.009258278323
0.0100349531199
0.00960578775551
0.00971055642499
0.00932176765141
0.0100916129474
0.00958342399522
0.0102698611359
0.0100020723033
0.00990962741842
0.00974018986087
0.00949151410039
0.0101989163149
0.011978678738
0.011368098277
0.0119610910583
0.0120276634936
0.011185588874
0.0120442982203
0.0113787688672
1.57361720468
1.57235029853
1.56312337788
1.57745837238
1.57460558552
1.57253739661
1.56403921161
1.57181069196
1.56261774624
1.57330771875
1.57458401639
1.57330427707
1.57289291082
1.56343798613
1.56312344844
1.57710343421
1.57361740298
1.5725374435
1.56403929075
1.57745856132
1.57460580188
1.57646784269
1.57886749185
1.57713683419
1.57520400947
1.57301069153
1.56459116182
1.57794151776
1.57520527705
1.57301096855
1.56459204486
1.57669603784
1.57480626218
1.56510823605
1.57520349637
1.57650114434
1.57499168325
1.56526782464
1.56459125023
1.57794146514
1.57520424883
1.5730110199
1.56459211419
1.57794171256
1.57520550522
1.57845199594
1.58044167304
1.57858988105
1.57460971178
1.5725403962
1.56404251297
1.57710504466
1.57362142885
1.57235240623
1.56312653707
1.57547570928
1.57436914008
1.56470931234
1.57412626269
1.57608219915
1.57380202029
1.56422697002
1.56404258961
1.5774609781
1.57460994215
1.57235245868
1.56312661629
1.5771052543
1.57362167311
1.57814607771
1.57953543799
1.57774421537
1.56916712886
1.57008347554
1.56121436476
1.57016785563
1.57163708609
1.56861498599
1.56040542864
1.57553122476
1.57583881463
1.5748121361
1.57824457301
1.57963038267
1.57971035294
1.5788589232
1.57823577084
1.57949075303
1.57923383783
1.57553073921
1.57583847132
1.57481166338
1.56916729679
1.56121455767
1.5700837609
1.57016815335
1.57163726026
1.56040562302
1.56861533785
1.57824513846
1.57971090505
1.57963100616
1.57885961138
1.57823631836
1.57923436371
1.57949146651
1.57823926557
1.57885514636
1.57962976236
1.57970266626
1.5794854097
1.57922568443
1.5782315119
1.57582915429
1.57552401508
1.57480546409
1.57823975995
1.57885579381
1.57970320043
1.57963034376
1.57922622383
1.57948601752
1.57823202811
1.5758295247
1.5755245297
1.57480596015
1.58040063464
1.5795954964
1.57982099726
1.5806383045
1.58005810477
1.58108403307
1.58090602704
1.58022680414
1.58020826819
1.5803974612
1.57882224559
1.57906335944
1.58020237722
1.58048866298
1.58081970282
1.57825878306
1.57545754577
1.57820748622
1.57847081413
1.57808187061
1.57875067038
1.57573315714
1.57944914101
1.58062122435
1.58108246512
1.58152622473
1.58086548109
1.58125816593
1.57965945813
1.57899178856
1.57859893731
1.57957784276
1.57645755799
1.5792599822
1.57622413566
1.57922849107
1.57646736699
1.57886711042
1.57713636506
1.57952600117
1.57814026565
1.57773733022
1.57547019743
1.57412177684
1.5743653014
1.56470518345
1.57379765532
1.56422231372
1.57607779454
1.56261789659
1.57181088266
1.57330783693
1.57458415674
1.57330454731
1.56343811903
1.57289309478
1.57547033575
1.57412204595
1.56470533438
1.57436550933
1.56422248045
1.57379790102
1.57607792795
1.57545783079
1.57825922374
1.57820786465
1.57847122783
1.57808223477
1.57573344669
1.57875110177
1.58039801202
1.58020883777
1.57882273116
1.5790638374
1.58020296426
1.58082021487
1.58048917878
1.57899223788
1.57859930094
1.57645786821
1.57957831373
1.57622447094
1.57926049191
1.57922891447
1.57944961825
1.58062178231
1.58152672446
1.58108297727
1.58125872074
1.58086603932
1.5796599338
1.57952640014
1.57814080954
1.57773787827
1.58040126281
1.57959618989
1.57982166482
1.58063895015
1.58005877703
1.58108464676
1.58090666676
1.5802274755
1.58042621035
1.5812342462
1.58036347665
1.58129954347
1.58042742829
1.58123792054
1.58130094019
1.58036696223
1.57995084689
1.58127893612
1.58175627784
1.5812046647
1.57986987165
1.58135904093
1.5818509511
1.57959771078
1.57984892228
1.57674759734
1.57937083375
1.57950722553
1.57996025474
1.57683518203
1.57995249047
1.58120597994
1.58128104116
1.58176033899
1.58136062273
1.58185267928
1.57987175196
1.57959930722
1.57937176858
1.57985194946
1.57675044027
1.57996153692
1.57683638588
1.57950889927
1.57845151441
1.58044127571
1.57858940481
1.58044269912
1.57845464591
1.5785905795
1.57669684326
1.57520451275
1.5748083414
1.56511029862
1.57499250083
1.56526872719
1.57650385886
1.5766962386
1.56510840917
1.57480647529
1.57520377474
1.5765013191
1.56526801275
1.57499191403
1.57669703315
1.57520479007
1.56511049675
1.57480863526
1.56526892203
1.57499279514
1.57650403985
1.57959812507
1.57674793819
1.57984935928
1.57937123035
1.57950764804
1.57683551383
1.57996070726
1.57995130503
1.58175678391
1.58127943634
1.58120518594
1.57987033035
1.5818514489
1.58135952456
1.57959973914
1.57937212095
1.57675074886
1.57985238374
1.57683671394
1.57996202929
1.57950932303
1.5799529566
1.5812064734
1.58176078027
1.5812815424
1.58185317669
1.58136110627
1.57987221031
1.58044310461
1.57845516398
1.57859109727
1.58042686422
1.58123483611
1.58036415865
1.58130012223
1.58042807803
1.58123854141
1.58130156528
1.58036762247
1.58006922504
1.58109029634
1.58023361031
1.58091348304
1.58039193146
1.57962405424
1.57983892802
1.58064386178
1.57945341464
1.58108774912
1.58153354924
1.58062714114
1.57966454701
1.58087050941
1.58126670337
1.57899526969
1.57958317896
1.57646259615
1.57860647701
1.57923298391
1.57926608499
1.57622990544
1.58021463916
1.58040710318
1.57882810248
1.57906989598
1.58020930908
1.5804960955
1.58082969541
1.57826509147
1.57546362499
1.57821067292
1.57847555622
1.57808968161
1.57875750478
1.5757397193
1.57814561197
1.57953502573
1.57774377358
1.57647429691
1.57887726478
1.57714350644
1.57181458355
1.5626223541
1.57331314084
1.57458975256
1.57330925034
1.57289746675
1.56344316142
1.57547590197
1.56470950775
1.57436939429
1.57412652826
1.57608241912
1.56422718852
1.57380225511
1.562622586
1.57181487191
1.57331335185
1.57458996206
1.57330956699
1.56344339398
1.57289770682
1.57899574285
1.57646293517
1.57958362205
1.5786068568
1.5792334394
1.57623027763
1.57926658753
1.57945394122
1.58153404503
1.58108826636
1.5806277224
1.57966504002
1.58126730671
1.58087106721
1.575464
1.5782655938
1.57821118531
1.57847605647
1.57809008988
1.57574013584
1.57875805473
1.5804077002
1.58021520198
1.57882863646
1.57907042868
1.58020989996
1.58083028032
1.58049663972
1.57647480829
1.57887768196
1.57714398894
1.58006994004
1.58109092957
1.58023429876
1.58091412164
1.58039262618
1.57962477414
1.57983963597
1.58064451313
)
;

boundaryField
{
    walls
    {
        type            zeroGradient;
    }
    inlet0
    {
        type            zeroGradient;
    }
    inlet1
    {
        type            fixedValue;
        value           uniform 0;
    }
}


// ************************************************************************* //
