/*--------------------------------*- C++ -*----------------------------------*\
  =========                 |
  \\      /  F ield         | OpenFOAM: The Open Source CFD Toolbox
   \\    /   O peration     | Website:  https://openfoam.org
    \\  /    A nd           | Version:  7
     \\/     M anipulation  |
\*---------------------------------------------------------------------------*/
FoamFile
{
    version     2.0;
    format      ascii;
    class       volScalarField;
    location    "5";
    object      p;
}
// * * * * * * * * * * * * * * * * * * * * * * * * * * * * * * * * * * * * * //

dimensions      [0 2 -2 0 0 0 0];

internalField   nonuniform List<scalar> 
5218
(
1.65919838067
1.6316798619
1.62859754504
1.62838835496
1.62908269568
1.63087429916
-0.0257218581227
-0.0150214049051
-0.00785563077926
-0.00437141730619
-0.00285378511538
-0.00178319304841
1.65279218427
1.6308949304
1.6283505611
1.62785854584
1.62779851881
1.62803274368
1.62606411073
-0.0279572935977
-0.0154736247943
-0.00733755771712
-0.00389267215594
-0.00270475312358
-0.00184698374189
1.65192836203
1.63076877298
1.62833207785
1.62768380044
1.62702929635
1.62353863406
1.58701902827
1.02219004414
0.182885140988
-0.0217000247115
-0.0156586874412
-0.00734492741178
-0.0038017407831
-0.00268260966196
-0.00188431210268
1.65354867581
1.63128364446
1.62850253453
1.6281967515
1.6286470892
1.62996396719
1.63060996092
-0.027552049901
-0.0151400417799
-0.00752874261581
-0.00411769745761
-0.00278804352512
-0.00185421243312
1.66500055263
1.63255225944
1.62847823398
1.62822572213
1.62868810023
1.63016148988
-0.0255273663179
-0.0158167353933
-0.00870236854762
-0.00485246777396
-0.00302773271496
-0.0018331117013
1.63516787666
1.63011493374
1.62852070281
1.628475439
1.62905312967
1.631739337
-0.0282700427322
-0.0141886414403
-0.00663480448834
-0.00355949266268
-0.00264927518171
-0.0014857455507
1.63178276289
1.62970518631
1.62847956011
1.6278138
1.62722973201
1.63012635631
1.63241689846
-0.0220863654175
-0.0137757358539
-0.00595556022878
-0.00224015607365
-0.0018202894226
-0.00112095612843
1.6313956897
1.62970514163
1.62847949866
1.62781373723
1.62722970951
1.62527348005
1.59550178208
1.01121189233
0.130167909232
-0.0220861763586
-0.0137755261495
-0.00595541301112
-0.00224006649878
-0.00182023661346
-0.00144141369139
1.63304464225
1.63032928098
1.62867261555
1.6283360754
1.6285506774
1.6311452708
1.63878392175
-0.029350653023
-0.0149798657962
-0.00634439791993
-0.00282833279897
-0.00227586732337
-0.00149015809007
1.64233941614
1.6296170857
1.62828550571
1.62833377945
1.62873714931
1.6300805818
-0.0273029687453
-0.0132609403379
-0.00713352132543
-0.00413526792967
-0.00286925506103
-0.00228297528978
1.63302950654
1.62948356114
1.62851639539
1.62858798176
1.62915035064
1.63231704928
-0.0290739132852
-0.0138478884696
-0.00589814239424
-0.00297349688663
-0.0024575518034
-0.00150734092849
1.63001170121
1.6296816373
1.62859087927
1.62797178047
1.62744884655
1.63078301144
1.63614982983
-0.0221795405369
-0.0140806002879
-0.00604566485069
-0.00198705181929
-0.00159281057639
-0.00135094049309
1.62975009568
1.62968159881
1.62859082562
1.62797172972
1.62744882453
1.62566873366
1.59882535165
1.00840012962
0.121701566363
-0.022179383991
-0.0140804283819
-0.00604553641462
-0.00198696812905
-0.00159275473955
-0.00188506353019
1.63109300386
1.62992672623
1.62878853366
1.62851509687
1.62869438259
1.63182973363
1.64202660891
-0.0298176275277
-0.0151335400049
-0.00589362424205
-0.00211825167116
-0.00193425453352
-0.00154899202272
1.63942909189
1.62897077368
1.62824604916
1.62842710043
1.62887583794
1.63033947511
-0.0281357810369
-0.0127339119855
-0.00654672201874
-0.0038004298911
-0.00278131072131
-0.00259011655707
1.63375594547
1.62981964013
1.62858307192
1.62854976485
1.6290493709
1.63202173839
-0.0286550726391
-0.0139299349432
-0.00617649290768
-0.00321492760845
-0.00256844583945
-0.00155682756511
1.63059611921
1.62974084544
1.62850920717
1.62781774729
1.62719930153
1.63029718147
1.63555121175
-0.022137045091
-0.0138192042415
-0.00598599357307
-0.00224614460384
-0.00181690838155
-0.00163725165875
1.63028766406
1.62974081866
1.62850916265
1.62781771092
1.62719929164
1.62521727475
1.59768861525
1.00870230247
0.122378603414
-0.0221368546353
-0.0138190200826
-0.00598585828412
-0.00224605126503
-0.00181684183494
-0.00215606450087
1.63173995035
1.63012978414
1.62881092836
1.6284627972
1.62859140076
1.63148216736
1.64151380684
-0.0295916043816
-0.0150969717636
-0.00606561864921
-0.00237654439723
-0.00208335803343
-0.00160847788282
1.6398626707
1.62941756546
1.62834922277
1.62840323139
1.62878186006
1.63017989375
-0.0277804086203
-0.0129024384461
-0.00682061121232
-0.00398910826846
-0.00286876546538
-0.00265186745132
1.63786560106
1.63099896842
1.62867712306
1.62840120786
1.62886414615
1.63101542032
-0.0270271624287
-0.0146290172859
-0.0074203260852
-0.00414585340641
-0.00288579516861
-0.00172244660031
1.63415069745
1.63061732684
1.62862772562
1.62796181271
1.62767243835
1.62883631542
1.62998456236
-0.0279460038256
-0.0157642718718
-0.00703981386282
-0.00322160113138
-0.00241089961271
-0.00167657660392
1.63365398695
1.63057852898
1.62865322937
1.62781633389
1.62696580631
1.62445536176
1.59183411294
1.01273252683
0.137753865423
-0.0207335043049
-0.0159011100384
-0.00716979220106
-0.00308351691052
-0.00233290098547
-0.00176351712738
1.63550848853
1.63074661403
1.62866392093
1.62825750133
1.62850168427
1.6303365261
1.63675303757
-0.0289381939245
-0.0150895094173
-0.00697049347949
-0.00358357609851
-0.00264599377942
-0.0016913935815
1.64405434006
1.6315609397
1.62862878368
1.62834104905
1.62862441686
1.62958602916
-0.0264770950274
-0.0138978988217
-0.00782338177088
-0.00454947230707
-0.00302594027909
-0.00189596181206
1.64405429306
1.63524750781
1.66514063006
1.63555440457
1.6315610394
1.62948153928
1.63311377731
1.62912233124
1.62862902564
1.628391048
1.62873211183
1.62827242294
1.62834120714
1.62841693831
1.62824601942
1.62843400718
1.62862437206
1.62906126383
1.62851621843
1.62941621074
1.62958575526
1.62983373224
-0.0301022717947
-0.0280286043698
-0.0264784587475
-0.0178387847942
-0.0255634903627
-0.0179509071287
-0.0138989800541
-0.0104465379728
-0.0157542341528
-0.0101283810125
-0.00782418547333
-0.00587584275205
-0.00876257295002
-0.00564055181393
-0.00454998910124
-0.00365265963722
-0.00494351812011
-0.00347878289347
-0.00302622684196
-0.00250567310153
-0.00314560255611
-0.00235422554742
-0.00189613898639
-0.000347862353145
-0.00208329054351
-0.000330278963988
1.63460067467
1.63033627973
1.63470196084
1.63061209043
1.63268555103
1.62974208101
1.629320543
1.6367524785
1.63037534102
-0.0335381212853
-0.0376280732528
-0.0294739531135
-0.0350326861417
1.59183400821
1.22959824197
1.62584010791
1.58681810589
1.23928815001
1.01273248161
0.365940562192
1.02212275805
0.389404928168
-0.0376295089553
0.137753855163
-0.0258279031218
-0.0372070437291
0.1826901212
-0.0221637091462
1.22959825057
1.62998495536
1.58681818881
1.23928816647
1.62584038966
0.365940459602
1.02212274851
0.389404811917
-0.0258277793673
-0.0376289172833
0.182690090786
-0.0221635041087
-0.0372062297763
1.63470240173
1.63101569023
1.63460114181
1.62974233316
1.62932094661
1.63061234377
1.632686054
1.63037572947
-0.0376271485987
-0.033536868706
-0.0350315758126
-0.0294724645928
1.63524749785
1.66514074005
1.63555440851
1.62948133459
1.63311372561
1.62912223423
1.62839082523
1.62873199924
1.62827227898
1.62841686194
1.62824589394
1.62843401312
1.62906145163
1.62851631221
1.62941647025
1.62983405755
-0.0301007354479
-0.028026949074
-0.0178375783458
-0.0255621088833
-0.0179496956824
-0.0104455756783
-0.0157529819601
-0.0101275212997
-0.00587513752269
-0.00876173364385
-0.00563986569612
-0.00365228954439
-0.00494287221579
-0.00347837857161
-0.00250545241364
-0.00314525345028
-0.00235403814075
-0.000347836938009
-0.00208315790712
-0.000330260283073
1.66500052774
1.63500957187
1.64403071906
1.63325758148
1.63255249341
1.62878421164
1.63151337085
1.62865354928
1.62847885573
1.62819569153
1.62848705626
1.62827760727
1.62822648529
1.62854739936
1.62830589129
1.62849321169
1.62868842025
1.62975822875
1.628600795
1.62971330602
1.63016131854
1.6303609202
-0.0280130186235
-0.0301019321226
-0.025528575709
-0.0180433186715
-0.02673671675
-0.0174061766329
-0.0158180198408
-0.0101040968801
-0.015067185179
-0.00937634980576
-0.00870311407185
-0.00556703792108
-0.00804016348943
-0.00513983813508
-0.00485290226611
-0.0033829431988
-0.00450753806438
-0.00328011838225
-0.0030276121412
-0.00216025413712
-0.00298639181749
-0.00224961419043
-0.00183285106343
-0.000232490445542
-0.00186292435598
-0.000162743778637
1.63295189959
1.62996380855
1.62955368152
1.63127304032
1.6348206253
1.63051375974
1.63488922126
1.63060939143
1.63694681586
-0.0293774792532
-0.0350596892734
-0.0322600339122
-0.0362923469384
1.58701894351
1.23939879072
1.6301760588
1.59201073826
1.22966620165
1.02219001045
0.389465935648
1.01274364993
0.365640452278
-0.036901370281
0.182885038592
-0.0217087770866
-0.0377159026885
0.137265460114
-0.0271460147437
1.23939887368
1.62606454342
1.59201086885
1.22966626379
1.63017644867
0.389465839087
1.01274372131
0.365640564251
-0.021708730221
-0.0369006011865
0.13726553918
-0.0271458339851
-0.0377153786609
1.62955415947
1.63087451432
1.63295243811
1.63051395715
1.63488976423
1.63127329715
1.63482137419
1.63694744994
-0.0350586843765
-0.0293762893254
-0.0362915658776
-0.0322586373552
1.63500942939
1.6440307701
1.63325744056
1.62878364667
1.63151313958
1.62865300489
1.62819492351
1.62848645376
1.6282769489
1.62854695854
1.62830527288
1.62849283494
1.62975828967
1.62860052688
1.62971340995
1.63036123593
-0.0280117114096
-0.0301003677589
-0.0180421604995
-0.0267351886576
-0.0174049470768
-0.0101032492366
-0.0150660583922
-0.00937529489616
-0.00556639663471
-0.00803918730924
-0.00513920045216
-0.00338280905458
-0.00450705271333
-0.00327992169928
-0.00216048901069
-0.0029863418892
-0.00224968723741
-0.000232562386801
-0.00186294890757
-0.000162772705989
1.64233933085
1.63280181658
1.63973385098
1.63154105834
-0.00228297606967
-0.000144032967961
-0.00261657654791
-0.000167156742995
1.63280165292
1.63973384273
1.63154087239
-0.000144042340745
-0.00261638110604
-0.000167124922282
1.63942909226
1.63135141975
1.63950488015
1.63142476402
-0.0025903242385
-0.000169561903424
-0.00260901320585
-0.000174090477235
1.63135122771
1.63950485749
1.63142463944
-0.000169509921256
-0.00260873216704
-0.000174011155202
1.63986265079
1.6316831945
1.64242440725
1.63330032883
-0.00265211634843
-0.000179804604253
-0.00251514803881
-0.000233004286109
1.63168313047
1.64242444415
1.63330024973
-0.00017971975081
-0.00251497738162
-0.000232973665266
1.63359878535
1.63550846851
1.6326201958
1.65937442824
1.63538145547
1.65367802092
1.63416293896
1.62939737457
1.63074664381
1.62934479266
1.63193179735
1.62968657031
1.63145130317
1.62949705444
1.6284556407
1.62866401875
1.6283673186
1.62872157385
1.62841486388
1.62860794962
1.62829824942
1.62851143386
1.62825757731
1.62825623714
1.62836016606
1.62850986169
1.62818143118
1.62824839453
1.62966657731
1.62850164012
1.62919242524
1.62888790041
1.62959698675
1.62850101007
1.62904983292
-0.0200463795704
-0.0289390064951
-0.0211449794683
-0.0259505664463
-0.0202082531167
-0.0278027501242
-0.021110210509
-0.01036834041
-0.015090292758
-0.0102647775266
-0.0151051308573
-0.0109379972953
-0.0153545547377
-0.0107519334291
-0.00540156665656
-0.00697105827486
-0.00483100997175
-0.00794538773686
-0.00583437853098
-0.00762377082804
-0.00548664444165
-0.00338882967442
-0.00358396058297
-0.00298915732018
-0.0044542941052
-0.00356081463881
-0.0041636841501
-0.0033651474938
-0.00239584799239
-0.00264624091154
-0.00231456985602
-0.00295163773742
-0.00245608012219
-0.00283944842869
-0.00240028081096
-0.000652058295409
-0.00169153877561
-0.000628976333794
-0.0019424261369
-0.000324435135825
-0.00192886531466
-0.000366834846536
1.63194501481
1.63365397721
1.63169791547
1.65289751512
1.63328299483
1.65199548894
1.63292211537
1.6285323568
1.62445530611
1.61801547538
1.62784673592
1.62575322391
1.62337537649
1.61464769479
-0.000675258199854
-0.00176355269112
-0.000728588672151
-0.00187337620493
-0.000336106126775
-0.00188887332837
-0.000345435443806
1.63169791087
1.6341506694
1.63194500988
1.6519954523
1.63292211441
1.65289759178
1.63328300295
1.61801557339
1.62883646201
1.62853261717
1.62337543488
1.61464777711
1.62784687633
1.6257534576
-0.000728576560104
-0.00167650699865
-0.000675230394288
-0.00188883461633
-0.000345442385658
-0.00187327811274
-0.000336048059886
1.63262020241
1.63786561408
1.633598782
1.653678087
1.63416297914
1.65937452221
1.63538149312
1.62934471139
1.63099890013
1.62939723149
1.63145128903
1.62949698561
1.63193176676
1.62968647652
1.62836720407
1.62867694225
1.62845549096
1.62860785316
1.62829816864
1.62872145057
1.62841473343
1.62825617538
1.62840108661
1.62851135585
1.62818136342
1.62824832179
1.62836005485
1.62850978934
1.62919254951
1.62886416339
1.62966671124
1.62850103279
1.62904996199
1.62888796648
1.62959716331
-0.0211441863103
-0.027026024213
-0.020045374258
-0.0278018588735
-0.0211093801989
-0.0259493311458
-0.020207203413
-0.0102641400034
-0.0146280153599
-0.0103675144643
-0.0153537555575
-0.0107513087074
-0.015104187559
-0.0109371889494
-0.0048305376643
-0.00741957859084
-0.00540098145476
-0.0076231641155
-0.00548611810923
-0.00794464121705
-0.00583375359049
-0.00298889275809
-0.00414538541604
-0.00338852856841
-0.00416327200447
-0.00336485881997
-0.00445385815016
-0.00356047133634
-0.00231438789126
-0.0028855549206
-0.00239562631106
-0.00283920432424
-0.00240008957638
-0.00295136473322
-0.00245586501689
-0.000628928180513
-0.00172231970435
-0.000651997812762
-0.00192872801235
-0.000366795134511
-0.00194227376258
-0.000324406833485
1.64819051547
1.65290979825
1.67675205095
1.64823020281
1.66513124629
1.64435060184
1.65282668083
1.6403255728
1.63553008492
1.63688079414
1.64039013932
1.63550724242
1.63945033231
1.64240241906
1.63088306506
1.63335658733
1.63353163688
1.63098684941
1.63297895737
1.63125632573
1.63127716621
1.6298568342
1.62929153845
1.6292252052
1.62992325816
1.62906276186
1.63016217113
1.63001469378
1.62844269948
1.62889142801
1.62874889511
1.62845323664
1.6287102684
1.62857127257
1.62850015859
1.62836741855
1.6283719704
1.62830806513
1.62834144098
1.62830076377
1.6284711251
1.62834414053
1.62832259814
1.62836422521
1.6282637669
1.6282796291
1.62830459807
1.62837152457
1.62832064403
1.62838125818
1.62853029331
1.62846242148
1.62831051516
1.62846107261
1.62843205548
1.62833847992
1.62872197889
1.62865866186
1.62853278759
1.62876378371
1.62856719473
1.62887354781
1.62874641276
1.62893440597
1.62957493509
1.629352268
1.62895211694
1.62927291277
1.62912702216
1.62893444695
1.63044706992
1.63014896294
1.629746536
1.6307172389
1.62968861999
1.63117898378
1.63045500066
1.63121881494
1.63188970987
1.63213666386
1.63117981461
-0.0286696550268
-0.0285306146314
-0.02703288535
-0.0294977539199
-0.027203514013
-0.0300897775174
-0.0283543260893
-0.0221523156111
-0.0259472060436
-0.0247922988994
-0.0231180215449
-0.0247567603526
-0.0232387625039
-0.0224172328239
-0.0195605750126
-0.0179477363632
-0.0176375335827
-0.0204554615163
-0.017277793258
-0.0203561552319
-0.0199968315842
-0.0134035030158
-0.0156876407862
-0.0156280614716
-0.0136314790191
-0.0153157333387
-0.0136514514364
-0.0136154080897
-0.0116885650295
-0.0101128514999
-0.0102605089039
-0.0118040631893
-0.0101105292679
-0.0117358594738
-0.0119110515586
-0.00758280832607
-0.00868042511675
-0.00893405325844
-0.00753133039055
-0.00878204240184
-0.00749176577008
-0.00767508315619
-0.00656932162102
-0.00560284361829
-0.00575504369599
-0.00651040235731
-0.00570281066842
-0.00643384522105
-0.00667226747094
-0.0044030371921
-0.00488495087005
-0.00505913838616
-0.0043521389117
-0.00500192930217
-0.00432592619804
-0.00441734649921
-0.00391868793698
-0.00347078077864
-0.00350165182878
-0.00387648546305
-0.00351069672811
-0.0038398969312
-0.00394389632685
-0.00288445274227
-0.00313066825768
-0.00318073314811
-0.00286161419297
-0.00317217171896
-0.00287497668097
-0.00286226097153
-0.00261137461354
-0.0023846194786
-0.00231081754337
-0.00258998044197
-0.00236000717939
-0.00259770150023
-0.00260622828615
-0.00165890043117
-0.0021053282013
-0.00199419762845
-0.00168402923391
-0.0020813115273
-0.00182241636268
-0.00141273667059
-0.000964766913815
-0.00035205161514
-0.000247197883106
-0.000975981056371
-0.000317307597754
-0.00124576330567
-0.000784087797774
1.63157430592
1.63293777917
1.63252516718
1.63313751726
1.6321176868
1.63399727569
1.63216926527
1.63238372533
1.63133064983
1.63221746383
-0.0344778313508
-0.0301357742375
-0.0314613290291
-0.0312823690958
-0.0322907700856
-0.0317039721038
-0.0338174365515
1.62327289952
1.62523528067
1.62062460007
1.6125743486
1.6237673288
1.61548285746
1.61259692848
1.56130220148
1.23432078691
1.46427850239
1.45556598021
1.56837439863
1.01770242559
0.81084654409
0.807650091323
0.38203663668
0.596995493662
0.592075403249
-0.062722532735
-0.0511122428329
-0.0534493153413
-0.0563381845609
-0.0876376468479
0.164567901415
0.0170678454352
0.0153042851361
-0.07183824137
1.56130242662
1.23432080177
1.46427858598
1.45556614011
1.56837460251
1.62327308967
1.62523559792
1.61257453841
1.62062474786
1.61548309433
1.62376755409
1.61259701418
1.01770241342
0.810846585434
0.807650203778
0.382036411771
0.596995478325
0.592075423519
-0.0876373906135
0.164567727538
0.0170678720114
0.015304372939
-0.0718381182073
-0.0627223000737
-0.0511117665408
-0.0534489742583
-0.0563379275009
1.63157473786
1.63293830524
1.63313805166
1.63252555668
1.63399785811
1.63211812811
1.63216960837
1.63238419722
1.63133125201
1.6322181041
-0.0344765048131
-0.0301342553398
-0.0312809629337
-0.0314600108855
-0.0317024928158
-0.0322894873492
-0.0338163465402
1.64819062601
1.65290985809
1.6482303758
1.67675216917
1.6443507259
1.66513111043
1.6528270757
1.64032565205
1.63553005007
1.64039023715
1.6368808178
1.63945038468
1.63550721817
1.64240264482
1.63088295038
1.63335654136
1.63098677524
1.63353153669
1.63125625118
1.63297889606
1.63127708392
1.62985669094
1.62929139318
1.62992322072
1.62922513329
1.63016206771
1.62906261327
1.63001462155
1.62844244955
1.62889125676
1.62845307383
1.62874874573
1.62857104974
1.6287100527
1.62849994677
1.62836719764
1.62837179062
1.62834129531
1.6283079392
1.62847095602
1.62830060143
1.62834401443
1.62832242143
1.62836403139
1.62827947654
1.62826360828
1.62837132111
1.62830436926
1.62832053814
1.62838118645
1.62853027835
1.62831045033
1.62846249726
1.62843199232
1.62846118975
1.62833853947
1.62872210058
1.62865874821
1.62876395437
1.6285329588
1.6288736858
1.62856730077
1.62874655466
1.62893458778
1.62957517737
1.62895232762
1.62935256977
1.6291272365
1.6292731984
1.62893460717
1.63044753311
1.63014926651
1.63071769223
1.62974702722
1.63117933104
1.62968896677
1.63045569931
1.63121930169
1.63189017116
1.6321369673
1.63118059601
-0.0286682387225
-0.0285292311767
-0.0294958286145
-0.0270311280464
-0.0300894242271
-0.0272027232552
-0.0283507681723
-0.0221511419812
-0.0259455755974
-0.0231167817514
-0.0247917164834
-0.0232373060981
-0.0247557575688
-0.0224161666719
-0.0195594894849
-0.0179465530378
-0.0204542499244
-0.0176362299759
-0.0203548901383
-0.0172766242577
-0.0199958492694
-0.0134025483466
-0.0156866482252
-0.01363046381
-0.0156267141701
-0.0136505822272
-0.0153147405153
-0.0136143418813
-0.0116876559927
-0.0101120450663
-0.0118032298869
-0.0102595913564
-0.0117349804684
-0.0101095424147
-0.0119099582751
-0.00758207470657
-0.00867962923366
-0.00753056214665
-0.00893316289689
-0.00749108902842
-0.0087812452385
-0.00767438015043
-0.00656867136467
-0.0056022117459
-0.00650968446629
-0.0057542741637
-0.00643318140851
-0.00570205253653
-0.00667149044767
-0.00440251097638
-0.00488440262617
-0.00435160281437
-0.00505836639497
-0.00432549304039
-0.00500130038256
-0.00441671802986
-0.00391826603296
-0.00347039563277
-0.00387598996342
-0.00350121710977
-0.00383949149446
-0.0035103026887
-0.00394341152555
-0.00288428346068
-0.00313039461528
-0.00286134430748
-0.00318038428729
-0.00287480369005
-0.00317195819721
-0.00286210690622
-0.00261120905897
-0.00238441229139
-0.00258975625193
-0.0023106604116
-0.0025974973118
-0.00235986111352
-0.00260610591638
-0.00165884864986
-0.00210521662071
-0.00168394670686
-0.00199409881067
-0.00182237564793
-0.00208122534552
-0.00141271008865
-0.000964735846507
-0.000352029890747
-0.000975932707136
-0.000247188410798
-0.00124571951614
-0.000317303818761
-0.000784074937094
1.63518799308
1.65354871521
1.63402627909
1.63774201
1.63353619169
1.63542430877
1.63252776289
1.62948453885
1.63128384033
1.62934572695
1.63076732326
1.62918221187
1.63061625547
1.62921454963
1.62836668688
1.62850286094
1.62825030809
1.62853981487
1.62839257789
1.62856615123
1.62831480862
1.62861957363
1.62819710134
1.62832977127
1.6284038613
1.62858399162
1.62825651106
1.62830923677
1.62985970555
1.628647278
1.62924487184
1.62901640559
1.62990945461
1.62861076304
1.62934644385
-0.0201002164305
-0.0275529402738
-0.0208528147159
-0.0268129065497
-0.0201085595063
-0.0287509578552
-0.0210209030596
-0.0108490442736
-0.0151407769517
-0.0106023143066
-0.0146105078661
-0.0102675308485
-0.0149518459525
-0.0101462989946
-0.00574731715627
-0.00752918169812
-0.0054254283069
-0.00729144599727
-0.00527136020252
-0.00688555070693
-0.00476952312929
-0.00347717810362
-0.00411784795772
-0.00332186268513
-0.00402981362722
-0.00328997290735
-0.00353776705559
-0.00295001097898
-0.00232637391652
-0.00278799055491
-0.00233434616379
-0.00279239651448
-0.00227513627329
-0.00260581926113
-0.00226299651844
-0.000255047801894
-0.00185418017049
-0.000347799625609
-0.00154354790341
-0.000514945074668
-0.00163082655569
-0.000601126782382
1.63319186667
1.6519283069
1.6328591497
1.63408869642
1.6318926521
1.63361114237
1.63166420548
1.62916697156
1.63076881409
1.6291723869
1.63054971894
1.62919306984
1.63053425826
1.62926876368
1.62804360076
1.62833214959
1.62798999484
1.62855893684
1.62811435012
1.62860257155
1.62807577681
1.62778064705
1.62768387812
1.627420078
1.62795037185
1.62771103995
1.62780458843
1.62734627467
1.62795611875
1.62702934138
1.62602275595
1.62773856572
1.62789335857
1.62701520154
1.62592301105
1.6259567938
1.62353861511
1.61483686169
1.62898210363
1.62870460262
1.6245793076
1.61817208976
1.62085186833
1.61278582844
1.61281534076
1.62348842518
1.62545667288
1.62399358132
1.61569066905
-0.050357454431
-0.0550643220684
-0.0611678263591
-0.0525701775465
-0.0216394441813
-0.0217001389149
-0.0208406017259
-0.0280260099404
-0.0215637396301
-0.0201556529102
-0.0201008183156
-0.0105565349598
-0.0156588422118
-0.0107014203743
-0.0156444071652
-0.0107353627646
-0.0157087971122
-0.0110666555454
-0.00519320844406
-0.00734499026882
-0.00514305404636
-0.00697152560262
-0.00466709556193
-0.0070916277139
-0.00466689726316
-0.00317454445191
-0.00380171477151
-0.00310188021901
-0.0032064874171
-0.00267214959194
-0.00307588725823
-0.00255437063104
-0.00230192543418
-0.00268255604124
-0.00232207329074
-0.00240405715386
-0.00221918873147
-0.0023387129768
-0.00224100171323
-0.000325051948563
-0.00188428224923
-0.000345657262186
-0.00166295966426
-0.000668964300115
-0.00176698041536
-0.000731062016745
1.63285912646
1.65279213568
1.63319179552
1.63361115231
1.63166420321
1.63408869139
1.63189261812
1.62917233
1.63089483439
1.62916683488
1.63053423213
1.62926873676
1.63054962821
1.6291929444
1.62798995176
1.62835043449
1.62804344851
1.62860254385
1.6280757368
1.62855879474
1.62811422333
1.62742001441
1.62785841527
1.62778051385
1.62780456229
1.62734623707
1.62795022676
1.62771092146
1.62602273193
1.62779842353
1.62795609386
1.6270151856
1.6259230036
1.62773848033
1.627893339
1.61483696104
1.62803286473
1.62595703421
1.62457935018
1.61817217018
1.62898223965
1.62870486131
0.810882230243
1.01774919957
0.807651579452
0.0173875317024
-0.0711488180858
-0.087073834259
0.164609727606
0.0154058176813
-0.0208405300515
-0.0279567625025
-0.0216389325972
-0.0201555074144
-0.0201006007537
-0.0280255318755
-0.0215632452438
-0.0107013498452
-0.0154731065852
-0.0105560823053
-0.0157086114734
-0.0110665573688
-0.0156439964923
-0.010734924612
-0.00514300698242
-0.00733723415859
-0.00519299362207
-0.00709152689505
-0.00466683325036
-0.00697119663084
-0.00466682277843
-0.00310189461982
-0.00389252814249
-0.00317451218653
-0.00307584027033
-0.00255434134902
-0.00320629917279
-0.00267202592285
-0.00232211326914
-0.0027047521337
-0.00230196594398
-0.00233872017948
-0.00224102507794
-0.00240401698583
-0.00221919552115
-0.000345662379936
-0.00184697492537
-0.000324996412422
-0.00176697917584
-0.000731066319756
-0.00166295807241
-0.00066895741511
1.63402618173
1.65919839168
1.6351878812
1.63542429189
1.63252767373
1.63774200193
1.6335360918
1.62934547019
1.63167961259
1.62948414118
1.63061608606
1.62921429786
1.63076708183
1.62918183043
1.62824998335
1.62859707641
1.62836616496
1.62856585102
1.62831448887
1.62853933837
1.62839205117
1.62832949074
1.6283878784
1.62861917779
1.62825621278
1.62830896312
1.62840334916
1.62858360076
1.62924484065
1.62908248083
1.62985968925
1.62861058653
1.62934640413
1.6290161821
1.62990946114
1.63157769633
1.6326100326
1.63246112207
-0.0208520356251
-0.0257207731771
-0.0200991801853
-0.0287501236169
-0.0210201872741
-0.0268117566455
-0.0201075271543
-0.010601769643
-0.0150203963879
-0.0108481479517
-0.0149511867277
-0.0101456633354
-0.0146094918691
-0.0102666742727
-0.00542511592824
-0.0078549804666
-0.00574682705306
-0.00688506729461
-0.0047691743263
-0.00729078108913
-0.00527084041907
-0.00332180288772
-0.00437106434026
-0.003477018211
-0.00353750422145
-0.00294990129985
-0.00402947643077
-0.00328980079227
-0.00233439778055
-0.00285376396881
-0.00232644054984
-0.00260581340795
-0.00226303605116
-0.00279237693665
-0.00227515965384
-0.000347754183601
-0.00178325716335
-0.000255093013153
-0.00163084304971
-0.00060111710596
-0.00154355681923
-0.000514942374347
1.64802811394
1.67670677614
1.65287040561
1.65278503737
1.66518700323
1.64832209779
1.6442374695
1.63048572529
1.63293208995
1.63075357461
1.63043904429
1.63265028998
1.63063237343
1.63235315292
1.62826403461
1.62847401317
1.62829004002
1.62827790722
1.62857312471
1.6283532898
1.62843065197
1.62829812164
1.62820477655
1.62829455779
1.62829539918
1.62830235445
1.62837605481
1.62820688627
1.62898509645
1.62862214048
1.62887427442
1.62881991752
1.62879978414
1.62912588242
1.62857790426
1.63101834849
1.62999000356
1.63072168315
1.63072639097
1.63055290308
1.63148102402
1.62994904097
-0.0231169486966
-0.0248959022373
-0.0225546825782
-0.0225152184268
-0.0259570838816
-0.023482207128
-0.024968585668
-0.013665210106
-0.0157466931037
-0.0136824437951
-0.0135072829767
-0.0158770554306
-0.0136618077056
-0.0155695436305
-0.00747344730495
-0.00887161639848
-0.00761131487287
-0.00751715838682
-0.00861582511849
-0.00737595779331
-0.00877130858316
-0.00426848344203
-0.0049581906204
-0.00432357953412
-0.00428253745819
-0.00478004139865
-0.00420527324306
-0.00491207507306
-0.00273340283461
-0.00304627803221
-0.00270812763578
-0.00270759947435
-0.00301730654568
-0.00273649474098
-0.00304308057632
-0.00139577555166
-0.00168318133841
-0.00116356432405
-0.00123393291276
-0.0018290833612
-0.00143533933738
-0.00167871072208
1.62961738063
1.62870647817
1.62920901694
1.62856909591
1.62828604842
1.62829133196
1.62826506683
1.6283390017
1.62833431379
1.62847542157
1.62839133753
1.6285414776
1.6287373556
1.62935168892
1.6288130025
1.62949773143
1.63008033043
1.63023873494
-0.0312646844228
-0.0323944368991
-0.0273046626903
-0.0174730877665
-0.0280442655846
-0.0172209041626
-0.0132622324288
-0.00965562035705
-0.0129015636506
-0.00922735009643
-0.00713447509225
-0.00529864591582
-0.00676040068361
-0.00499339467513
-0.00413581486211
-0.0033772836927
-0.00392984070914
-0.00325840738231
-0.00286942970031
-0.00237674254704
-0.00282852733744
-0.00239356428315
1.63229566217
1.6330446748
1.63146939401
1.63366002635
1.63140468601
1.63167349977
1.63074542544
1.62897962497
1.63032944475
1.62920827427
1.629698499
1.62887115965
1.63006490348
1.62922271881
1.62845256067
1.62867288819
1.6284115846
1.62852814774
1.62853546568
1.62877112273
1.62854083768
1.62862884441
1.6283363495
1.62839364699
1.62854709506
1.62869503749
1.62845585243
1.62849749067
1.63011461663
1.62855083657
1.62972729453
1.62909241659
1.63027671057
1.62862039996
1.62996528904
1.63567628899
1.63114509224
1.63611039579
1.63210135624
1.63707761889
1.63155098311
1.638160777
1.63878325534
1.64159763407
-0.0357602722725
-0.0394191608061
-0.0363647992254
-0.0398112337753
-0.0199651654699
-0.0293513027271
-0.0202341495793
-0.0288721313715
-0.0199038411768
-0.0297404202708
-0.0202169677212
-0.00961224420502
-0.0149804593633
-0.00968350866122
-0.0139329307853
-0.00914207036957
-0.0150838175418
-0.00956286714337
-0.00466889572808
-0.0063448391578
-0.0040265276444
-0.00613611708893
-0.00418374973911
-0.00603228414615
-0.00358053663666
-0.00299627258977
-0.00282858343166
-0.00239950491665
-0.0031771534516
-0.00274283109904
-0.00235912298541
-0.00204450157557
-0.00221814392259
-0.00227590424529
-0.00209951575076
-0.0025390988208
-0.00220949501416
-0.00207380473614
-0.00205749290304
-0.000413724582008
-0.00149019595843
-0.000510914639137
-0.00152295236251
-0.000437628943734
-0.00159474456782
-0.00057618230226
1.63092214703
1.63139569266
1.63083258776
1.63055720904
1.63048473857
1.6302652939
1.63054514101
1.59550166552
1.22900093706
1.63563180758
1.5977706585
1.22837169249
1.01121186264
0.360038387023
1.00871880576
0.352438300605
-0.0391501107473
0.130167773295
-0.0285020187117
-0.0394319803618
0.122376340068
-0.029168305203
-0.000550308609453
-0.00144140257145
-0.000658257839101
-0.0016362057029
-0.000693681243161
-0.00216335413905
-0.000844298121688
1.63083258235
1.63178275071
1.63092210916
1.63026530663
1.63054513641
1.63055718586
1.63048470435
1.22900104271
1.63241735032
1.59777079711
1.22837170687
1.63563211572
0.360038508969
1.00871886188
0.352438244967
-0.0285019056102
-0.0391496400824
0.122376290264
-0.0291681850939
-0.039431554567
-0.000658260730538
-0.00112091422585
-0.000550304109775
-0.00216332721252
-0.000844288495975
-0.00163613325785
-0.000693649920921
1.63146930941
1.63516784446
1.63229553115
1.631673458
1.63074534237
1.6336599926
1.63140455314
1.62920805419
1.63011469489
1.62897926494
1.63006476672
1.62922253667
1.62969827079
1.62887085438
1.62841130292
1.62852027728
1.62845206975
1.62877092244
1.62854060744
1.62852779504
1.62853508643
1.62839342391
1.62847501646
1.62862847855
1.62845566074
1.62849733078
1.62854675582
1.628694743
1.62972727518
1.62905293345
1.63011463117
1.62862031091
1.62996530141
1.62909228224
1.6302767526
1.63611099508
1.63173961639
1.63567704789
1.63155117667
1.63816126103
1.63210163563
1.63707830839
1.64159817398
-0.0394184341566
-0.0357589979535
-0.0398104481784
-0.0363635120343
-0.0202334795736
-0.0282688880327
-0.0199640820682
-0.0297397428808
-0.0202162862771
-0.028870919615
-0.0199026932373
-0.00968294615436
-0.0141876609613
-0.00961140170743
-0.0150831316723
-0.00956228901285
-0.0139318335277
-0.00914117133043
-0.00402616127859
-0.00663407207413
-0.00466834337017
-0.0060317945406
-0.00358012836237
-0.0061353138078
-0.0041831527306
-0.00239934173976
-0.00355907524653
-0.00299606045211
-0.00235882699028
-0.00204431069964
-0.00317668988314
-0.00274255054465
-0.00209950647185
-0.00264915811057
-0.00221808357516
-0.00207370014022
-0.00205739277619
-0.00253890329071
-0.00220933245176
-0.00051089004862
-0.00148568791472
-0.000413698678731
-0.00159461787535
-0.000576129048472
-0.00152279547214
-0.000437573615366
1.655227093
1.64107424868
1.65391328985
1.6408138029
1.63838565691
1.64194939741
1.63727778013
1.62870605091
1.62920874221
1.6285687364
1.6282907798
1.6282646036
1.6283385567
1.62847502523
1.62839091347
1.62854116514
1.62935171039
1.62881282397
1.62949779533
1.63023903271
-0.0312629535654
-0.0323925387524
-0.0174716647116
-0.0280425072652
-0.0172193940225
-0.00965449924603
-0.012900295059
-0.00922610281763
-0.0052979134998
-0.00675940728096
-0.00499263113384
-0.0033769493884
-0.00392930799579
-0.00325801312377
-0.00237665470995
-0.00282827087377
-0.00239334826075
-0.001124540327
-0.00131271294893
-0.000886280568924
-0.00257505219877
-0.0010762479042
-0.0013793410383
-0.00091430504552
1.62897104494
1.62847059704
1.6290282248
1.62851327225
1.62824644574
1.62836381568
1.62827335799
1.62837693431
1.62842745499
1.62858781057
1.62843027742
1.62858271605
1.62887596909
1.62961184611
1.62886405898
1.62959382124
1.6303391935
1.63030554821
-0.0325307117675
-0.032323896506
-0.0281374755603
-0.0171553714041
-0.0279818656265
-0.0171317485252
-0.0127351899023
-0.00899928089577
-0.0127308663006
-0.00900753131542
-0.0065476307216
-0.00481231497965
-0.00656286375164
-0.00483002439492
-0.00380098077918
-0.00317700683902
-0.00381783038135
-0.0031914970718
-0.00278162154921
-0.00235506687142
-0.0027940467813
-0.00236670975124
1.630994592
1.6310930301
1.63040490088
1.63306590936
1.63103141721
1.63111798544
1.63042829882
1.62879096876
1.62992687279
1.62920079514
1.62952187757
1.62881973587
1.62994783483
1.62921824384
1.62856847355
1.62878873182
1.6285875575
1.62853489894
1.62857764919
1.62880179899
1.6285958081
1.62874596529
1.62851527754
1.62856496309
1.62858924091
1.62874012773
1.62851857069
1.62856320387
1.63039786097
1.62869447177
1.63009948073
1.62913753986
1.63037827405
1.62868720432
1.63008582794
1.63729870461
1.63182957012
1.63850953903
1.63229187037
1.6372465399
1.63180810939
1.63846459375
1.64202605589
1.64197552516
-0.0366350560301
-0.040026813097
-0.0364904107399
-0.0399130486818
-0.019930885897
-0.0298182127944
-0.0202628000812
-0.028990697143
-0.0199002227232
-0.0297573543352
-0.0202415077163
-0.00893525288199
-0.0151341059811
-0.00949751486498
-0.0138426809171
-0.00894148805506
-0.0151336792592
-0.00950649327499
-0.00393642507311
-0.00589407677568
-0.00335573906847
-0.00590893322535
-0.00394818645404
-0.00590450460418
-0.00336418136906
-0.00259902087826
-0.00211855973248
-0.00184065817547
-0.00298442285955
-0.00260845316832
-0.00212446031836
-0.00184439383377
-0.0021605212979
-0.00193444709243
-0.0019712260491
-0.00246619352467
-0.00216984389256
-0.00193727045649
-0.00197430214945
-0.000440226673721
-0.00154914608715
-0.000580833910269
-0.00151574482784
-0.000444575639539
-0.00155280281757
-0.000582828147367
1.63018025464
1.62975010891
1.63028028069
1.63002555163
1.63018828639
1.62975757075
1.6302813201
1.59882526074
1.22835047851
1.6361013695
1.59879750401
1.2283272409
1.00840012576
0.351616801078
1.00838809537
0.351634334797
-0.0396836543342
0.121701601666
-0.02977483195
-0.039625176136
0.121709662234
-0.0297345285877
-0.000662542829959
-0.00188508672834
-0.000816013134371
-0.00135197442609
-0.000662667992228
-0.00188381191557
-0.000814987747955
1.63028026509
1.63001168335
1.63018022184
1.62975757212
1.63028131566
1.63002555257
1.63018826208
1.22835047875
1.63615013264
1.59879761419
1.22832730291
1.63610176412
0.351616737457
1.00838813337
0.35163435274
-0.0297746751985
-0.0396832085624
0.12170961766
-0.0297344256324
-0.0396248322764
-0.000816005518508
-0.00135082629897
-0.000662506149487
-0.00188377333943
-0.000814980218944
-0.0013518836675
-0.000662626652619
1.63040483694
1.6330294573
1.63099447826
1.63111796204
1.63042824372
1.63306591082
1.63103133817
1.62920062218
1.62948336728
1.6287906913
1.62994773353
1.62921810991
1.62952171826
1.62881949332
1.62858734562
1.62851606661
1.62856813954
1.6288016427
1.62859564086
1.62853462482
1.6285773653
1.62856481749
1.62858768087
1.62874573872
1.62851843401
1.62856310483
1.62858901162
1.62873994373
1.63009948134
1.62915022785
1.63039792144
1.62868714661
1.63008587391
1.62913751051
1.63037838772
1.63851000913
1.63231735015
1.63729945104
1.63180832804
1.63846505789
1.63229219524
1.63724721012
1.64197606389
-0.0400259717972
-0.0366336923888
-0.0399122698825
-0.0364891726231
-0.0202622023491
-0.0290726955578
-0.0199298362709
-0.029756772853
-0.0202408743321
-0.0289894945402
-0.0198991530009
-0.00949701964781
-0.0138469074772
-0.00893444617917
-0.0151330950675
-0.00950594479827
-0.0138416560846
-0.00894061226218
-0.00335538910432
-0.00589742553596
-0.00393583870857
-0.00590402172854
-0.00336377555895
-0.00590819563822
-0.00394762365367
-0.0018404583569
-0.00297306904873
-0.00259870623843
-0.00212415458997
-0.00184415351888
-0.00298395997812
-0.00260813647056
-0.00197106190097
-0.00245730632469
-0.00216028434565
-0.00193708060293
-0.00197411312812
-0.00246589995077
-0.00216958243383
-0.000580781005132
-0.00150713095017
-0.00044015808642
-0.00155264253235
-0.000582769361177
-0.00151551646644
-0.000444492450418
1.65216670648
1.63929082349
1.65202540382
1.63907067995
1.6357172289
1.63920514811
1.63557928281
1.62847026969
1.62902800189
1.6285129833
1.62836343386
1.62827300127
1.62837660287
1.62858754535
1.62842997715
1.62858248819
1.62961193055
1.62886396632
1.62959395877
1.63030592157
-0.0325287327955
-0.0323219957872
-0.0171538969658
-0.0279800688627
-0.0171303218263
-0.00899813819426
-0.0127295674948
-0.0090063942483
-0.00481159144237
-0.00656191420311
-0.00482935498032
-0.00317662108498
-0.00381734113548
-0.0031911313583
-0.00235477858749
-0.00279375367606
-0.0023664109116
-0.00108592586837
-0.00139657875345
-0.000699857180105
-0.00260408403701
-0.00108501128253
-0.00140148436637
-0.000696302178942
1.629417723
1.62870709679
1.63016892906
1.62901771818
1.62834952348
1.62838108171
1.62845733166
1.62837123035
1.62840349042
1.62853094772
1.62835982633
1.6284614963
1.62878188674
1.62944384879
1.62868547355
1.62923380521
1.63017955626
1.62977552216
-0.0320385872702
-0.0307462212356
-0.0277820058579
-0.0171622843976
-0.026899703346
-0.0173694012966
-0.0129036586647
-0.00926969565216
-0.0133083549155
-0.00979091763159
-0.00682146618175
-0.00505934783654
-0.00729425195902
-0.00545656169908
-0.00398958044259
-0.003307557651
-0.00427188930287
-0.00348538459384
-0.00286903669911
-0.00243696187622
-0.0029557500291
-0.00248690806167
1.63151197355
1.63173994869
1.63081136369
1.63528594445
1.63245661999
1.63313439282
1.63156920347
1.62895878449
1.63012985071
1.62927863625
1.63033997473
1.62913706764
1.63043672238
1.62930231033
1.62856235143
1.62881107184
1.62856512309
1.62861404821
1.62849464457
1.6287408937
1.62844985144
1.62867519321
1.62846292504
1.62848781297
1.62847324762
1.62858238025
1.62834260169
1.62836564402
1.6302111089
1.6285914456
1.62991744827
1.62895834184
1.62997263768
1.62848623479
1.62962928999
1.63699068533
1.63148191861
1.63808314291
1.63158629806
1.63548450201
1.63101864932
1.63594685064
1.64151322176
1.63861016469
-0.0359195066298
-0.0394539146213
-0.0349272225189
-0.0387198911979
-0.0198321093747
-0.0295922557952
-0.0201790926117
-0.0280472132933
-0.0198940069808
-0.0292141320345
-0.0202551316875
-0.00917072488549
-0.0150975494314
-0.00959532114382
-0.0142042538875
-0.00967880249032
-0.0150509921038
-0.00976022685625
-0.00422554813756
-0.00606608230709
-0.00360593363158
-0.00672000591462
-0.0047560762575
-0.00640796078256
-0.00407300092029
-0.00277497711748
-0.00237684036731
-0.00205610370941
-0.00363841515768
-0.00306387943235
-0.00286207032614
-0.00242462374619
-0.00224335966761
-0.00208353924711
-0.0020691401221
-0.00271304110483
-0.00230065528329
-0.00229960171586
-0.00212995720631
-0.000454910561406
-0.00160861266469
-0.000583624051937
-0.00158250435631
-0.000460757183124
-0.00152484000355
-0.00052764151463
1.6305174258
1.63028765798
1.63056160593
1.63183815956
1.63096597923
1.63142911197
1.63085205996
1.59768849768
1.22833549338
1.63224705078
1.59536691206
1.22894040161
1.00870229042
0.352470388822
1.01120153536
0.360239824488
-0.0392963063364
0.122378719816
-0.0291231559004
-0.0391912781438
0.130382404998
-0.0283335829288
-0.000694067390529
-0.00215608965027
-0.000840705530803
-0.00112936838997
-0.000553381799574
-0.0014351605407
-0.000654533680716
1.63056160197
1.63059612068
1.63051741421
1.63142910368
1.63085205249
1.63183816445
1.63096599147
1.22833556894
1.63555159238
1.59536703653
1.22894042241
1.63224737648
0.352470436725
1.01120161137
0.360239784249
-0.0291230506761
-0.0392960072348
0.130382541048
-0.0283334754823
-0.0391909903914
-0.000840700762723
-0.00163716931849
-0.000694019201244
-0.00143513574225
-0.000654520147297
-0.00112928119501
-0.000553351759682
1.63081134454
1.63375593937
1.63151194752
1.63313439886
1.63156921235
1.63528595959
1.63245660854
1.62927850857
1.62981953067
1.62895858577
1.63043669268
1.62930221057
1.63033987644
1.62913690368
1.62856496639
1.62858281688
1.62856211614
1.62874079546
1.62844973124
1.62861386082
1.62849446328
1.6284877153
1.6285495558
1.62867504756
1.62834252423
1.62836557116
1.62847309827
1.62858228149
1.62991751103
1.62904932323
1.63021121933
1.62848623418
1.62962939159
1.62895836309
1.62997278453
1.63808362238
1.63202207088
1.6369913435
1.63101891015
1.63594729103
1.63158663288
1.63548504911
1.63861063737
-0.0394530940351
-0.0359182370266
-0.0387190878317
-0.0349259089947
-0.0201784884783
-0.0286539482419
-0.0198311024492
-0.0292134419493
-0.0202544693044
-0.0280460261614
-0.0198929198216
-0.00959477310675
-0.0139289135728
-0.00916988911272
-0.0150502735143
-0.00975966662904
-0.0142032774687
-0.00967793417975
-0.00360556247391
-0.00617575837501
-0.00422500676775
-0.00640741023156
-0.00407258149312
-0.00671923886466
-0.00475548311462
-0.00205590139363
-0.00321453960492
-0.0027746964532
-0.00286173383968
-0.00242440991024
-0.00363797814175
-0.00306358597481
-0.00206897954699
-0.00256821649633
-0.00224312785609
-0.00229940418057
-0.00212980036706
-0.00271276888339
-0.00230042217149
-0.000583573235045
-0.00155663932018
-0.000454835675391
-0.00152471768921
-0.000527603159049
-0.0015823286459
-0.000460684012668
1.65263647231
1.64041595246
1.65321576219
1.6402078605
1.63612855795
1.63965742039
1.63666819001
1.62870685217
1.6301687909
1.62901750879
1.62838079479
1.62845707322
1.62837099835
1.62853078016
1.62835962876
1.62846139721
1.62944400868
1.62868548249
1.62923399582
1.62977585064
-0.0320367228384
-0.0307445214199
-0.0171608648924
-0.02689833643
-0.0173681111821
-0.00926857745457
-0.0133071538764
-0.00978986861243
-0.00505864034274
-0.00729339977343
-0.00545590044398
-0.00330722268943
-0.00427142418815
-0.00348505677585
-0.00243668896422
-0.00295549253311
-0.00248664355708
-0.00118550799508
-0.0014384718988
-0.00080924712571
-0.00264710277594
-0.00114390186228
-0.00146876978197
-0.000863067843178
1.62927719456
1.63057854122
1.62932926175
1.63100526223
1.62927755906
1.63084674861
1.62925629703
1.62816386385
1.62865325154
1.62811793789
1.62843595337
1.62809228795
1.62840224891
1.62803551248
1.62768837658
1.62781635105
1.62733368394
1.62785718427
1.62772891686
1.62768885171
1.6273840132
1.62779110953
1.62696580678
1.6258426926
1.62769314259
1.62780678142
1.62694662598
1.62589923446
-0.0705239273181
-0.0601145261596
-0.0740000245684
-0.0577937767844
-0.0216544724177
-0.0207336370103
-0.0204336606332
-0.0282170179335
-0.0218950329482
-0.0222236188783
-0.0211832131337
-0.0108387052268
-0.0159012487429
-0.0111968888353
-0.0156969493064
-0.010712761917
-0.015909301103
-0.0108723553812
-0.00470035146307
-0.00716987163784
-0.00469822921635
-0.00742293873076
-0.00523106409808
-0.00743448720004
-0.00517543981874
-0.00267801983704
-0.00308357969843
-0.00254910897731
-0.00390907847854
-0.00318501802501
-0.00380699036304
-0.00309762261912
-0.00222795597829
-0.00233294280628
-0.00223398001129
-0.00271967105924
-0.00232311924572
-0.00267989757233
-0.00232237694597
1.62932924239
1.63061730828
1.62927713729
1.63084672814
1.62925627578
1.63100523287
1.62927750948
1.6281179125
1.62862768372
1.62816378975
1.62840223711
1.62803548037
1.62843591248
1.62809224173
1.62733366863
1.62796177357
1.62768833129
1.62768882402
1.62738399508
1.62785711718
1.6277288767
1.62584270979
1.62767246285
1.62779117614
1.62694661049
1.62589927015
1.62769316625
1.62780685971
0.801491440374
1.01508520971
0.804652359181
-0.108424980687
-0.00644741639036
0.148865416996
-0.116603118423
0.000823741310095
-0.0204334898808
-0.0279455806234
-0.021654005863
-0.0222234553416
-0.0211830387092
-0.0282165444361
-0.0218945138119
-0.011196730365
-0.0157637736118
-0.010838411094
-0.0159092053002
-0.0108722768133
-0.015696499587
-0.0107123723691
-0.00469811591046
-0.00703944888384
-0.00470008183659
-0.0074343746283
-0.00517533140375
-0.00742259521822
-0.00523073414106
-0.00254904973634
-0.00322136930337
-0.00267787949812
-0.00380689999014
-0.00309755958
-0.00390885147331
-0.00318482823752
-0.00223395294422
-0.00241077188876
-0.0022278494783
-0.0026798490733
-0.0023223249427
-0.0027195183503
-0.00232300440226
1.64324077962
1.63991767689
1.65676169024
1.64677966793
1.64141014533
1.64153130502
1.6593638905
1.63051320933
1.63138025763
1.62990043274
1.62974724236
1.63059215349
1.63120254813
1.62994750572
-0.0217218373405
-0.0226744471305
-0.0248039422061
-0.0261314003105
-0.02151431867
-0.0227434797868
-0.024680782555
1.64324071299
1.65676162627
1.63991763914
1.64677958962
1.64141007467
1.65936392616
1.64153120504
1.63051282417
1.62990012982
1.63137989086
1.62974694606
1.63059169261
1.62994714206
1.63120217905
1.63146648066
1.63303060022
1.6316990928
1.63266691291
-0.0291496306187
-0.0280035121763
-0.0316129710168
-0.0294491079394
-0.0297276241746
-0.0275598324213
-0.0309086264248
-0.021723094363
-0.0248054406378
-0.0226756897057
-0.0261328818494
-0.0215157284821
-0.0246821987154
-0.0227448376916
-0.000347996108127
-0.000279122565899
-0.00159560619502
-0.000348848206588
-0.000509039709696
-0.000280571265296
-0.00141113777106
1.63241996386
1.63536194041
1.6304643761
1.63333344214
1.63276967455
1.63428471416
1.63009971666
1.63095291558
1.63210510051
1.63203454701
1.62850869076
1.63284718607
1.6292223501
1.63183424738
-0.0372521733338
-0.0346369671185
-0.0336729028738
-0.0391324480021
-0.0337936419465
-0.0395590257448
-0.0367005927982
1.56932077755
1.45884179916
1.23184270019
1.5715542592
1.45893645333
0.801491448556
1.0150852563
0.804652377729
0.580760830903
0.373471632731
0.586232730545
-0.0459639219419
-0.0469875580778
-0.0298386163433
-0.0387448403367
-0.0459888270473
-0.0471384489387
-0.0312617199528
-0.108425016581
-0.00644741199306
0.148865447389
-0.116603218263
0.00082372795733
-0.0439878995741
-0.036697020893
-0.0432799225652
-0.0291165205216
-0.0447207629659
-0.0310283777393
-0.0391686345054
1.5693210615
1.45884193934
1.23184270611
1.57155456447
1.45893659888
0.580760797956
0.37347148788
0.586232722328
-0.0705237180007
-0.0601142820704
-0.073999971597
-0.0577933826045
-0.0459637049652
-0.0298384017323
-0.0469871167115
-0.0387442612061
-0.0459887606678
-0.031261574383
-0.0471379776107
-0.0439873771522
-0.0366965297734
-0.0291160241956
-0.0432790797178
-0.0310278259633
-0.0447198729006
-0.039167859117
1.63242041146
1.6304647873
1.63536249382
1.63333394341
1.63277012276
1.63010014859
1.63428530419
1.63095332198
1.6321056046
1.62850894112
1.63203509441
1.62922269105
1.63284785167
1.63183456752
-0.0372509750865
-0.0346357432492
-0.0391310597983
-0.0336715652732
-0.0395578470193
-0.0337923498775
-0.0366994924872
1.63146684795
1.63303103363
1.63169966334
1.63266724381
-0.0291484637358
-0.0316114073834
-0.0280017151439
-0.0294473086789
-0.0297259930242
-0.030907556637
-0.0275581385023
-0.00034795343276
-0.00159552738554
-0.000279098095901
-0.000348825570269
-0.000508987813516
-0.00141108946752
-0.000280554531721
1.67670677411
1.64802809974
1.65287037085
1.65278505092
1.66518698915
1.64832206846
1.64423744446
1.63641725783
1.64004065804
1.6422343134
1.64024711963
1.63499964937
1.63538299531
1.63911677668
1.64686366078
1.65715320475
1.65987552484
1.64544633517
1.63978331311
1.64156354959
1.64355733427
1.63846152382
1.63393337265
1.63319727367
1.63634266523
1.63416584796
1.63752650166
1.63716113881
1.63293229054
1.63048606071
1.63075389232
1.63043944995
1.63265051074
1.63235337938
1.63063273611
1.628868179
1.62950418563
1.62956101454
1.62939097413
1.62889520067
1.62877976619
1.6296284667
1.62988314261
1.63190556244
1.63088225063
1.62988519228
1.63149758953
1.63006770253
1.6293670461
1.62905318919
1.62864161558
1.62834165325
1.62929536838
1.62854405307
1.62929957228
1.62883314937
1.62847481693
1.62826469491
1.62829088526
1.62827880741
1.628573767
1.62843153511
1.62835404733
1.62820070492
1.62821777465
1.62819402714
1.62819356121
1.62827550028
1.62820965781
1.62830062587
1.62819182458
1.62843171898
1.62821706779
1.62829727214
1.62829210494
1.62825208931
1.62811629241
1.62814779918
1.6282275587
1.62817394936
1.62832116378
1.62817671287
1.62824612567
1.6281685097
1.6282056661
1.62829876297
1.62829528117
1.6282961405
1.62830310569
1.62820780793
1.62837674669
1.6285097524
1.62838565391
1.62835578496
1.62834124493
1.62863942839
1.62848730903
1.62846755011
1.62825339949
1.62824577856
1.6282208223
1.62833017626
1.62817387157
1.62830806554
1.62825963091
1.62827659912
1.62851642038
1.62840776769
1.6283891246
1.62840263477
1.62836195307
1.62832982956
1.6286224243
1.62898528723
1.62887442046
1.62882006213
1.62880005945
1.62857818968
1.62912604821
1.62955632025
1.62923289733
1.62910181732
1.62903238448
1.63002629058
1.6294961618
1.62942995933
1.62867483783
1.62861623893
1.62850346393
1.62884994222
1.62845569402
1.62893280981
1.62866682325
1.6288552944
1.62982018802
1.62931610624
1.6291270638
1.62933383826
1.62918843359
1.62890325813
1.62998985274
1.63101806517
1.63072145117
1.63072611509
1.63055267638
1.62994883711
1.63148071824
1.63216765446
1.63143800965
1.63146473751
1.63240539498
1.63071413052
1.63038932197
1.62978908798
1.63172379008
1.62980168218
1.63153560862
1.63079072399
1.63165900785
1.63328123402
1.63292286919
1.63188221986
-0.0271042932707
-0.029555372607
-0.0284284859219
-0.0287621455921
-0.0284110057348
-0.0272978786418
-0.0301148910001
-0.0293511547844
-0.029147362974
-0.0282845759135
-0.0320783198541
-0.0276889915015
-0.0310162068802
-0.0301253855125
-0.0248971730188
-0.0231181017596
-0.0225558965649
-0.0225164814528
-0.0259584504871
-0.0249700015754
-0.0234834512055
-0.0178257005901
-0.0205427011252
-0.0201918807181
-0.0200542224307
-0.0181798799601
-0.0176318016541
-0.0207829582556
-0.0222774577236
-0.0262190841105
-0.0252182020916
-0.0235335984729
-0.0249923846548
-0.0234628444036
-0.0221253643025
-0.0196020868028
-0.0176690277412
-0.0166184780656
-0.0201137702315
-0.0170972487894
-0.0204237783656
-0.0191320099565
-0.0157479766427
-0.0136665790184
-0.0136837459758
-0.0135085209369
-0.0158784235444
-0.0155707533897
-0.0136630746935
-0.0102419872572
-0.0117908052326
-0.0119131768829
-0.011771437772
-0.0100273210897
-0.0101075838173
-0.0117483078131
-0.0130721316299
-0.0154035252519
-0.0146248665486
-0.0129238947923
-0.0151020415525
-0.0131571441419
-0.0126800041791
-0.0114159287594
-0.00960734167208
-0.00943489226536
-0.0110134449921
-0.00979095550236
-0.0113215585168
-0.0109807749276
-0.00887244053233
-0.00747417548267
-0.00761220278612
-0.00751814194537
-0.0086166154977
-0.0087721741652
-0.00737676987035
-0.00567328909917
-0.0064306857308
-0.00658557815948
-0.00651410096346
-0.00548069861046
-0.00560667228941
-0.00634102988236
-0.00732038184448
-0.00830631022405
-0.00819974885912
-0.00689029062785
-0.00853845770593
-0.00709209419059
-0.00706022727839
-0.00636505436562
-0.00529347237691
-0.00530293782783
-0.00591372987074
-0.00548510854079
-0.00612385216741
-0.00611279027635
-0.00495884224077
-0.00426892444383
-0.00432403351408
-0.00428297411879
-0.00478052009675
-0.00491250870333
-0.00420559341191
-0.00339325630848
-0.00377810238906
-0.00383466583878
-0.00381171549318
-0.00335301552155
-0.00337598366129
-0.00373418532867
-0.00422209311628
-0.00465187688243
-0.00467282372354
-0.00400864476496
-0.00482972481031
-0.00410597700571
-0.00412660916788
-0.00377858569301
-0.00331978343163
-0.00333011612344
-0.00359368922357
-0.00336094931054
-0.00367472168024
-0.00369613708033
-0.00304619014217
-0.00273327634953
-0.00270795699938
-0.00270744061217
-0.00301726905491
-0.0030430203772
-0.00273637181832
-0.00205714463135
-0.00242712330509
-0.00240278125394
-0.00240687728937
-0.00217167586996
-0.00204839462598
-0.00244202095272
-0.0027297267759
-0.00300822878459
-0.00302782096624
-0.00277436244321
-0.00304641568334
-0.00274885770633
-0.00277209359116
-0.00243486020063
-0.0021799460522
-0.00215542171864
-0.0024871603566
-0.00204696504665
-0.00245218869295
-0.00249194095057
-0.00168272921743
-0.00139552403208
-0.00116317660478
-0.0012336488322
-0.00182887235234
-0.0016783175883
-0.00143513806348
-0.000159346091639
-0.000728035774167
-0.000218010082409
-0.000607410712409
-0.000156754677316
-0.000690225229335
-0.00086094231984
-0.00116906027975
-0.00177731695661
-0.00163938336208
-0.00128048722085
-0.00164480913168
-0.00130760951044
-0.00116715436324
-0.000181510212852
-9.02279929437e-05
-0.0001163190684
-0.000638120493713
-0.000693796471053
-0.0007322864709
-0.000619429663458
1.63279078869
1.63339014285
1.6324188443
1.63182751286
1.63320052713
1.63238721989
1.63424106603
1.63228282082
1.62873205466
1.63207650637
1.63119656884
1.63232602631
1.63309035769
1.62943691905
1.63264247166
1.63354132042
1.63556700398
1.6306360099
1.63451106387
1.63029379503
1.63296885147
1.63157687754
1.63260938014
1.63246039474
-0.0315483513715
-0.0312102758039
-0.0340437733835
-0.0350567962946
-0.0298345413601
-0.0323649566925
-0.0317102844329
-0.0335858780246
-0.0390528337
-0.0369033238589
-0.0380329391933
-0.035120124022
-0.0340192808396
-0.0400747590878
-0.0364355513411
-0.0310789714788
-0.034923921415
-0.0340189390546
-0.0336793009638
-0.0331164449873
-0.0373457504785
-0.0392513646748
-0.0362521142251
-0.0364397258241
-0.0399657426901
-0.0358507757648
-0.0400700300767
-0.0398609855894
1.46445153988
1.56857795216
1.56150218392
1.23441636697
1.4557331768
1.62757410328
1.62866552986
1.62987391826
1.61983717216
1.62744278854
1.61836438206
1.63081777569
1.56951070311
1.23192251281
1.45898206132
1.45909080986
1.57172936628
0.810882163811
1.01774909406
0.80765147706
0.597022866473
0.381992285717
0.592042179764
1.01510965917
0.801428731694
0.804610197735
0.373228933058
0.580602438165
0.586108561659
-0.0423573673666
-0.0282627326585
-0.0374612521895
-0.0410861207149
-0.0360303088458
-0.0433028982134
-0.029776839856
0.0173875394231
-0.0711489907195
-0.0870740448668
0.164609754639
0.0154058326053
-0.0675936722071
-0.0615439030024
-0.0583136867422
-0.0712066292303
-0.108459249613
0.14845952888
-0.00761378376683
-0.000243212753299
-0.116676173305
1.46445162659
1.56857827071
1.56150242964
1.23441647999
1.45573332243
1.61278611195
1.62085220114
1.61281555541
1.62348865392
1.62545702762
1.61569089492
1.62399387703
1.56951097208
1.2319226156
1.45898216445
1.45909092415
1.5717296436
1.62757427564
1.62866588306
1.61983744459
1.62987431917
1.61836455845
1.62744312618
1.63081801918
0.597022761676
0.381992276646
0.592042282484
1.01510968354
0.801428724337
0.804610256974
0.373229017787
0.580602537139
0.586108766914
-0.0503568457947
-0.0550638620627
-0.0611675024702
-0.052569592839
-0.0282622858873
-0.0423566447678
-0.0374609510939
-0.0410857105367
-0.0360295558363
-0.0297763906329
-0.0433022749236
-0.108458947733
0.148459610113
-0.00761373782828
-0.000243062904867
-0.116675946594
-0.0675931712704
-0.061543384811
-0.0583130576576
-0.0712062217597
1.62873238644
1.63228340271
1.63207684383
1.63119698271
1.63232649778
1.62943726104
1.63309092063
1.63339067215
1.63279115871
1.63241921037
1.63182793144
1.63320114903
1.63424162766
1.6323877244
1.63264283936
1.63354181905
1.63063639836
1.63556768748
1.63029414126
1.63451162156
1.6329693146
-0.039051729864
-0.0335846555819
-0.0369022317348
-0.0380317709436
-0.0351191948061
-0.0400738766698
-0.034018109005
-0.0312091491147
-0.0315472823818
-0.034042461796
-0.035055499459
-0.0298333397131
-0.031709134779
-0.0323636730018
-0.0392502131984
-0.0362513220339
-0.0399649441704
-0.0364388855823
-0.0400692968397
-0.0358497397001
-0.0398600981418
-0.036434267772
-0.0310776879245
-0.0340178545396
-0.0349225230771
-0.0331152515243
-0.0336778531018
-0.0373445031762
1.64004064427
1.63641716189
1.64223427793
1.64024707133
1.63499954847
1.63911677903
1.63538289885
1.64686371234
1.65715330996
1.65987557085
1.64544634974
1.63978334177
1.64156357923
1.64355739115
1.63846149239
1.63393325793
1.63634260568
1.63319714119
1.63752648667
1.63416576181
1.63716112263
1.62950378583
1.62886751703
1.62956055891
1.6293904377
1.62889464272
1.6296279816
1.62877902549
1.62988275859
1.63190532434
1.62988484584
1.63088201376
1.6300673283
1.6314973779
1.62936669451
1.62905266317
1.62864097784
1.62929491345
1.62834104353
1.62929906673
1.62854334382
1.62883266497
1.6282170844
1.62819984561
1.62819322594
1.62819266359
1.62827479263
1.62829986983
1.62820873699
1.62819095593
1.62843099995
1.628296597
1.62821638722
1.62825132184
1.62829128479
1.62811553952
1.62814695852
1.62822678931
1.62832049832
1.62817321378
1.62824537298
1.62817585354
1.62816779629
1.6283851373
1.62850932969
1.62835528941
1.62834071163
1.62863907939
1.62846704737
1.62848689412
1.62825270919
1.62824500872
1.62832956818
1.62822009461
1.62830740023
1.62817305695
1.62825902501
1.62827610986
1.62851602258
1.62838867009
1.62840739107
1.62836148512
1.62840228208
1.6283293908
1.6292328161
1.62955637696
1.62910174182
1.6290323824
1.63002642258
1.62942987226
1.62949616668
1.62867475145
1.62861596802
1.62884975546
1.6285031973
1.62893262829
1.62845547168
1.62866667808
1.62885528094
1.62982024334
1.62912705901
1.62931621989
1.62918836759
1.62933391271
1.62890325035
1.63216800166
1.63143829916
1.63146511775
1.63240584181
1.63071453647
1.6303895808
1.63172426674
1.62978948914
1.63153597574
1.62980198177
1.63079126346
1.63165948138
1.63328182256
1.632923283
1.6318828649
-0.0295542240757
-0.0271029563627
-0.0284271858676
-0.0287607724471
-0.0284096709145
-0.0301136303192
-0.0272963933053
-0.0293496119785
-0.02914593111
-0.0320767860389
-0.0282828334391
-0.0310146440391
-0.0276873112443
-0.0301237340498
-0.0205414180284
-0.0178244340766
-0.0201904928124
-0.0200529010285
-0.0181785433193
-0.0207816491058
-0.0176305037856
-0.022275964084
-0.0262176757253
-0.0235320838835
-0.025216487592
-0.0234615299213
-0.0249909330304
-0.022123707542
-0.0196005423046
-0.0176678377119
-0.0201124674343
-0.0166171348962
-0.020422487856
-0.0170958406761
-0.0191304585796
-0.0117897467188
-0.0102410969353
-0.011911977572
-0.0117703199782
-0.0100261508309
-0.0117472689783
-0.0101066282113
-0.0130709235156
-0.0154023464381
-0.0129227477659
-0.0146235794542
-0.0131560335373
-0.0151008040399
-0.0126788716539
-0.0114147034544
-0.00960631703942
-0.0110123068449
-0.00943370228744
-0.0113204764485
-0.00978982040438
-0.0109795084024
-0.00643000315463
-0.0056726088811
-0.00658476956291
-0.00651313950822
-0.00547994707146
-0.00634037841481
-0.00560604878148
-0.00731925669452
-0.0083055028147
-0.0068894711126
-0.0081987031542
-0.00709123203161
-0.00853743894945
-0.00705922895127
-0.00636417371914
-0.00529292229302
-0.00591299809227
-0.00530220702741
-0.00612314419086
-0.00548444995843
-0.00611194973596
-0.00377788288296
-0.00339317873021
-0.0038343824435
-0.00381140993556
-0.00335282543245
-0.0037339552452
-0.00337589486227
-0.00422164612205
-0.00465147956454
-0.00400825267718
-0.00467231939542
-0.00410564603507
-0.00482925081235
-0.00412615913899
-0.00377831360457
-0.00331965980254
-0.00359340835386
-0.00332992097601
-0.00367445039811
-0.00336077444598
-0.00369578050722
-0.00242733417209
-0.00205756367799
-0.00240310740668
-0.00240714858711
-0.00217185869519
-0.00244224796687
-0.0020488382912
-0.00272982468107
-0.00300823122774
-0.00277439817376
-0.00302781547694
-0.00274897103654
-0.00304641597245
-0.00277211968234
-0.00243512855189
-0.00218015038656
-0.00248723404814
-0.00215554409501
-0.00245236733838
-0.00204727565645
-0.0024920504023
-0.000728241738229
-0.000159450965583
-0.000218078900206
-0.000607694388022
-0.000156856112531
-0.000690437398364
-0.000861101129612
-0.00116926399301
-0.00177743552836
-0.00128051325731
-0.00163949435422
-0.00130766950256
-0.00164499404788
-0.00116726812311
-0.000181551405571
-9.02815070146e-05
-0.000116383403995
-0.000638229464229
-0.00069381532829
-0.000732338204093
-0.000619559834273
1.65522698389
1.64107419708
1.65391320463
1.64081375307
1.63838563106
1.64194934414
1.63727776624
1.63493746363
1.63096209919
1.63528277016
1.63234238823
1.63579837189
1.63014726939
1.63443805312
1.64027284054
1.65249512909
1.65305056849
1.6400309669
1.63601425111
1.63653121704
1.63951372021
1.63430284168
1.63191326
1.62931081969
1.63340357192
1.6296925972
1.63384707833
1.63386300339
-0.00112447295439
-0.000886258082476
-0.00131267831721
-0.00257509913526
-0.00107611210012
-0.000914309789493
-0.0013793221648
-6.54278758074e-05
-0.000152016986691
-6.98965222272e-05
-0.00058430199861
-0.000674835474356
-0.000572801400244
-0.000697944854322
-0.0011103700892
-0.00257467366919
-0.00078163847668
-0.00140507885416
-0.000791351383678
-0.00140033851096
-0.00110715289163
-0.000163737961829
-8.00462065957e-05
-7.5465396918e-05
-0.000582460412892
-0.000714854046037
-0.000712923625547
-0.000582696136976
1.63493741936
1.63528269088
1.63096195042
1.63234222155
1.63579832758
1.63443798457
1.63014712205
1.64027289802
1.65249513923
1.65305063148
1.64003098051
1.63601424265
1.63653124076
1.63951369412
1.63430280744
1.63191307775
1.63340345559
1.62931062644
1.6338469983
1.62969245786
1.63386290616
-6.54609835298e-05
-0.00015201958264
-6.99393509783e-05
-0.000584363012053
-0.00067484886098
-0.000572899951052
-0.000697978558492
-0.00111040144926
-0.00257451923471
-0.00140492576151
-0.000781414603276
-0.00140028010314
-0.000791247581921
-0.00110706910105
-0.00016372181928
-8.00073126403e-05
-7.54727304716e-05
-0.000582487032794
-0.000714784337347
-0.000712913632844
-0.000582665116864
1.65216676803
1.63929085051
1.65202544133
1.6390707614
1.63571728882
1.63920522011
1.63557934786
1.63348873331
1.62912423646
1.63316177707
1.63124634587
1.63360317329
1.62902524899
1.63304209223
1.63931994651
1.65225357486
1.65205537897
1.63909990279
1.63578326093
1.63560446253
1.63929086741
1.63351884414
1.63127586548
1.62921808824
1.63322937949
1.62905786413
1.63306889984
1.63369287243
-0.001086102285
-0.000700123254443
-0.00139675897302
-0.00260435348076
-0.00108510107429
-0.000696471495836
-0.00140162668909
-8.18747239853e-05
-0.000172832040481
-8.51778438432e-05
-0.000579630553672
-0.000713800814033
-0.000577014341148
-0.000717679483819
-0.00109067393203
-0.00260988469344
-0.00071709393559
-0.00141066783346
-0.000699637634236
-0.00140691056474
-0.00110161663385
-0.00017506493783
-8.84058946513e-05
-8.72263517775e-05
-0.000583052627236
-0.000723087072453
-0.000721542617705
-0.000588692911011
1.63348855446
1.63316164725
1.6291240236
1.63124616326
1.63360299851
1.63304193573
1.62902499237
1.6393199306
1.6522534808
1.65205532426
1.63909979925
1.6357832326
1.63560437345
1.63929076233
1.6335186618
1.63127569506
1.63322930386
1.62921794481
1.63306874084
1.62905760276
1.63369272363
-8.1844755109e-05
-0.000172797031137
-8.51293340657e-05
-0.000579507187713
-0.000713709756347
-0.000576968619555
-0.000717590964522
-0.00109049662931
-0.00260959803945
-0.0014103937414
-0.000716794566587
-0.00140675491817
-0.000699405224102
-0.0011014025061
-0.000175005313194
-8.82856465113e-05
-8.71424904616e-05
-0.000582915590391
-0.000722911117597
-0.000721397736639
-0.000588458042411
1.6526365141
1.64041592376
1.65321580635
1.64020791496
1.63612857336
1.63965747812
1.63666820343
1.634529731
1.62948335395
1.63352734045
1.63213195045
1.6340230795
1.6299837023
1.63400640166
1.64122916413
1.65530126403
1.63847017667
1.65405888438
1.64196213828
1.64097777692
1.63744521922
1.63193000265
1.63526849406
1.63647915364
1.63524816641
1.63268573736
1.63062962358
1.63466414093
-0.00118577255346
-0.000809517642989
-0.00143868806183
-0.00264732627488
-0.00114417740699
-0.000863330400568
-0.00146899316081
-9.57803630263e-05
-0.000186854977026
-0.000107229306883
-0.000639780231896
-0.000739824646024
-0.000610671679142
-0.000764019090951
-0.0011170642592
-0.00160150877406
-0.00145758853981
-0.00126703158668
-0.00269535723037
-0.00104386301899
-0.00152572751001
-0.000196619466826
-0.000213085538543
-0.000965989030018
-0.000132987067146
-0.00086474485605
-0.00069955701548
-0.000804835737129
1.63452967124
1.63352729362
1.629483287
1.63213191657
1.6340230145
1.6340063653
1.62998362314
1.64122917175
1.6384701818
1.65530131074
1.65405887683
1.64196214283
1.64097772775
1.63744519513
1.63526847568
1.63192990466
1.6364790883
1.63524809563
1.63268564117
1.63466405492
1.6306295076
-9.56701175475e-05
-0.000186783495215
-0.000107113854053
-0.000639561079123
-0.000739631724992
-0.00061041986963
-0.000763812419988
-0.00160138602112
-0.00111688718728
-0.00145745074937
-0.00126682490982
-0.00269515275592
-0.00152554638558
-0.0010436304329
-0.000196558476258
-0.000965878102356
-0.00021302911578
-0.000132905653745
-0.00086460992939
-0.000699368262029
-0.000804679226762
1.64683269327
1.64326215508
1.65668600159
1.6415062915
1.64413393529
1.6399891462
1.64114313081
1.64140856564
1.65489524815
1.64256212227
1.63882890445
1.6387354139
1.63781399778
1.63983480827
-0.000367773739604
-0.000397041839431
-0.000379336821982
-0.00144319411212
-0.00041123762013
-0.00181971567519
-0.000538508453075
-0.000442710358196
-0.000346943479004
-0.000404449305529
-0.00177078966318
-0.000253393776037
-0.00193692399277
-0.000237129695772
1.64066566324
1.65241373624
1.64020972353
1.6367192313
1.63810276044
1.63716595629
1.63763465538
1.63982725007
1.65213230809
1.63995423327
1.63648874446
1.63728071911
1.63635837338
1.63741529896
-0.000440326279494
-0.000346267892245
-0.00046168925164
-0.00198602680642
-3.41274135881e-05
-0.00190096731777
-3.64938218925e-05
-0.000476648568836
-0.000343641148337
-0.000473919241267
-0.00199139186112
3.8077345813e-05
-0.00200923938933
3.58926171178e-05
1.63982722079
1.65213230876
1.63995422825
1.63648871367
1.63728068462
1.63635833206
1.63741525906
1.64066570513
1.65241378626
1.64020969778
1.63671920945
1.63810282442
1.63716597235
1.6376346492
-0.000476657770448
-0.000343649599253
-0.000473906419918
-0.00199136333784
3.80474952833e-05
-0.00200922939624
3.59588291953e-05
-0.000440260289874
-0.000346205304134
-0.000461660535908
-0.00198596095339
-3.39932689581e-05
-0.00190088981398
-3.64258133584e-05
1.6414085587
1.65489531889
1.64256210946
1.63882888995
1.63873546227
1.63781397981
1.63983484323
1.64683281609
1.65668605024
1.64326223603
1.64413397543
1.64150638547
1.63998918133
1.6411431894
-0.000442677677543
-0.00034691496491
-0.0004044099053
-0.00177068812108
-0.000253317040714
-0.00193682018349
-0.000236997230538
-0.000367735675516
-0.000379319384426
-0.000396934156439
-0.000411199841433
-0.001443054418
-0.00181958361321
-0.000538366184289
1.64307706009
1.65652255347
1.64670983827
1.64098027951
1.64135338656
1.64399189508
1.63984817094
1.65232668075
1.6379953836
1.64056619441
1.63754396275
1.64012543649
1.63665063997
1.63708476085
1.65205955808
1.63721175799
1.63976419823
1.63734130099
1.63988605959
1.63643537416
1.6363086391
1.65474659552
1.63860160767
1.6412866198
1.63968362402
1.64243329747
1.63871215313
1.63770931492
-0.0636693755976
-0.0737369968047
-0.0754388626016
-0.0652752845464
0.798919532797
1.01003361126
0.797022702188
-0.0135883484956
-0.123121280063
-0.12603322004
0.126027788617
-0.017030749365
1.63189269416
1.63035437687
1.63106472206
1.63121398393
1.6300040392
1.63203000495
1.63047270174
-0.0232651373481
-0.0255426830126
-0.0220212240572
-0.0219785460431
-0.027646732632
-0.0232502091814
-0.0257881641144
-0.076797250576
-0.0664497177513
-0.0766307790776
-0.0666201636704
0.794287928597
1.00823588133
0.794031550146
-0.128507113906
-0.0203941877285
0.121394573219
-0.128308504421
-0.0206854610562
1.63170732227
1.63246753595
1.63089849322
1.63036824514
1.63166721243
1.6325031281
1.6309379112
-0.0221778768194
-0.023526831658
-0.0262343174052
-0.028143678347
-0.0221699737579
-0.0235352247554
-0.0262464538223
-0.0756327720324
-0.0660780380884
-0.0763655978743
-0.0652941642589
0.794827660775
1.00924150662
0.79572557682
-0.12705533168
-0.0199140227426
0.123773056478
-0.128087788588
-0.0186038323775
1.63131232153
1.63227944509
1.630736159
1.63006585592
1.63148066249
1.6321240412
1.63058614619
-0.0218721977798
-0.023321475244
-0.0259025298666
-0.0275501577385
-0.0219902973572
-0.0231956455967
-0.0256738360078
1.65474658533
1.63860166376
1.64128663075
1.63968366103
1.64243329845
1.63871219432
1.63770935614
-0.00025046822898
-0.000332958122107
-0.000286754915603
-0.000452788906214
-0.00123928708609
-0.00036343052655
-0.00170298600245
-0.000316077112796
-0.000217297835071
-0.000426188814226
-0.000173613071678
-0.000377588907139
-0.00169538837505
-0.00189119774554
1.6520595068
1.63721173768
1.63976417915
1.6373412811
1.63988604145
1.63643535462
1.63630862172
-0.00034134621226
-1.05140149249e-05
-0.000431212330342
-2.67126508469e-05
-0.000457828922897
-0.00197186883014
-0.00187227148229
-0.000342212723242
3.78175796283e-05
-0.000477876317993
3.96090645512e-05
-0.000473775088971
-0.00198539453138
-0.00200733583402
1.65232666577
1.63799534754
1.64056619433
1.63754396535
1.64012545884
1.63665065336
1.63708475096
-0.000342214726147
3.77780243355e-05
-0.000477880652245
3.9663898766e-05
-0.000473741381722
-0.00198534871384
-0.00200733937603
-0.000341293866539
-1.04273486176e-05
-0.000431161910162
-2.67269063776e-05
-0.000457816495856
-0.00197186537323
-0.00187221778943
1.65652260702
1.64307708692
1.64670988392
1.64098028853
1.64399193561
1.64135340463
1.63984816247
-0.000316060231752
-0.000217258608854
-0.000426139045374
-0.000173578380932
-0.000377560859239
-0.00169535116951
-0.00189113004472
-0.000332995895205
-0.000250564506753
-0.000286799198416
-0.00045284037389
-0.000363432600619
-0.00123933299684
-0.00170296301974
1.63035402512
1.63189223592
1.63106421609
1.63121341197
1.63000373146
1.63047232753
1.63202949956
1.63141466668
1.63015041953
1.6307873555
1.63235194327
1.63066358656
1.63222481938
1.63155184217
-0.0289918607997
-0.033045575252
-0.0308990085524
-0.0314788383976
-0.0318263033341
-0.0294927747913
-0.0336032956721
-0.0319191781275
-0.0322130761913
-0.0300866068352
-0.0342445315133
-0.0298723481605
-0.0340395504836
-0.0321639748586
-0.0255447105301
-0.0232667510527
-0.0220230755312
-0.0219804411376
-0.0276485117641
-0.0257901191079
-0.0232518317787
-0.0220592502476
-0.0279135972342
-0.0261490618622
-0.0234628406345
-0.0260157642271
-0.0233883578014
-0.0221207251161
1.46077113717
1.57513829798
1.57712422476
1.22856825009
1.46179699313
1.57873808127
1.22845710313
1.46348171999
1.46286373662
1.57972493097
0.798919488392
1.01003359945
0.797022652706
0.576437471325
0.356285069835
0.573524916159
1.00925876887
0.794822087136
0.795708903893
0.353914921344
0.570367835718
0.571600971047
-0.0135885265279
-0.123121590058
-0.126033431811
0.126027760853
-0.0170307789721
-0.0757887744381
-0.0663221277443
-0.0656027685875
-0.0765127371121
-0.127115552358
0.12374692331
-0.0199448819186
-0.0186613973725
-0.128125129734
1.46077122733
1.57513859069
1.57712446244
1.22856830962
1.46179710114
1.57873826536
1.22845715026
1.46348178224
1.46286384043
1.57972513959
0.576437538415
0.356285111174
0.573524955247
1.00925878409
0.794822204596
0.795708917989
0.353914820543
0.570367849822
0.571600984543
-0.0636687752137
-0.0737365353542
-0.075438500594
-0.0652747840372
-0.127115176563
0.123746934601
-0.019944830692
-0.0186613163256
-0.128124851313
-0.0757883733236
-0.0663215746838
-0.0656021301744
-0.076512329159
1.63141524333
1.63015074867
1.63235242783
1.63078776734
1.63222531354
1.63066399074
1.6315524009
-0.0330439748186
-0.0289899892712
-0.0308972494039
-0.0314768899262
-0.0318245671031
-0.0336016323148
-0.0294906925019
-0.0319171515337
-0.0322112992709
-0.0342426102263
-0.0300843947083
-0.0340376864017
-0.0298701461
-0.0321618562495
-0.0220575464666
-0.0279119933062
-0.0234612498584
-0.0261471588499
-0.0233868270357
-0.0260138725718
-0.0221190171814
1.63170680373
1.6308980955
1.63246704025
1.63036790219
1.63166668454
1.63093753892
1.63250266644
1.63169243182
1.63035499713
1.63086385904
1.63242683196
1.63092656576
1.63248720572
1.63162425489
-0.032335296379
-0.0302176218384
-0.0343993732061
-0.0325464970558
-0.0323102757992
-0.0302415616466
-0.0344161109121
-0.0322600554409
-0.0324766397858
-0.0300219207004
-0.0341580979646
-0.0301770081722
-0.034334953371
-0.0320811278185
-0.0221798249017
-0.0262363104443
-0.023528394777
-0.0281453650161
-0.0221717108684
-0.0262485610587
-0.0235368541242
-0.0221519930789
-0.0280911734639
-0.0260886097119
-0.0234397313902
-0.0261994681926
-0.0235045268013
-0.0220877346317
1.58064277564
1.46393069965
1.22831596784
1.58037850773
1.46409105386
1.58062697988
1.22830799621
1.46389372497
1.46407781911
1.58033408143
0.794287927582
1.00823588614
0.794031468968
0.569648618233
0.351244341135
0.569316119433
1.00823159829
0.794288524497
0.794031304864
0.351249604247
0.569658219448
0.569318804461
-0.128507272361
-0.020394240048
0.121394721769
-0.128308864844
-0.0206855794276
-0.0767648088402
-0.0663051041909
-0.0665723788077
-0.0765290642136
-0.128498922151
0.121396130872
-0.0203558187018
-0.0206771902761
-0.128261009802
1.5806429322
1.46393082304
1.22831595854
1.58037864597
1.46409109281
1.58062711255
1.22830801407
1.46389377899
1.46407790532
1.58033430692
0.569648721436
0.351244481081
0.569316183851
1.00823159639
0.794288588171
0.794031283829
0.351249652962
0.569658308244
0.569318905648
-0.076796927207
-0.0664490295706
-0.0766302373599
-0.0666195705148
-0.128498718153
0.121396116857
-0.0203557745633
-0.0206771721101
-0.128260874179
-0.0767644804672
-0.066305017457
-0.0665720544672
-0.0765289317543
1.63169296766
1.63035538316
1.6324273768
1.63086428436
1.63248771885
1.63092697598
1.63162483547
-0.0323331572856
-0.034397321808
-0.0302154098042
-0.0325444580129
-0.0323082746216
-0.0344141637353
-0.0302393235885
-0.0322580696934
-0.0324746433716
-0.0341561480578
-0.0300197099541
-0.0343330637657
-0.030174990436
-0.0320796668954
-0.0221502314595
-0.0280896217765
-0.0234382598609
-0.0260866621073
-0.0235031196324
-0.0261976652349
-0.0220862257508
1.63131179131
1.63073574118
1.6322789144
1.6300655019
1.63148008852
1.63058575013
1.63212355771
1.63019543956
1.63166996015
1.63086216881
1.63107191028
1.62987729744
1.63036146875
1.63188334623
-0.031395631601
-0.0297591418992
-0.0338297694006
-0.0317086586594
-0.0317811083695
-0.0294219897518
-0.0334537208627
-0.0285230869147
-0.0323557770257
-0.030355096481
-0.0308856669938
-0.031212074546
-0.0289764712691
-0.0328873428003
-0.0218736602181
-0.0259044223131
-0.0233228576949
-0.0275516508735
-0.0219918808936
-0.025675538359
-0.0231969824387
-0.0250978765319
-0.0228708173106
-0.0216218279551
-0.0217350057429
-0.0272249571468
-0.0253829216091
-0.0230247908355
1.5786361172
1.46341981169
1.22841073479
1.57964976455
1.46278076282
1.46064817874
1.57498440826
1.57699330176
1.22851419314
1.46169170482
0.794827544025
1.00924148637
0.795725500912
0.570388991668
0.353979316376
0.571645080468
0.798972672107
1.01001954038
0.797056795617
0.576561170634
0.356406546373
0.573604725379
-0.12705541597
-0.0199141130132
0.123773238374
-0.128088079968
-0.0186038330621
-0.0632906810993
-0.0742067939506
-0.0753678662094
-0.0650088846268
-0.0132897530467
-0.12307699071
-0.125926752351
0.126118287396
-0.0168905186745
1.57863632792
1.46341993932
1.2284107906
1.57965001341
1.46278087939
1.46064827992
1.57498471018
1.57699349511
1.2285141843
1.46169181053
0.570389161109
0.353979469262
0.571645222094
0.798972648958
1.01001964314
0.797056917611
0.576561178776
0.356406573747
0.573604725815
-0.0756326693657
-0.0660778509649
-0.0763654721017
-0.0652939529766
-0.0132897555947
-0.12307693832
-0.125926664259
0.126118241425
-0.0168905495396
-0.0632905398279
-0.0742067501144
-0.0753677427653
-0.0650087447225
1.63167041911
1.63019579981
1.63086262471
1.63107240419
1.62987765543
1.63188384021
1.63036184022
-0.0313937957729
-0.033828083233
-0.0297572680819
-0.0317069893832
-0.0317794853877
-0.033451987962
-0.0294200553028
-0.032354006497
-0.0285214595914
-0.0303533561555
-0.0308838052442
-0.031210480929
-0.0328855002314
-0.0289747417975
-0.0228694966596
-0.0250963107886
-0.0216205192239
-0.0217336801444
-0.0272234963937
-0.0230234209141
-0.0253814947398
1.63095640968
1.62527345617
1.62027388367
1.63035105982
1.63220488662
1.62525860597
1.62147539378
1.63248244245
1.62184405991
1.63332456055
1.63517752346
1.63377649087
1.63424514731
1.62313976767
1.62027397451
1.63012646254
1.6309566719
1.62525864752
1.62147547141
1.63035115289
1.63220511431
1.63733491062
1.64002173912
1.63847232986
1.63290924768
1.62566870153
1.62217088041
1.6307662477
1.63288476389
1.62565597745
1.62214977587
1.63828002659
1.63710689465
1.62551100426
1.63636144945
1.63802189578
1.63735643669
1.62572362101
1.62217095876
1.6307831057
1.63290946877
1.62565601369
1.62214985358
1.63076635235
1.6328850013
1.64034193606
1.64220044943
1.64050546172
1.63212989277
1.6252172246
1.6214108373
1.63002623206
1.6308291445
1.62519272572
1.62016129454
1.63641039241
1.63641388338
1.62490612141
1.63478229293
1.63734037863
1.63549890986
1.62415012586
1.62141093182
1.63029731128
1.63213015129
1.62519277739
1.6201613949
1.63002638205
1.63082939967
1.6398570672
1.6408631022
1.63923891542
1.62736792317
1.6296726114
1.61966053299
1.62845637213
1.63062829316
1.62722516413
1.61817010398
1.63553220927
1.63491491824
1.63397817018
1.63256829796
1.63344998416
1.6362656551
1.63387217333
1.63292235174
1.63304631751
1.63533625842
1.63553160333
1.63491446507
1.63397760305
1.62736816744
1.61966083705
1.62967299931
1.62845668136
1.63062854998
1.61817039313
1.62722550724
1.63256871933
1.63626617171
1.63345039147
1.63387257127
1.63292279792
1.63533680275
1.63304669592
1.63279697104
1.63411540066
1.63367797886
1.63646350924
1.63329777478
1.63555662319
1.63312614287
1.63512709999
1.63574323978
1.63420787764
1.63279743412
1.63411612386
1.63646420041
1.63367853895
1.63555725392
1.63329829438
1.63312669812
1.63512761927
1.63574397059
1.63420853785
1.63371290772
1.63222607375
1.63247672963
1.63400206736
1.6327199142
1.6344668212
1.63428105603
1.63289107499
1.63436453509
1.6374826145
1.63388947303
1.63430661683
1.63625608362
1.63476254985
1.63813582794
1.63679200332
1.63154017346
1.63401631821
1.63448420581
1.63699360697
1.63759803853
1.63197402259
1.63472696828
1.63675873067
1.63539416774
1.63902941184
1.63514609306
1.638689634
1.63499544442
1.63503718058
1.63769729639
1.63871182208
1.63280909932
1.63828350091
1.63250729689
1.63534688293
1.63733408783
1.64002098764
1.63847148715
1.64097837267
1.63994760842
1.63936466433
1.63652210131
1.63489405386
1.63650141233
1.62497934221
1.63561976327
1.6242506625
1.63742166131
1.62184439859
1.63248287525
1.63332492461
1.63517788261
1.63377695688
1.62314009044
1.63424556147
1.63652231364
1.63489440625
1.62497950094
1.63650157116
1.62425087089
1.63562002663
1.63742182275
1.63154059575
1.63679268177
1.63401677113
1.63448465718
1.63699423126
1.63197444815
1.63759872105
1.63748332506
1.63436508183
1.63388997387
1.63430710325
1.63625674694
1.63813649179
1.6347630107
1.63503760784
1.63769782947
1.63280939781
1.63871244024
1.6325076126
1.63828415532
1.63534726888
1.63472741558
1.63675937119
1.63903008669
1.63539471025
1.63869040898
1.63514660001
1.63499597186
1.64097905098
1.63994834186
1.63936548577
1.63371352972
1.63222672857
1.63247741874
1.63400269497
1.63272061915
1.63446750612
1.63428160772
1.63289177588
1.63306304843
1.63460116785
1.63301453838
1.63465234319
1.63304809923
1.63455674727
1.63463732504
1.63296954643
1.63526977561
1.63556623017
1.63927061606
1.63738595375
1.63519102192
1.63563707494
1.63936264039
1.63570364478
1.63901816156
1.63309934481
1.63864052352
1.63561187366
1.63913650364
1.63319075984
1.63525543335
1.63736864753
1.63552013637
1.63922120126
1.63562212212
1.63934629637
1.63514673081
1.63568933122
1.63862422389
1.63896794461
1.63306272323
1.63911971403
1.6331770878
1.63556858727
1.64034119253
1.64219983625
1.64050470252
1.64218254522
1.6402862043
1.64048637955
1.6382633369
1.63634511015
1.63705403066
1.62546775806
1.63733866131
1.62570837019
1.63797329642
1.63828033084
1.62551120381
1.63710717637
1.63636179179
1.63802215401
1.62572387714
1.63735681707
1.6382636081
1.63634551782
1.62546804879
1.63705442423
1.62570864711
1.63733906982
1.63797359796
1.63570409216
1.63309969085
1.63901880086
1.63864105471
1.63561234442
1.63319114598
1.63913716414
1.63527031579
1.63927137585
1.63556682602
1.63738675692
1.63519159238
1.63936343994
1.63563768483
1.63568975784
1.63862474257
1.63306306757
1.6389685017
1.63317742065
1.63912030159
1.63556897408
1.63525594705
1.63736937648
1.63922177201
1.63552070695
1.63934702187
1.63562268125
1.6351472496
1.64218319751
1.64028683261
1.64048708078
1.63306367354
1.63460180654
1.63301516447
1.63465290863
1.6330486968
1.63455741253
1.63463790639
1.63297020712
1.6326119305
1.63439110539
1.6328152427
1.63417289145
1.63351434969
1.63204786992
1.63233598625
1.63385654274
1.63462008702
1.63531766321
1.6389474788
1.6366360264
1.63492220958
1.63503422305
1.63857455411
1.63493205351
1.63862772407
1.63274411579
1.63759145023
1.6352741235
1.63816568754
1.6324174551
1.63417501965
1.63730623174
1.63371301874
1.63417049956
1.63610134555
1.63461814866
1.63799197447
1.63661070309
1.63139284819
1.63384324503
1.634348152
1.63685685333
1.63744903233
1.63185510477
1.6398564152
1.64086257023
1.63923836629
1.63714516936
1.63987501521
1.63831306472
1.63230222077
1.62168932061
1.63315636759
1.63503554029
1.63363457282
1.63409306537
1.62301026807
1.63641072626
1.62490640598
1.63641433184
1.63478263871
1.63734073555
1.62415042073
1.63549933017
1.62168957075
1.63230253801
1.63315662694
1.63503580712
1.6336348625
1.6230105132
1.63409336618
1.6349325567
1.63274448321
1.63862830392
1.63759194627
1.63527460839
1.63241787684
1.63816631497
1.63462066638
1.63894814656
1.63531825033
1.63663679341
1.63492281315
1.63857532056
1.63503486046
1.63139316801
1.63661121657
1.63384364711
1.63434862246
1.63685729261
1.63185545333
1.63744955353
1.63730675953
1.63417550265
1.63371348957
1.6341710495
1.63610201173
1.63799263185
1.63461870277
1.63714577763
1.63987543401
1.63831360388
1.63261256071
1.63439175845
1.63281587554
1.63417348003
1.63351491391
1.63204841052
1.63233654706
1.63385709268
)
;

boundaryField
{
    walls
    {
        type            zeroGradient;
    }
    inlet0
    {
        type            zeroGradient;
    }
    inlet1
    {
        type            fixedValue;
        value           uniform 0;
    }
}


// ************************************************************************* //
