/*--------------------------------*- C++ -*----------------------------------*\
  =========                 |
  \\      /  F ield         | OpenFOAM: The Open Source CFD Toolbox
   \\    /   O peration     | Website:  https://openfoam.org
    \\  /    A nd           | Version:  7
     \\/     M anipulation  |
\*---------------------------------------------------------------------------*/
FoamFile
{
    version     2.0;
    format      ascii;
    class       volScalarField;
    location    "4";
    object      p;
}
// * * * * * * * * * * * * * * * * * * * * * * * * * * * * * * * * * * * * * //

dimensions      [0 2 -2 0 0 0 0];

internalField   nonuniform List<scalar> 
5218
(
1.80020790091
1.76943617836
1.7584135924
1.75093110659
1.74511366652
1.7408303314
0.0232164200013
0.0167990889767
0.011448083076
0.00773034972056
0.00482669171213
0.00232972296656
1.79286563465
1.76763564989
1.75769557455
1.75034337872
1.74329062075
1.73352430935
1.71938775572
0.0318503126348
0.0152087892365
0.00990321289808
0.00711253500988
0.00468629276129
0.00234893206839
1.79158246237
1.76722347207
1.75754542359
1.75022103081
1.74245900007
1.72787087302
1.6776707133
1.13630891013
0.294579631824
0.0436576770012
0.0145323894106
0.00907126633908
0.00677852031122
0.00459126284408
0.00230419302138
1.79384180412
1.76851675472
1.75808413026
1.75066264379
1.7442991169
1.73780920954
1.72547325165
0.0263542195018
0.0163084777845
0.0108719272158
0.00749748707746
0.00475948300011
0.00231775003268
1.80631702129
1.77181010928
1.75955741547
1.75177538709
1.74587485991
1.74193447466
0.0227485034282
0.0178293282302
0.012255010648
0.00818288293168
0.00517576867073
0.00256063594844
1.77732917808
1.76773016044
1.75769443976
1.75081027734
1.74573208313
1.74278224261
0.0241591931265
0.0160862682855
0.0109864891113
0.00769960629694
0.00488740543578
0.002101172331
1.77210118607
1.76228860021
1.7551298064
1.74859299438
1.74230293328
1.73763951248
1.72264720771
0.0304289981005
0.0130028336476
0.00663227577396
0.00540180131359
0.00425579886998
0.00291103687179
1.771027953
1.76228864056
1.75512982829
1.74859298665
1.74230284358
1.73204379947
1.68225561016
1.1302180659
0.245388367384
0.0304288287465
0.0130026779467
0.00663215757961
0.00540169083349
0.00425568542241
0.0026948675764
1.77444151495
1.76672749621
1.75740234364
1.75055270173
1.74491888936
1.74011195655
1.73097237993
0.0284962941804
0.0154957432631
0.00955903231441
0.00714003889485
0.00487488239956
0.00221530160624
1.78489443349
1.76749277726
1.75784628251
1.75092090282
1.74611702979
1.7434567919
0.0229224857295
0.0166327831493
0.0116714749764
0.0077870988783
0.00482426731585
0.00215787236948
1.7751052725
1.76668435909
1.75723314423
1.75076984246
1.74614351773
1.74408898422
0.0244138657493
0.0156464290534
0.0106222972417
0.00763897722332
0.00493374784854
0.00205537929209
1.76971492042
1.7618554652
1.75503774078
1.74868590929
1.74273145691
1.73913823405
1.72612407538
0.0303012816771
0.0128129151535
0.00603116546285
0.00505438240105
0.00421792779251
0.00272276902831
1.76854552366
1.7618555098
1.75503778537
1.74868592006
1.74273139684
1.73329938624
1.68480495914
1.12732078425
0.236882094018
0.030301158546
0.0128127888172
0.00603106024591
0.00505428799865
0.00421782939381
0.00231285566329
1.77219500401
1.76570030446
1.75700734484
1.75054498318
1.74537733922
1.74155707298
1.7342321442
0.0288436042849
0.0150020983194
0.0086975304982
0.00680013028912
0.0048645741558
0.00214486677131
1.78205468813
1.7664740569
1.75749261978
1.75089835113
1.74645923789
1.74451883169
0.0231699737566
0.0164846961661
0.0116596988584
0.00781101139783
0.00483234920922
0.00194002858027
1.77558787174
1.76701699268
1.75745511285
1.75084721809
1.74605611523
1.74368137258
0.0243325095109
0.015763122872
0.0107133378514
0.00763429240388
0.00488727422369
0.00203221855298
1.77042889575
1.76226209166
1.75514145479
1.74862852831
1.74234963904
1.73851126172
1.72556484845
0.0303046575121
0.0129612560492
0.00655522852797
0.0053401672236
0.00422345243025
0.00244245950476
1.76931913697
1.7622621637
1.75514150952
1.74862855536
1.74234960177
1.73271102507
1.68387625727
1.12775000339
0.237750840125
0.0303045602743
0.0129611625218
0.00655515509974
0.00534009200956
0.00422337800781
0.00205005130926
1.7727901455
1.76601148467
1.75717538867
1.7505956891
1.74526997137
1.74107053659
1.73373567681
0.0286557642146
0.0151116073116
0.00890503860712
0.00687561416713
0.00484002785464
0.0020870755151
1.78214832687
1.76685331603
1.75772045796
1.75098799685
1.74640009163
1.74436586173
0.0231621693154
0.0165042732461
0.0116522059478
0.00778854970134
0.00480423673021
0.00190607769565
1.77884678789
1.76828631745
1.75815529609
1.75100343988
1.74558153844
1.74192092837
0.0237995519462
0.0163287413291
0.0111711079254
0.00765231096444
0.00477730844411
0.00211294730908
1.77440870053
1.76645624345
1.75741394917
1.75036448808
1.74385254584
1.73528782644
1.7210290712
0.0332937107745
0.0148183218002
0.00873666812842
0.00662811110609
0.00464854717562
0.0022020781684
1.77349791357
1.76598308442
1.75726678928
1.75022716751
1.74311115558
1.72996141871
1.68055307446
1.13212587272
0.254028068848
0.0454464103079
0.0142451879061
0.00770064331842
0.00616991912198
0.00451868650858
0.00214112485533
1.77631159229
1.76745224507
1.75778219585
1.75070226514
1.74474624546
1.73897648177
1.72964029342
0.0274457784207
0.0157971131194
0.0102043041096
0.00729962952255
0.0047492132876
0.00210186226171
1.78508802874
1.76905814722
1.75840925388
1.75117957696
1.74607233818
1.74311039541
0.0228849234735
0.016553030143
0.0116023484345
0.00773337642071
0.00476073084381
0.00230596724997
1.78508766553
1.77516041894
1.80491523966
1.77495960119
1.76905773877
1.76326223041
1.77140220748
1.76202419332
1.75840889905
1.7544821619
1.75964553628
1.75367408877
1.75117944429
1.74837479681
1.75195470498
1.74753863819
1.7460724514
1.74445533851
1.7461643685
1.74304625571
1.74311089465
1.74220172766
0.0234650029481
0.0228579912729
0.0228852828727
0.0189462607256
0.0227286661026
0.0191410779084
0.0165534217313
0.0140169398099
0.0175287708201
0.0134265572841
0.011602672964
0.00954788146668
0.0120997948766
0.00902613593785
0.0077336837484
0.00616830240184
0.00810571415074
0.00581889828549
0.00476106314351
0.00349575261297
0.00512376314647
0.0031702392144
0.00230618281144
0.000349592147293
0.0025093430931
0.000349161316771
1.74228006933
1.73897683156
1.73175164901
1.74106112454
1.73972053791
1.73798159156
1.7275326465
1.72964079239
1.72559274096
0.0262832464907
0.0317796239733
0.023523930754
0.0330415253975
1.68055318691
1.32974110033
1.71949724504
1.67777994698
1.34018398248
1.13212597835
0.496520300858
1.13692038252
0.512725885865
0.0369782095686
0.254028148381
0.0638385975589
0.0374913921873
0.296384406719
0.0670570764491
1.3297411257
1.72102875488
1.67777984117
1.34018392586
1.71949707791
0.496520232225
1.13692041833
0.512725756203
0.0638385626444
0.0369778613354
0.296384288987
0.0670570045712
0.0374910133646
1.73175133477
1.74192055946
1.74227956963
1.73798127754
1.72753235826
1.74106082162
1.73972003213
1.72559254612
0.0317793574949
0.0262827990166
0.0330413320776
0.0235238171583
1.77516083869
1.80491563241
1.77495994172
1.76326266894
1.77140261034
1.76202456836
1.75448244883
1.75964586389
1.75367434533
1.74837485973
1.75195489112
1.7475386932
1.74445510576
1.74616432724
1.74304598552
1.74220137028
0.023464669816
0.0228580073297
0.0189458726534
0.0227285227994
0.0191409189792
0.0140165813996
0.0175285255967
0.0134263585397
0.00954759410378
0.0120995322841
0.00902584010763
0.00616798811639
0.00810536905456
0.00581858683487
0.00349548255835
0.00512345980619
0.00317005029575
0.000349556584003
0.00250919430532
0.000349144021382
1.80631709209
1.775631905
1.7863298111
1.77446963268
1.77180999505
1.76199079469
1.77087124015
1.76151805508
1.75955706442
1.75350769696
1.75912381515
1.75332494973
1.75177515284
1.74726898897
1.75164411287
1.74747691331
1.74587525968
1.74276798098
1.74620737514
1.74377217943
1.74193550816
1.74325403922
0.0228031334827
0.0227796107991
0.022749712454
0.0194357499108
0.0226046026404
0.0187717550533
0.017830367719
0.0135925403628
0.017206699677
0.0133869824699
0.0122559101816
0.00909526616896
0.0120404084099
0.00905642588628
0.00818386663192
0.00586163146534
0.00811865185403
0.0058595368383
0.00517645692197
0.00319072475574
0.00514927025649
0.00312971615818
0.00256113138055
0.000398517007353
0.00242944943464
0.000425738204166
1.73953272264
1.73780990957
1.72740943836
1.74171066358
1.74214674841
1.73881306723
1.73165589177
1.72547422827
1.72954960466
0.0235121249247
0.0330421440311
0.0242230571015
0.0364898413294
1.67767089243
1.33979059171
1.72094996221
1.68046116394
1.32942653968
1.13630888601
0.511177560794
1.13165198126
0.495061619044
0.0372527188162
0.294579589148
0.0655956967634
0.046716661845
0.25202507007
0.060422379385
1.33979043601
1.71938693219
1.6804609622
1.32942636597
1.72094926245
0.511177477005
1.13165187642
0.495061644167
0.0655956710983
0.0372520613869
0.252025109521
0.0604222448587
0.046716352956
1.72740854562
1.74082942938
1.7395313374
1.73881236315
1.73165492744
1.74170970773
1.74214521361
1.72954863082
0.0330412655073
0.0235108328175
0.0364892678075
0.0242217710718
1.77563195495
1.78632972938
1.77446965405
1.76199106922
1.77087134725
1.76151841606
1.75350801046
1.75912422233
1.75332525559
1.74726868043
1.75164432385
1.74747674784
1.74276714463
1.74620702282
1.74377136288
1.74325296309
0.0228018845103
0.0227781280013
0.0194346135299
0.022603114334
0.0187704811942
0.0135915826377
0.0172055394503
0.0133859653545
0.00909429112379
0.0120393749548
0.0090556167495
0.00586089365871
0.00811792757521
0.00585892898661
0.00319021166612
0.00514869027264
0.00312914435008
0.000398432446016
0.00242895580354
0.000425651769001
1.78489450167
1.77362016374
1.78240738259
1.77204015905
0.00215843609638
0.000432153772303
0.00191402453492
0.000402114431052
1.77362023647
1.78240740521
1.77204033696
0.0004320855786
0.00191361376841
0.000402044192657
1.78205462407
1.77179077882
1.78191524164
1.77173761603
0.00194053038595
0.000400898100035
0.00193445533604
0.000399797635077
1.77179099928
1.7819155202
1.77173792095
0.00040079814878
0.00193403075524
0.000399703205093
1.78214804146
1.77194661847
1.78388450825
1.7730474938
0.00190652116451
0.000397510432354
0.00209769580138
0.000410788823898
1.77194692511
1.78388484964
1.77304788813
0.00039742896688
0.0020974370968
0.000410744143041
1.77346088752
1.77631138395
1.77204342957
1.79916806199
1.77479949425
1.7935080317
1.77333852313
1.76287523374
1.76745200818
1.76231335535
1.76912492565
1.76331510848
1.7683361631
1.76282842424
1.7542915886
1.75778199677
1.75398093443
1.75845457141
1.75448482857
1.75811078514
1.75420771065
1.74811917548
1.75070215904
1.74766528092
1.75108855559
1.74807876658
1.75078635548
1.7476171069
1.74350647309
1.74474629679
1.74187758865
1.74535695834
1.74297814402
1.74448186477
1.74130551685
0.0199039275239
0.0274460094973
0.0211103808433
0.0232729409283
0.020053069177
0.0264079271639
0.0208016725672
0.0135208212801
0.015797404763
0.0125043619483
0.0166214630603
0.0137416048743
0.0162203944003
0.01309864252
0.00930973702303
0.010204516045
0.00864340022307
0.0113146833192
0.00935606492078
0.0107176589436
0.00895050728997
0.00617405631419
0.00729980255778
0.00600785583088
0.00764548962152
0.00614712909153
0.00739013870562
0.00600860389276
0.00345950652992
0.00474937881927
0.00343506952582
0.00477061121527
0.00348979879985
0.00470132283327
0.00345843368174
0.000674772647482
0.00210197251677
0.000679185523684
0.00229347878804
0.000425332979858
0.00229398353449
0.000393377364571
1.7706474869
1.77349787773
1.7699476817
1.79262621859
1.77215195684
1.7914474693
1.77157190789
1.72652011345
1.72996152223
1.71404998342
1.7336431229
1.72414211412
1.7279661243
1.71119340039
0.000668849921692
0.00214115201631
0.000634403543307
0.00232247943401
0.000401068884735
0.00227441652766
0.000348674051209
1.76994773329
1.7744088514
1.77064763545
1.79144752296
1.77157196018
1.79262638447
1.77215214265
1.71404987231
1.73528767438
1.72651987933
1.72796606377
1.71119334342
1.73364295432
1.72414194042
0.000634392453115
0.00220198245013
0.000668812229191
0.00227438573881
0.000348662462887
0.00232240465328
0.000401106430198
1.77204367452
1.77884709638
1.77346123763
1.79350820946
1.77333877988
1.79916843657
1.77479981324
1.76231361588
1.76828668171
1.76287558917
1.76833643177
1.76282870788
1.76912525908
1.76331544891
1.75398113228
1.75815563438
1.75429183322
1.75811105472
1.75420793167
1.75845489622
1.75448509238
1.74766535894
1.75100363131
1.74811923022
1.75078650375
1.74761719847
1.75108872329
1.74807886063
1.74187743289
1.74558149812
1.74350627293
1.74448184559
1.74130539384
1.74535694406
1.74297793559
0.0211101907422
0.02379927995
0.0199036113095
0.0264077543808
0.0208014793501
0.0232727904963
0.0200527858809
0.012504164514
0.0163284112916
0.0135205394434
0.0162201707703
0.0130984503351
0.0166212267152
0.0137413918641
0.00864320460656
0.0111708321111
0.00930946586594
0.0107174705621
0.00895031253395
0.0113144812822
0.00935583995778
0.00600770167031
0.00765208428557
0.00617379262817
0.00738996962579
0.00600844916948
0.00764525885094
0.00614687495926
0.00343491798736
0.00477703571613
0.00345925919487
0.00470113584499
0.00345828740379
0.00477034931956
0.00348960972238
0.000679146698662
0.0021127762111
0.000674731262486
0.00229388105877
0.000393384642659
0.00229335980469
0.000425309111304
1.78823265039
1.79296907102
1.81653866269
1.78812560344
1.80506674439
1.78453352464
1.79271517511
1.78042039772
1.77500986683
1.7764666925
1.7802918685
1.77512770299
1.77949135562
1.78242051481
1.76770771363
1.77162700425
1.77200454345
1.76767735075
1.77143295877
1.7679517695
1.76809954554
1.76479917035
1.76213921629
1.7622393751
1.76477172774
1.76202557738
1.76492193973
1.76501766483
1.75747184831
1.75967058975
1.75980672595
1.75746193846
1.75966020035
1.75750073855
1.7576138587
1.75552429478
1.75371422559
1.75381351255
1.75547955697
1.75372731211
1.75548271778
1.75561440709
1.75054227486
1.75198891088
1.75210933683
1.75040880293
1.75206614717
1.75048981225
1.75058297351
1.74911964132
1.74770303613
1.74780550892
1.74887810874
1.74782834424
1.7489853859
1.74910614917
1.74559640544
1.74639666622
1.74653880757
1.74504501497
1.74664121477
1.7453437657
1.74547642231
1.74471147176
1.74355362038
1.74371777446
1.74386572096
1.74397347689
1.74429490424
1.74446899713
1.74309974882
1.74283695693
1.74301512919
1.74200940788
1.74334252867
1.74273648631
1.7427436234
1.74318886522
1.7424914628
1.74300616637
1.74282903126
0.0226877045362
0.0228894722189
0.0224011686067
0.0233464264726
0.0222513537661
0.02347534383
0.0227589579789
0.0206947005293
0.022519271009
0.0220229597359
0.0216964060854
0.0218064570666
0.0212446829351
0.021046631578
0.0196366075335
0.0186279740476
0.0186856648749
0.0204753731857
0.0184298044456
0.0199156734547
0.0199446887886
0.0158896298307
0.0171136311088
0.0172623684775
0.016179128783
0.0171304513156
0.0158656185412
0.0159692654687
0.014549856566
0.013274602796
0.0133414590836
0.014667027635
0.0133470724378
0.0144367804986
0.0145540760414
0.011012855194
0.0119915111497
0.0120540642387
0.0110182399888
0.0120898048872
0.0109588066776
0.0109932972026
0.00995712990751
0.00901268760637
0.00901713636441
0.00994521993363
0.00903087051712
0.00990365133915
0.00991481828781
0.00730657555081
0.00809561554168
0.00808709435551
0.00731042722663
0.00810917942773
0.007317300241
0.00731674101333
0.00652225118799
0.00583060554367
0.00583373508283
0.00652815570024
0.00581053430489
0.00653213787245
0.0065165498071
0.0044514912751
0.00512592204152
0.00511517586608
0.0044660602612
0.00511416225109
0.00446264720226
0.00448226197112
0.00382468811008
0.00315616817161
0.00320619894223
0.00383727874916
0.00316911323396
0.00381988584784
0.00382764759629
0.00182967551132
0.00250233380206
0.00252883213849
0.00181650840484
0.00249828375775
0.00175677447628
0.00197028423957
0.00117369915267
0.000345561513286
0.000397296068639
0.00117181417058
0.000361058786606
0.000958311211544
0.00124524166627
1.73874271279
1.7401984004
1.74145763627
1.73773731239
1.74131055726
1.7386500307
1.73914791832
1.72687654608
1.72895159119
1.72948040821
0.0273159905775
0.0239702365875
0.0244889520585
0.0252497363327
0.024834285672
0.0258659705652
0.026948853884
1.71275107186
1.7181512978
1.71052626259
1.70562235901
1.71241025252
1.70774123515
1.70313345434
1.6525357323
1.33578445047
1.55748457168
1.54786197288
1.6603416623
1.13482717839
0.936115744561
0.936372582529
0.507779633757
0.725037863446
0.723574683239
0.045835376606
0.0524129396692
0.0530802487821
0.0495569829297
0.0160335037951
0.27889275784
0.120051338283
0.118319167839
0.0309843382185
1.65253564979
1.33578450439
1.55748452755
1.54786203776
1.66034146722
1.71275099948
1.71815109176
1.70562225583
1.71052612537
1.70774120055
1.71241024605
1.70313341091
1.13482705022
0.936115863269
0.936372457471
0.50777956308
0.725038096901
0.723575237208
0.0160331144819
0.278892280307
0.12005135743
0.118318606138
0.0309844648586
0.0458349385143
0.05241270801
0.0530800215873
0.049557069936
1.73874226154
1.74019782846
1.73773670987
1.74145729008
1.73864935568
1.74131020058
1.73914753547
1.72687623484
1.72895118877
1.72947994661
0.0273158989677
0.0239702408076
0.0252493907253
0.0244888314872
0.0258660182252
0.0248343881424
0.0269487888868
1.78823301832
1.79296947286
1.78812595302
1.81653909011
1.7845338634
1.80506730241
1.79271535462
1.78042075038
1.77501025257
1.78029216222
1.77646704308
1.77949167887
1.77512811718
1.78242077463
1.76770819259
1.77162741707
1.76767777837
1.77200498734
1.76795215627
1.77143338111
1.76809997098
1.76479960445
1.76213960806
1.76477209294
1.76223975929
1.76492232005
1.76202595813
1.76501806258
1.75747220339
1.75967096038
1.75746227705
1.75980705404
1.75750108493
1.75966059375
1.75761421027
1.75552458097
1.7537144775
1.75547984338
1.75381376685
1.75548298284
1.75372754821
1.75561465949
1.75054246423
1.75198912303
1.75040897174
1.75210953226
1.75048999312
1.75206637189
1.75058314714
1.7491197274
1.74770308928
1.74887822703
1.74780554298
1.74898548259
1.74782833981
1.74910622725
1.74559626775
1.7463966174
1.74504490913
1.74653874062
1.74534361821
1.74664113707
1.74547626495
1.74471124047
1.74355333209
1.74386549242
1.7437175075
1.74429464998
1.74397328448
1.74446882193
1.74309933287
1.74283661617
1.74200889713
1.74301462812
1.74273620408
1.74334234806
1.74274266971
1.74318840913
1.74249102928
1.74300615673
1.74282774
0.0226879493782
0.0228893277749
0.0233467772096
0.0224014271238
0.0234748324443
0.0222511199836
0.022760491548
0.0206946130347
0.0225193530403
0.0216963778363
0.0220226681571
0.0212445369351
0.0218063020661
0.0210469125431
0.0196364475828
0.0186277459769
0.0204752720723
0.0186855789603
0.0199154905947
0.0184296212931
0.019944824533
0.0158893246855
0.0171133796456
0.0161788896818
0.0172622599478
0.0158653930033
0.0171302238676
0.0159690831836
0.0145496167961
0.0132742980474
0.0146668261667
0.0133412791585
0.0144365802932
0.0133468511777
0.0145539480812
0.0110126579849
0.0119912517029
0.0110179736119
0.0120538293557
0.0109585983992
0.0120896356568
0.010993103287
0.00995685596328
0.00901230160554
0.00994492224945
0.00901681710326
0.00990337123245
0.00903055443594
0.00991460192172
0.00730618184005
0.00809523751364
0.00731000769178
0.00808670498518
0.00731686982936
0.00810877568134
0.00731621456617
0.00652179485035
0.00583023754628
0.00652780966934
0.00583342610536
0.00653178134701
0.00581023346029
0.0065162444547
0.00445103268718
0.00512557095886
0.00446572869273
0.00511486758681
0.0044622825445
0.00511376119261
0.00448179024685
0.00382430687555
0.00315596032046
0.00383706735053
0.00320598565462
0.00381960092864
0.00316885597815
0.00382731377297
0.00182946084555
0.00250215021287
0.00181636919896
0.00252864287607
0.00175656772037
0.00249806082764
0.00197006971065
0.00117358348475
0.000345543968432
0.0011717416726
0.000397275484275
0.000958213601237
0.000361028476603
0.00124515973527
1.77542439917
1.79384189868
1.77365740739
1.77955127573
1.77421186768
1.77666832032
1.77235151842
1.76340139535
1.76851666425
1.76288809175
1.76859464731
1.76289231733
1.7676205409
1.76235533288
1.75437357961
1.75808401173
1.75412328995
1.75805196421
1.75414509618
1.75774277951
1.75389502774
1.74787683893
1.75066263002
1.74745985039
1.75083165528
1.74790939197
1.75058662826
1.74752071825
1.7427180577
1.74429938805
1.74111310877
1.74531366967
1.74319115191
1.74457408782
1.74168745654
0.0201706753169
0.0263550847452
0.0207717782195
0.0234563204976
0.0200288903389
0.027284233097
0.0209185325308
0.0139096142914
0.0163092331013
0.0132516891578
0.0164658459682
0.0136274683609
0.0157925597532
0.0126034928328
0.00946024916982
0.0108724414429
0.00908349731481
0.0112389392736
0.00936347332593
0.0103207432153
0.00874845699692
0.00621773296517
0.00749789269664
0.00609161270013
0.00770335565959
0.00622686156074
0.00738616649616
0.00607522128252
0.0035319533004
0.00475979906862
0.00349530794309
0.00481954803456
0.00348022119425
0.00479428422233
0.00345809274718
0.000462289184913
0.00231807315166
0.000401895474323
0.00212041159948
0.000721870465586
0.00211032490905
0.000681228528709
1.77231567591
1.79158249514
1.77168522759
1.77458467599
1.77080284128
1.77361519824
1.77005346441
1.76230723118
1.76722345139
1.76206782967
1.76655374364
1.76163062098
1.76605252911
1.7613573466
1.75383094039
1.75754541429
1.75375056628
1.75740123448
1.75358725752
1.75726961223
1.75352120636
1.74694073398
1.7502210146
1.74664782846
1.75029085882
1.74698243946
1.75018111734
1.74670087308
1.73899976944
1.74245903649
1.73660681713
1.74374392053
1.73973731219
1.74303824525
1.73751282027
1.72403588804
1.72787102814
1.71109603936
1.73518248041
1.72642911196
1.72987936869
1.71396616213
1.71042197319
1.70551385757
1.70302734267
1.7126524291
1.71805200495
1.71231539794
1.70764099594
0.0518293612071
0.0488912160639
0.0431815014062
0.0510144057483
0.0213352880726
0.0436578007084
0.0235892363643
0.0340040715648
0.0219455059311
0.0454978177468
0.0246909951511
0.0120471981574
0.0145325258525
0.0109987221926
0.0147171926403
0.0109841203585
0.0143517809882
0.00989241974675
0.00844410475419
0.00907138470102
0.00788446506391
0.00886396707252
0.00761456680042
0.0078712842428
0.00688057142327
0.00588571038115
0.00677864310059
0.00571397939225
0.00673571846662
0.00566869571626
0.00629308498994
0.00541061807651
0.00349148454254
0.00459134201692
0.00343013927808
0.00470284288298
0.0034583182953
0.00458296416304
0.003394000843
0.000406363653678
0.00230427999564
0.000350155676491
0.00221893903699
0.00067519914083
0.00216447996722
0.000641301429302
1.77168522586
1.7928655759
1.77231568417
1.77361519145
1.77005345995
1.77458466924
1.77080285697
1.76206789009
1.76763567535
1.76230727406
1.76605254955
1.76135736449
1.76655380215
1.76163067367
1.75375056888
1.75769561311
1.75383095823
1.75726964087
1.75352123562
1.75740127442
1.75358726032
1.74664778948
1.75034333422
1.74694065085
1.75018112568
1.74670085902
1.75029084603
1.74698236025
1.73660669147
1.74329039162
1.73899946873
1.74303819017
1.73751273826
1.74374377209
1.73973704562
1.71109583183
1.7335238748
1.72403534739
1.72987921065
1.71396595801
1.7351820421
1.72642858287
0.935233716598
1.13423991994
0.935519634718
0.118163212322
0.0294158476773
0.0133593921774
0.276971309881
0.116129799624
0.0235890543894
0.0318498513149
0.0213347932422
0.0454976378655
0.0246908333214
0.0340037340435
0.021945089442
0.0109986546047
0.0152082981823
0.0120468248919
0.0143516313834
0.00989232655757
0.0147167758642
0.0109838061796
0.00788440336555
0.00990295115566
0.00844388267765
0.00787119730949
0.00688049273648
0.00886368687893
0.00761437390785
0.00571393553225
0.0071124254224
0.00588557943732
0.00629304974945
0.00541055121101
0.00673552406971
0.00566858160481
0.00343007490444
0.00468616655122
0.00349130722526
0.00458291863416
0.00339392963023
0.00470270394103
0.00345818468775
0.000350129334875
0.00234874007555
0.00040638569957
0.00216444193457
0.000641283588571
0.00221880944698
0.000675145202083
1.77365741779
1.80020787451
1.77542444524
1.77666832324
1.77235154924
1.77955125731
1.77421189968
1.76288822465
1.76943628523
1.76340159188
1.76762064109
1.76235546832
1.76859480349
1.76289253289
1.75412335685
1.75841378676
1.75437374759
1.75774289199
1.75389510719
1.75805222439
1.75414527872
1.74745971504
1.75093114234
1.74787668444
1.750586637
1.74752062792
1.75083173835
1.74790927281
1.74111263105
1.74511322779
1.74271741199
1.74457381988
1.74168697843
1.74531331796
1.74319050961
1.72882589561
1.72676270203
1.72936761387
0.020770898833
0.0232153310856
0.0201695618598
0.0272834418179
0.0209177932525
0.0234551406045
0.0200278118374
0.0132510854514
0.0167980687997
0.0139086948049
0.0157918552171
0.0126028830407
0.0164648485872
0.0136266168145
0.00908309032383
0.0114473304336
0.00945956591258
0.0103202369062
0.00874802565926
0.0112382136359
0.00936281961064
0.00609129468822
0.0077297843859
0.00621720742891
0.00738581717687
0.00607488822344
0.00770277003635
0.00622633755683
0.00349498633682
0.0048262404128
0.00353154320901
0.00479397060408
0.00345777068413
0.00481906630822
0.0034797551438
0.000401867300602
0.00232929462774
0.000462210791054
0.00211004897706
0.000681122026997
0.00212003148121
0.000721725290715
1.78944890348
1.81824307221
1.79447881674
1.79444822581
1.80694022039
1.7903496268
1.78606134643
1.76788698365
1.77260626505
1.76842559422
1.76815225351
1.77209347564
1.76806736868
1.77222244242
1.75734121508
1.75970890031
1.75747844698
1.75738092966
1.75953568711
1.75731483454
1.75957835568
1.75019953212
1.75189919932
1.75033607272
1.75034507235
1.7518080257
1.75026604606
1.75187874428
1.74472667598
1.74615483581
1.74504488237
1.74520521707
1.74609654194
1.74502185718
1.74626373187
1.74176385424
1.74264080924
1.7424388616
1.7428215761
1.74258854914
1.74249364946
1.74297942808
0.0218667399207
0.0221129771463
0.0213381937022
0.0210812490466
0.0224327586256
0.0214380004387
0.0218898500724
0.016424449182
0.017676497499
0.0162951600559
0.0161658916743
0.0174444397553
0.0161144919043
0.017500655416
0.0111218984855
0.0122176702503
0.0110997793273
0.0110521767401
0.0121234655544
0.0110331831488
0.012147323398
0.00736282460335
0.00815936009743
0.00736774169815
0.00734147763361
0.00815523779849
0.00735310017717
0.00812029693103
0.00449641080059
0.00517414210357
0.00452821161991
0.00452191717797
0.00517430741148
0.00448951137149
0.00515870014112
0.00188868761694
0.00258229675369
0.0019512037913
0.00185763560062
0.00252095480051
0.00179779761515
0.00256347679126
1.7674925675
1.76246690584
1.76684080154
1.76211009243
1.75784592448
1.75409537266
1.7576289421
1.75399140871
1.75092076826
1.74825580433
1.75089728959
1.74833232102
1.74611741614
1.74479057146
1.74631469613
1.74519180014
1.74345784497
1.74429948608
0.0234422372744
0.0237951514123
0.0229240845557
0.0190531952074
0.0231959502943
0.0189395491964
0.0166340318283
0.0141498476568
0.0165581120456
0.0141449007464
0.0116723666515
0.00963125107322
0.0116744195698
0.00965806336151
0.00778779807432
0.0062324380423
0.00780303160819
0.00624260433015
0.00482487105959
0.00368512023306
0.00481797481789
0.00368362434841
1.77306860921
1.77444147538
1.77108934212
1.77584383675
1.77208607124
1.77294462874
1.77009409036
1.76235774146
1.76672734016
1.76171065757
1.7670761787
1.76193401564
1.76606885444
1.76130990134
1.75395692788
1.75740218018
1.75370966259
1.75740659344
1.75382215148
1.7571564816
1.7536144714
1.74807526658
1.75055265854
1.7477101464
1.75078153872
1.74818641715
1.7505525641
1.74785971206
1.74400914056
1.74491909842
1.7427272414
1.74598341113
1.74452985128
1.74521377571
1.74335961826
1.74327537616
1.74011260469
1.73274498532
1.7436041491
1.74549910079
1.74100934566
1.73497049463
1.7309733744
1.73370560862
0.02727720258
0.0334081398955
0.0273907679337
0.0326932808931
0.0200424587794
0.0284969302326
0.0224282027305
0.0244048707306
0.0200374447376
0.0287601432539
0.0227081296646
0.0133227192392
0.0154963390842
0.0121750014943
0.015815362123
0.0130760015142
0.015146019115
0.0116652488761
0.00926599181893
0.00955949477301
0.00826672070766
0.0107532373655
0.00915766893991
0.00896605492821
0.00786209377983
0.00627124204636
0.00714038077103
0.00598614687701
0.00766169153856
0.00629423097665
0.00692120484624
0.00589979429399
0.00354741222601
0.00487519360142
0.00354340403086
0.00490599334315
0.00353722628682
0.00486439165995
0.00351154082572
0.000758065563561
0.00221557987673
0.000735043746324
0.00203550162561
0.000711470401368
0.00209271411149
0.000658529946701
1.76883407948
1.77102794373
1.76794300131
1.77051863079
1.76782063608
1.76938301451
1.76692407658
1.68225577213
1.3278910078
1.72553590656
1.68383600712
1.32632134731
1.13021803066
0.490878592923
1.12761646769
0.484645567688
0.0397819704012
0.245388149626
0.0538115735463
0.0378084591681
0.237624669473
0.0510691491162
0.000844459115624
0.00269492142178
0.000798756291815
0.00245434299448
0.000723408795188
0.00206314311403
0.000655869620673
1.76794302166
1.77210121818
1.76883411951
1.76938303415
1.76692409582
1.77051867251
1.76782069659
1.32789085902
1.722646568
1.68383586324
1.32632130664
1.7255354464
0.490878682567
1.12761644603
0.484645636487
0.0538115207247
0.0397816151817
0.237624751604
0.0510691412668
0.0378081899853
0.000798737367827
0.002910896862
0.000844390170183
0.00206312120442
0.000655864348091
0.00245423149117
0.000723370804765
1.77108942044
1.77732921069
1.77306872961
1.77294471723
1.77009418887
1.77584389141
1.77208619995
1.76171077508
1.76773031324
1.76235800638
1.76606896844
1.76131002452
1.7670763624
1.76193423448
1.7537097502
1.75769465576
1.75395714271
1.75715657668
1.75361456769
1.7574068367
1.75382232617
1.74771007769
1.75081034503
1.74807516938
1.75055258161
1.74785966003
1.7507816251
1.74818634388
1.74272683461
1.74573175045
1.74400854525
1.74521359867
1.74335928046
1.74598313206
1.74452932901
1.73274405472
1.74278135762
1.74327390554
1.74100877943
1.73496969087
1.74360333624
1.74549787535
1.73370471295
0.0334075516455
0.0272760223376
0.0326926882189
0.0273896710989
0.0224275511959
0.0241580738598
0.020041392496
0.0287595261467
0.0227075202415
0.0244037435811
0.0200363916078
0.0121744601782
0.0160853144531
0.0133218775194
0.0151454733434
0.0116648144299
0.015814450063
0.013075276872
0.00826632963988
0.0109857612789
0.00926532848359
0.00896571604038
0.00786176866782
0.0107526187963
0.00915712418886
0.00598582018549
0.00769903884303
0.00627070628445
0.00692092585781
0.00589952867309
0.00766124209254
0.00629374190707
0.00354306800417
0.00488686627761
0.00354689957771
0.00486408012181
0.00351122616282
0.00490549830512
0.00353672247342
0.000734921504773
0.00210076974648
0.000757911280185
0.00209247721444
0.000658437702887
0.00203513608006
0.000711341140499
1.79785628271
1.78374350471
1.79663738753
1.78367545226
1.78104815313
1.78478217352
1.77999809817
1.76246720191
1.76684101662
1.76211034763
1.75409564462
1.75762921957
1.75399161073
1.74825571007
1.75089737872
1.74833220516
1.74478989051
1.74631434356
1.74519118163
1.74429867599
0.0234405955079
0.0237934406475
0.0190518483936
0.0231943347542
0.0189381841035
0.0141488174357
0.0165569819099
0.0141440114291
0.00963044215792
0.0116736533853
0.00965741925044
0.00623176136642
0.00780247045338
0.00624202730075
0.00368450629571
0.0048173663577
0.00368307258041
0.00201913816847
0.00175550088233
0.00359171782336
0.00193139033156
0.00203647852046
0.00169343799561
0.00364161005242
1.76647377577
1.76187732301
1.76647666818
1.76189972262
1.75749231623
1.75393342233
1.75752337182
1.75396512024
1.75089825501
1.74839892357
1.75092820617
1.74842727723
1.74645955853
1.74545653867
1.7464866699
1.74548263416
1.74451961205
1.74455770297
0.0237457630418
0.0237164898997
0.0231715523896
0.0188473400873
0.0231544864794
0.018834591969
0.016485686201
0.0141155971486
0.0164694223626
0.0141014455019
0.0116603404434
0.0096651095288
0.011650464292
0.00965776003893
0.00781148265806
0.0062553443058
0.00780496967442
0.00624884156729
0.00483290073788
0.00371762182665
0.00482703029878
0.00371352050507
1.7715374279
1.77219493227
1.76955263294
1.77503175673
1.77148794158
1.7721451958
1.7695156771
1.76166498742
1.76570010511
1.76106809188
1.76667018371
1.7616723812
1.76568071913
1.76106568087
1.75374032351
1.75700719483
1.75354210599
1.75725155745
1.75376218846
1.75701424844
1.75355451556
1.74825714567
1.75054494132
1.74792828262
1.75079179283
1.74827919353
1.75055983727
1.74794556844
1.74483716811
1.74537750782
1.74367666106
1.74616601304
1.74486013728
1.745396667
1.743697175
1.7459052415
1.74155755851
1.73543766078
1.74411211849
1.74593090123
1.74157694334
1.73545852052
1.73423280466
1.73425067887
0.027327612619
0.032486622199
0.0272780029924
0.032416217269
0.019947352743
0.0288440865019
0.0226995758388
0.0243956433891
0.0199360207604
0.0288166100706
0.022692351946
0.0129256151385
0.0150025738221
0.0114486364032
0.0156299830075
0.0129080080663
0.0149904137627
0.0114296647317
0.00909375869962
0.00869788803959
0.00767505848888
0.0106071027664
0.00908150236337
0.00867603315724
0.00765563144796
0.0063091911491
0.00680040802812
0.00585437481943
0.00762856974755
0.00630029112071
0.00678424082007
0.00584211444153
0.00357815848594
0.00486485988535
0.00355003110317
0.00492666760087
0.00357324524609
0.00485647456524
0.00354493065172
0.00071048798477
0.00214510776786
0.000661309846262
0.00205322910604
0.000709245341931
0.00214190731959
0.000659908496762
1.7672542078
1.76854550995
1.76635457615
1.7696829975
1.76722506133
1.76852161588
1.76633077205
1.68480502414
1.32627593723
1.72614035088
1.68481810557
1.32633134331
1.12732091482
0.483905542019
1.12739417358
0.48401208501
0.0372176677064
0.23688222511
0.049949152142
0.0371213657448
0.2369266955
0.0499029682414
0.000772865995389
0.00231290041612
0.0007061732618
0.00271719304702
0.000771090219182
0.00230677578024
0.000704369572427
1.76635462254
1.76971499597
1.76725427547
1.76852164686
1.76633079966
1.76968307203
1.76722514306
1.32627591973
1.72612364816
1.68481796803
1.32633131322
1.72613994402
0.483905734543
1.12739419728
0.484012166977
0.0499491794864
0.0372173543392
0.236926655251
0.0499030211018
0.0371211809298
0.000706159671347
0.00272267475074
0.000772823208284
0.00230676039825
0.000704363402711
0.00271709868136
0.00077106361803
1.76955275565
1.77510540609
1.77153760566
1.77214535554
1.76951584334
1.7750319087
1.77148817121
1.76106822431
1.76668457246
1.76166526108
1.7656808744
1.76106582781
1.76667043412
1.76167263341
1.75354218647
1.75723335355
1.7537405348
1.7570143674
1.75355459686
1.75725179386
1.75376235166
1.74792823675
1.75076988945
1.74825707066
1.75055985131
1.74794551462
1.75079185091
1.74827910282
1.74367633164
1.74614324109
1.74483668974
1.7453965083
1.74369690028
1.74616576089
1.74485969846
1.73543692724
1.74408825198
1.74590408024
1.74157649726
1.73545795398
1.74411147144
1.74592987817
1.73425005408
0.0324860101848
0.0273265521551
0.0324157539444
0.0272770700799
0.0226990296237
0.0244128232392
0.0199464153316
0.0288160718907
0.0226918846533
0.0243947276028
0.019935212412
0.0114482644952
0.0156456162281
0.0129249485602
0.0149899576725
0.0114293026109
0.0156292912152
0.012907466003
0.00767475742572
0.0106217125442
0.00909326118417
0.00867573859287
0.00765536494477
0.0106066518961
0.00908109828287
0.00585407003345
0.00763852321482
0.00630872522187
0.0067839805308
0.00584187852374
0.00762823916549
0.00629989490587
0.00354973402802
0.00493322514279
0.00357768032339
0.00485622206322
0.00354469783039
0.00492626748532
0.0035728467515
0.000661210508209
0.00205505986332
0.000710329897674
0.002141734666
0.000659839401689
0.0020529325131
0.000709113828573
1.79484835654
1.78185868831
1.79464704734
1.78179133034
1.77834583296
1.78198103219
1.77815155455
1.76187760453
1.76647697644
1.76190003494
1.75393360002
1.75752366393
1.75396534697
1.74839879513
1.7509282836
1.74842717586
1.74545599472
1.74648638973
1.74548216025
1.74455706084
0.0237441189188
0.023715214029
0.0188460978489
0.0231531955179
0.0188336181698
0.0141147400216
0.0164685935069
0.0141008286979
0.00966452940095
0.011649868525
0.00965729327687
0.00625480580574
0.00780455001449
0.00624842403636
0.00371707945524
0.00482650679422
0.00371302316802
0.00208296888458
0.00168228308761
0.00385680030787
0.00193398725929
0.00208033868625
0.00168293736235
0.00386243419925
1.76685294335
1.76217385174
1.76757864795
1.76262480756
1.7577201194
1.7540859651
1.75802602262
1.75426149545
1.75098789099
1.74841997527
1.75106965502
1.74839378166
1.74640032581
1.7452737991
1.74624913255
1.74490591729
1.74436648762
1.74353354093
0.023730706223
0.0235504018171
0.0231632754315
0.0188812822103
0.0229763116452
0.0189027198432
0.0165049277222
0.0141065663661
0.0165446513464
0.0140990287205
0.0116526489277
0.00964322611299
0.0116565148804
0.00962198349512
0.00778889512301
0.00622682489222
0.00777373001231
0.00620684947222
0.00480467032314
0.00367384570099
0.00480045168353
0.00365803104053
1.77190430509
1.77278998243
1.76997667814
1.77683306122
1.77267136796
1.77418508997
1.77088693212
1.76194456014
1.76601129179
1.76130276445
1.76759556922
1.76235896564
1.7666168727
1.7616860452
1.75388454036
1.75717523145
1.7536496188
1.75776489883
1.75405423749
1.75742796996
1.7537672183
1.74825514294
1.75059564491
1.74791088703
1.75091654727
1.74819189817
1.750627696
1.7478025565
1.74460551686
1.74527011452
1.74342055744
1.74586331474
1.74415162692
1.74502486325
1.74284266591
1.7455451575
1.74107093676
1.73500462928
1.74292278274
1.74338818059
1.74022096152
1.73282704587
1.73373621413
1.73104930999
0.0271718925246
0.032367067751
0.0268731101936
0.0323537098438
0.0199927655999
0.0286561798102
0.0226791586193
0.0240990150048
0.0199654451741
0.0283085049182
0.0224206286327
0.0130256775231
0.0151119396312
0.0116128613181
0.0160063740356
0.0132536568013
0.015457579133
0.0120922076458
0.00912614977822
0.00890532660441
0.00780899852188
0.0109374267199
0.00922582082224
0.00946687872194
0.0081846634408
0.00626980920406
0.00687582868485
0.0058655210706
0.00765997733495
0.00623050158946
0.00707157676555
0.00593279375657
0.00352566741282
0.0048402645496
0.00349799706043
0.00485327780004
0.00352264585061
0.00483878126566
0.00352374060374
0.000709712260947
0.00208725093492
0.000656184257361
0.00208930097672
0.000753697613441
0.00220848787144
0.000732490002806
1.76775075577
1.76931912654
1.76687334869
1.77196706585
1.76872095773
1.77093545225
1.7678604112
1.6838763628
1.32642000432
1.72271251897
1.68232297596
1.32815238783
1.12775013076
0.484871362385
1.1306040822
0.491946259353
0.0375078689458
0.23775091637
0.0509881974945
0.039197853699
0.246660608491
0.0544283759544
0.000720073273843
0.00205007876001
0.000652577911078
0.00289242643018
0.000838806950766
0.00267399186622
0.000792919547564
1.76687338923
1.77042900332
1.76775084088
1.77093549249
1.76786046066
1.77196716934
1.76872105455
1.32641995822
1.72556443474
1.68232282889
1.32815226631
1.7227121584
0.484871575792
1.13060433458
0.491946276252
0.0509882143364
0.0375076278723
0.246660678602
0.0544283043872
0.0391976930992
0.000652566070694
0.00244236504095
0.000720065861617
0.00267394862516
0.000792915232352
0.00289234716602
0.000838786727698
1.76997686996
1.77558812861
1.77190457799
1.77418529626
1.77088711961
1.7768333491
1.77267167379
1.76130294883
1.76701728142
1.76194486259
1.76661706308
1.7616862483
1.76759590055
1.76235928399
1.75364972586
1.75745537377
1.75388473776
1.75742814018
1.75376738184
1.75776519045
1.7540544616
1.74791086139
1.75084731841
1.74825508396
1.75062778697
1.74780259495
1.75091666106
1.74819191895
1.7434203043
1.74605593622
1.74460516063
1.7450247849
1.74284250249
1.74586320936
1.74415136029
1.7350041056
1.74368082336
1.74554420944
1.74022063084
1.73282658725
1.74292233045
1.74338764203
1.73104886115
0.0323666349793
0.0271711250343
0.0323532280814
0.0268726047883
0.0226787542269
0.0243318464528
0.0199921611311
0.0283081909239
0.0224202904695
0.0240985437176
0.019964950088
0.0116125240449
0.0157626013326
0.0130252030274
0.0154573131253
0.0120919272684
0.0160059429462
0.0132532541606
0.00780871881283
0.0107129067428
0.00912580016455
0.00946665924916
0.00818441931127
0.0109370525471
0.0092254933542
0.00586529800938
0.0076339554911
0.00626947842026
0.00707142277377
0.00593263056169
0.00765972893386
0.00623022017091
0.0034977807894
0.00488691028901
0.00352530925932
0.00483861997709
0.00352355311825
0.00485299624229
0.00352237591668
0.000656130439694
0.00203197617776
0.000709600695212
0.0022083469801
0.000732428007968
0.00208911227369
0.000753625401738
1.79490674955
1.78250513716
1.79522936933
1.78236974154
1.77845268957
1.78206637636
1.77880762908
1.76217422596
1.76757906192
1.76262520277
1.75408621081
1.75802636854
1.75426175717
1.74841993357
1.75106981586
1.74839378158
1.74527339803
1.74624899916
1.74490561418
1.74353309759
0.0237295365787
0.0235498225327
0.0188805491961
0.0229757040753
0.0189021750468
0.0141060338134
0.0165442363494
0.0140986422248
0.00964282922617
0.0116561384633
0.00962165228626
0.00622644818677
0.00777341959833
0.00620653913365
0.00367344573563
0.00480009317589
0.00365771710601
0.00204310015807
0.00166466295442
0.00378804826759
0.00192083791564
0.00204981676567
0.0016646313546
0.00376073225727
1.76160200612
1.76598303573
1.7613314132
1.76753617734
1.76227133906
1.76715004735
1.76203566262
1.75364157472
1.75726675821
1.75355269981
1.75771057215
1.75388905709
1.75754833834
1.75378840426
1.74708198408
1.75022714408
1.74676959757
1.75043012153
1.74705263303
1.75028206401
1.74672988369
1.73985438509
1.74311118784
1.73759467439
1.74341500036
1.73912935118
1.74254952051
1.73670334082
0.0396825082044
0.0454249815142
0.0334194066288
0.0502854539484
0.0221096012484
0.0454463847883
0.0245788270011
0.0318673110485
0.0214343701084
0.0439663039187
0.023625448413
0.0109176718362
0.0142452791664
0.00973911671656
0.0151839635791
0.0119076717656
0.0144127892038
0.0107968882091
0.00748803687098
0.00770071051123
0.00673251714348
0.009732986285
0.00828877070977
0.00886351145407
0.00770618565355
0.005590477187
0.00616996684787
0.00532158598018
0.0069850512136
0.00578993208888
0.00663551422441
0.00560750776415
0.0034291284035
0.0045187400168
0.00335546386921
0.00461970922393
0.00345041907827
0.00451653342324
0.00338271574828
1.76133147306
1.76645638848
1.76160213886
1.76715012558
1.76203574646
1.76753637236
1.76227152872
1.75355275155
1.75741408416
1.75364170831
1.75754840144
1.75378846548
1.75771074186
1.75388921271
1.7467696431
1.75036458414
1.74708203974
1.75028211292
1.74672989604
1.75043024694
1.7470527123
1.73759465287
1.74385256248
1.73985431937
1.74254953946
1.73670333565
1.74341502383
1.73912928805
0.935714889984
1.13386958555
0.936732410468
-0.00357365505241
0.0965481850007
0.264277604189
-0.0132028628789
0.104443668051
0.0245787721382
0.0332935085629
0.0221094115133
0.0439663077596
0.0236253968363
0.0318671935409
0.0214342201252
0.00973907447998
0.0148181869872
0.010917572767
0.0144127778507
0.0107968568243
0.0151838540896
0.0119076008239
0.00673248635752
0.00873660909843
0.00748792141846
0.00886347273988
0.00770614273898
0.00973291726462
0.00828869912873
0.00532156945161
0.00662807093688
0.00559039142687
0.00663549530443
0.00560747322372
0.00698496878451
0.00578984737832
0.00335541079518
0.00464844863209
0.003429009071
0.00451648008643
0.00338268100231
0.00461958456944
0.0034503042193
1.78340340984
1.78075261345
1.79749590484
1.7872793902
1.78199836247
1.78194405479
1.79959967661
1.74363099541
1.74365800747
1.74445807351
1.74292211557
1.74412220569
1.74313820781
1.74412262219
0.020096993482
0.0212582796552
0.0215161512238
0.0227885401248
0.019912365817
0.0212589460572
0.0216160484914
1.78340302769
1.79749551337
1.78075226216
1.78727899664
1.78199798508
1.79959926597
1.78194375159
1.74363132926
1.74445847975
1.74365853914
1.74292254144
1.74412269339
1.74412287966
1.74313862803
1.74384135507
1.74458186445
1.74448527074
1.74386645851
0.0226847618632
0.0220479479789
0.0243125498564
0.0232603806387
0.0227133460121
0.0221208208839
0.0239960204825
0.0200972085692
0.0215166816987
0.021258646226
0.0227886010338
0.0199127964653
0.0216161738568
0.0212591648477
0.00201227552381
0.00045977305969
0.000655746557379
0.00036087180263
0.00185405023303
0.000456941414415
0.000860149496594
1.73733583495
1.73583382714
1.73290736965
1.73076296483
1.73778765735
1.73490098371
1.73254153902
1.73587465686
1.7299964459
1.73300750966
1.73097077834
1.73370079247
1.73172535838
1.73664237677
0.0312398605936
0.0338377934839
0.0278488658441
0.0390718802006
0.0285996416689
0.0386270297493
0.0312882937325
1.65992612281
1.54852366912
1.33291376191
1.66133906099
1.54990605559
0.935714865436
1.13386989475
0.936732512804
0.718743818546
0.501975634518
0.721488697442
0.0521571739624
0.0414848953739
0.0501579882887
0.0368850071734
0.0484402268098
0.0442004122007
0.0505024516982
-0.00357312194623
0.096548271987
0.264277789184
-0.0132027020161
0.10444384879
0.0531405405182
0.0385287065455
0.0467411867921
0.0508349367019
0.0467896108023
0.0497278431302
0.0559203993572
1.65992598208
1.54852356802
1.33291368866
1.66133877468
1.54990592802
0.718743996253
0.501975523288
0.721488708744
0.0396823751519
0.045424853574
0.0334194148605
0.0502852717855
0.0521569229814
0.0501578379146
0.0414847168822
0.0368847373537
0.0484402024732
0.050502400524
0.0442002045554
0.0531403911024
0.0385287207578
0.0508348804895
0.0467407905731
0.049727674776
0.046789445856
0.0559199528454
1.73733547296
1.73290699699
1.73583336314
1.73076263878
1.73778725497
1.73254124996
1.73490062283
1.7358742682
1.72999605658
1.73097052777
1.73300699442
1.73172507302
1.73370005313
1.73664212389
0.0312391356194
0.0338374531985
0.0390712618616
0.0278485646047
0.0386266147501
0.0285992364906
0.0312878961441
1.74384109784
1.74458136059
1.74448471774
1.74386616081
0.022684853237
0.0243123219155
0.0220476379888
0.0232604772853
0.0227133273776
0.0239958637268
0.0221209658312
0.00201213130164
0.000655636725354
0.000459720477904
0.000360854312141
0.00185388382333
0.00086002944274
0.000456903975255
1.818243153
1.78944895084
1.79447889077
1.79444832154
1.80694034093
1.7903497667
1.78606142115
1.77755013641
1.78134622695
1.78399493103
1.78243868411
1.77595723595
1.77686897327
1.78084847611
1.78877010911
1.79954606833
1.80190463778
1.78780289588
1.78226272554
1.78371538109
1.7862346156
1.78102256661
1.77517290059
1.77493022832
1.77863996007
1.77594417622
1.77960772354
1.77992229897
1.77260619533
1.76788683268
1.7684254789
1.76815203772
1.77209339746
1.7722223314
1.76806716626
1.76221355061
1.76482578292
1.76509936731
1.76488997885
1.76199551346
1.76204120104
1.76489752266
1.76759476378
1.77151726726
1.7706093614
1.76716152991
1.7715014382
1.76753988421
1.76682877925
1.76448605826
1.76164136564
1.76134753018
1.76429433336
1.76170840909
1.76451626026
1.76405536047
1.75970844807
1.75734086304
1.75747800773
1.75738042523
1.75953526984
1.7595778279
1.75731441281
1.75362329159
1.75533613113
1.75545152706
1.75538160658
1.75351300951
1.7535813939
1.75532178407
1.75718795239
1.759266532
1.75907721022
1.75699685552
1.75933238141
1.75708332393
1.75696240561
1.75523634943
1.75336605658
1.7533453076
1.75504721731
1.75347104939
1.7551416261
1.75509096576
1.75189894761
1.75019943061
1.75033596742
1.75034497001
1.75180776537
1.75187839131
1.75026592348
1.7474688732
1.74865033197
1.74882470187
1.74885832491
1.74742709466
1.74754101633
1.74875811072
1.750293825
1.75168615248
1.75173555971
1.7501865573
1.75179599834
1.750176832
1.75024871437
1.7488315378
1.7473898408
1.74761634778
1.74871206579
1.74755726699
1.74867882448
1.74886701117
1.7461554147
1.74472729282
1.74504560692
1.74520587687
1.74609697319
1.74626427438
1.74502243411
1.74327900832
1.74355397953
1.74401344628
1.74422613094
1.74327069564
1.74355703162
1.74394950327
1.74532429788
1.74607020816
1.7464846351
1.74524388394
1.74632056767
1.74505671336
1.74552170004
1.74440582705
1.74342628146
1.74421158454
1.74429442607
1.74382919457
1.74400896374
1.74475379024
1.74264193833
1.74176496861
1.74244007917
1.74282288375
1.74258957495
1.74298056373
1.74249480693
1.74224909459
1.74255062562
1.742920626
1.74277494113
1.74329637879
1.74283237232
1.74378572796
1.74353763143
1.74332642667
1.74294539701
1.7438489285
1.74355423121
1.74441550278
1.74365768473
1.74423767288
0.0223605119378
0.0231576780165
0.0225870478461
0.0224476384529
0.0226284763835
0.0221692669652
0.023069990463
0.0223691444624
0.0225676495806
0.0219441636952
0.0234502065203
0.0220344209369
0.0231266642898
0.0223716261272
0.0221141840129
0.0218678965048
0.0213393229915
0.0210825001718
0.0224339488166
0.0218909987086
0.0214391932765
0.0191358497276
0.0207265150447
0.0203512258006
0.0201242042379
0.0189971905161
0.0189347350685
0.0202777451888
0.0209396261952
0.0225361177637
0.0216754137872
0.0212492019399
0.0218055755812
0.021430653036
0.0206489655727
0.0200337508097
0.0190417014438
0.0186451236976
0.0200277173156
0.0188771352571
0.0203168850223
0.0197659390817
0.0176775941233
0.0164254091147
0.0162961267949
0.0161670564664
0.0174455060331
0.0175017947667
0.0161155471888
0.0135321801315
0.0148983518457
0.0148281436627
0.0147195216404
0.0134193870745
0.0134602242739
0.0146574669922
0.0161805475636
0.0174521495824
0.0173408263201
0.0159874177892
0.0174630423825
0.0161739285994
0.0161036563905
0.0147295943101
0.0134791153329
0.0135193489694
0.0145311360197
0.0134966462842
0.0146764447235
0.0147451725838
0.0122188038505
0.0111227763946
0.0111009526068
0.0110534629196
0.0121244553892
0.0121486092925
0.0110342265944
0.00908208235302
0.0100491825697
0.0100141484825
0.00996577099119
0.00905605751467
0.00904924639874
0.00998376453291
0.0110612986487
0.0121236224011
0.0121976214
0.0110119103729
0.0121499426135
0.0110557692225
0.0110903998091
0.00995186395385
0.00906419443034
0.00906715790996
0.00994204140216
0.00903618362445
0.00997837808604
0.0100110465701
0.00816064511141
0.00736366413039
0.00736885129305
0.00734251874341
0.00815620404092
0.00812155377339
0.00735404453173
0.00588140394521
0.0065921641247
0.00658015145184
0.00655084292951
0.00586495584922
0.0058650697265
0.00658665265882
0.0073060014882
0.00813432392668
0.00811704531209
0.00734681342605
0.00808376164912
0.00734193228784
0.00730661851524
0.00650390463197
0.00584889594556
0.00581214878983
0.00656051550474
0.00582441427037
0.00656355192347
0.0065207425017
0.00517489211362
0.00449696319095
0.00452882900679
0.00452255579227
0.00517496506301
0.00515947999768
0.00449007666613
0.00324756762832
0.00387165050518
0.00387754637276
0.00387041789978
0.00315944127595
0.00324588370139
0.00384904451163
0.0044809816666
0.00515278685624
0.00512081875446
0.00445445986621
0.00511977253164
0.00446025991126
0.00444241594376
0.00383781113874
0.00312090937601
0.00321913812243
0.00382184273388
0.00324086969558
0.00381976722071
0.00384163924273
0.00258289009426
0.00188917492935
0.00195173858761
0.00185808246179
0.00252145196895
0.00256414667029
0.00179822159565
0.00042421485338
0.00126190325007
0.000401011287009
0.00123093562273
0.0004198942917
0.00112867199127
0.00108649154523
0.00187270124811
0.00247986427422
0.00264258043048
0.00178758767684
0.00256925418098
0.00179557183804
0.00188391117544
0.000419047740092
0.000481001407056
0.000453745168677
0.00114204724056
0.00111209391913
0.00111450179781
0.00115348707661
1.74123394951
1.73755848094
1.73893999807
1.73855950255
1.74003014822
1.74111367256
1.73848340224
1.73286170451
1.73082578316
1.73646957909
1.73572320437
1.72987646629
1.73356907845
1.73158730843
1.73719183749
1.73065507905
1.73572840005
1.732788393
1.7347805332
1.73241041641
1.73765967248
1.7288270693
1.72676378429
1.72936897287
0.0244116159399
0.0254449329359
0.027271403421
0.0276988090778
0.0234793908731
0.0244668488938
0.0256952181742
0.0282740529366
0.0399282318519
0.0322400776505
0.0331845509528
0.0345965735329
0.0289837300038
0.0411686826425
0.0284697453289
0.0234654856685
0.0254248170144
0.0268948057813
0.0247660219806
0.0259324973417
0.0291604133177
0.0344555010396
0.0360340740107
0.0301609874683
0.041882494591
0.0293617822614
0.0430208669279
0.0343503449928
1.55727921403
1.66019664029
1.65239801015
1.33540351963
1.54766673055
1.71553594737
1.72022668755
1.71538840928
1.71001440268
1.71424911489
1.70939155926
1.71742915523
1.65979986087
1.33255782046
1.54836193697
1.54972349262
1.6612275126
0.935233677056
1.13424003423
0.9355194971
0.723833894642
0.506205759473
0.722388126841
1.13332738183
0.935012495746
0.935932050267
0.500343090388
0.717721741508
0.72033394312
0.047008364431
0.0505408953722
0.0561009971561
0.0523908433528
0.0393576806936
0.047083810189
0.0497279149177
0.118163254528
0.0294158474656
0.0133593903765
0.276971522887
0.116129868185
0.0338265000028
0.037627072262
0.0428401224884
0.0282273961667
-0.00803365950031
0.262032150626
0.0934444657625
0.101025454115
-0.0171669974397
1.5572791707
1.66019616971
1.65239760665
1.33540335921
1.54766647352
1.70551334525
1.71042125657
1.70302684563
1.7126519384
1.71805118406
1.70764049384
1.71231471884
1.65979944484
1.33255775376
1.54836182506
1.54972339461
1.66122717149
1.71553547202
1.72022599944
1.71001392888
1.71538775785
1.70939109406
1.71424847692
1.7174286816
0.723834068425
0.50620586642
0.72238815819
1.13332729743
0.93501245886
0.935931753643
0.50034297896
0.717721613056
0.720333875511
0.0518290303454
0.0488911635975
0.0431814660035
0.0510140530659
0.0505404624192
0.0470078220528
0.0561009467171
0.0523903595951
0.0393570055625
0.0497276940113
0.0470830921858
-0.00803377345126
0.262031984618
0.0934444418634
0.101025512281
-0.017167397073
0.0338260194726
0.0376267692298
0.0428404400629
0.0282266048687
1.73082504542
1.73286054689
1.73646868671
1.73572219624
1.72987551704
1.73158652838
1.73356788423
1.73755715336
1.741232707
1.73893888059
1.73855830599
1.74002865635
1.73848197073
1.7411123096
1.73719075499
1.73065406521
1.73278748639
1.73572708671
1.73240950662
1.73477918935
1.73765851933
0.0399274800782
0.0282728128554
0.0322387135446
0.0331831644833
0.0345956092435
0.0411673623735
0.0289825114434
0.0254434780477
0.0244102833569
0.027269933168
0.0276973197269
0.0234781470576
0.0256938313747
0.0244654859595
0.034454300917
0.036033285423
0.0418818345455
0.0301601408697
0.043020103973
0.0293607043682
0.0343493609217
0.0284684256612
0.0234642310215
0.0268936534657
0.0254235561052
0.0259312230431
0.0247646237023
0.0291593116006
1.78134616653
1.77755015336
1.78399484189
1.78243861491
1.77595722348
1.78084844777
1.77686902669
1.78877001404
1.79954587616
1.801904392
1.78780276245
1.78226262137
1.78371531421
1.78623443131
1.78102247037
1.77517291739
1.77863992581
1.77493019756
1.77960766753
1.77594410856
1.77992216559
1.76482601299
1.76221384515
1.76509959916
1.76489028992
1.76199580791
1.76489783389
1.76204166802
1.767594991
1.77151741985
1.76716175291
1.77060946177
1.76754013815
1.7715015398
1.76682903744
1.76448640812
1.76164180674
1.76429470398
1.76134796122
1.76451663247
1.76170892092
1.76405573943
1.75533650601
1.75362371672
1.7554519836
1.75538214793
1.75351332495
1.75532221805
1.75358192328
1.75718852047
1.75926698597
1.75699726908
1.7590776678
1.75708379406
1.75933293102
1.75696294038
1.75523694352
1.75336644759
1.75504760339
1.75334571666
1.75514208045
1.75347161674
1.75509147294
1.74865024742
1.7474685421
1.7488246142
1.74885824668
1.74742681681
1.74875803772
1.7475407172
1.75029400557
1.75168646416
1.75018673431
1.75173590206
1.75017701164
1.75179644941
1.75024896613
1.74883155181
1.7473896431
1.74871202076
1.74761616061
1.74867874496
1.74755703646
1.7488669811
1.74355323731
1.74327801059
1.74401265135
1.74422533502
1.74326985389
1.74394878966
1.74355604577
1.74532372586
1.74606980193
1.74524341907
1.74648426163
1.74505621606
1.74632014581
1.74552119122
1.7444051161
1.74342543541
1.74429372137
1.74421071103
1.74400827457
1.74382826625
1.7447530671
1.74224779451
1.74254929696
1.74291926125
1.7427735538
1.74329503664
1.74283132067
1.74353632147
1.74378456132
1.74294412377
1.74332524649
1.74384750648
1.74355273455
1.74441398551
1.74365623219
1.74423612133
0.023156582661
0.0223594097575
0.0225860401426
0.0224464006614
0.0226273124942
0.0230687816016
0.0221680222832
0.0223677022486
0.022566348502
0.0234487208129
0.0219424412012
0.0231252049744
0.0220329144292
0.0223699511336
0.0207254650871
0.019134771752
0.0203502416781
0.0201229439359
0.0189960824905
0.0202765797485
0.0189336102956
0.0209380346612
0.0225347316743
0.0212477055209
0.021673635908
0.0214291748898
0.0218039991189
0.0206472067867
0.0200322102974
0.0190404860875
0.0200263167148
0.018643702712
0.0203155854433
0.0188758330413
0.0197642694138
0.0148975320201
0.0135312905612
0.0148272474888
0.0147184294892
0.0134184397588
0.0146564567553
0.0134591350897
0.0161793634389
0.0174510257002
0.015986343464
0.0173395228921
0.0161728331761
0.0174618570266
0.016102531524
0.0147284130029
0.0134780845588
0.0145300596401
0.0135182428519
0.0146752971589
0.0134954387473
0.014743954115
0.0100482357433
0.00908085038229
0.0100129454206
0.00996453352824
0.00905517006334
0.00998271304463
0.00904798726081
0.0110600712282
0.0121225220809
0.0110109239866
0.0121964985825
0.0110547084649
0.0121486798562
0.011089320749
0.00995075778584
0.00906329535244
0.00994111428023
0.00906632481472
0.00997741878787
0.00903517778161
0.0100101242985
0.00659136359089
0.00588045980719
0.00657925822757
0.00654994458874
0.00586429037945
0.00658583360767
0.00586419082461
0.00730512081766
0.00813342468712
0.00734608769901
0.00811625306697
0.00734111758552
0.00808276098502
0.00730586491955
0.00650309101339
0.00584825038866
0.00655988493369
0.00581156205963
0.00656281500564
0.00582370081459
0.00652005056401
0.00387117928454
0.00324698498705
0.0038771063774
0.00386988877019
0.0031589750133
0.00384852913538
0.00324522761527
0.00448041941458
0.00515216826252
0.004453864611
0.00512018988838
0.00445970588459
0.00511914463132
0.00444179801543
0.00383721016291
0.00312033831729
0.00382124787209
0.0032185061633
0.00381920133515
0.0032402227859
0.0038410094622
0.00126162218825
0.000424143644801
0.000400939998128
0.00123064542173
0.000419853495991
0.00112844769938
0.00108623680269
0.0018722343505
0.00247934727329
0.00178717126846
0.00264198354122
0.00179518684933
0.00256864902658
0.00188342179808
0.000418988526523
0.000480932065025
0.000453716168367
0.0011418500891
0.00111184131446
0.0011142799062
0.00115323547838
1.79785648908
1.78374358787
1.79663755604
1.78367559948
1.78104825243
1.78478237461
1.77999814445
1.77757517601
1.77215728723
1.77763610517
1.77298292008
1.77852605737
1.77109346019
1.7767573464
1.78296929284
1.7952186445
1.7957984812
1.78288449359
1.77869461132
1.77924965017
1.78233052356
1.77689060006
1.77247274791
1.77010991192
1.77563931323
1.7705415241
1.77613404166
1.77640527397
0.00201946382659
0.00359222132111
0.00175591940343
0.00193186807191
0.0020368691444
0.00364206731959
0.00169377004831
0.000507964956524
0.000418692735662
0.00050575342727
0.00121107858357
0.00110807497906
0.00121106708308
0.00107973133901
0.00204404259561
0.00193596823478
0.00378800753176
0.00167020885008
0.0037681948811
0.00166653458481
0.00205692686309
0.000403033116153
0.00050260911807
0.000503657469276
0.00122309301263
0.00106592573182
0.00105997987799
0.00123300829242
1.77757513642
1.77763610942
1.77215727595
1.77298300515
1.77852598792
1.77675736551
1.77109355545
1.78296922154
1.79521863777
1.79579838998
1.78288443449
1.77869463103
1.77924961599
1.78233058038
1.77689061648
1.77247289117
1.77563944991
1.77011009874
1.77613409891
1.77054161574
1.77640539962
0.000507914794837
0.000418632072558
0.000505711997795
0.00121101180397
0.00110785769193
0.00121086541445
0.00107955178454
0.0020437798362
0.00193555231717
0.00166992171347
0.00378761353016
0.00166627197481
0.00376778964383
0.00205668119208
0.000402978530393
0.000502582582682
0.000503669556322
0.00122304588827
0.00106572564813
0.00105980207541
0.00123287954379
1.79484822144
1.78185849603
1.79464680492
1.78179105524
1.7783456903
1.78198086708
1.77815132931
1.77594705435
1.76988429335
1.77534508852
1.77163712889
1.77610893723
1.76974374855
1.77517274823
1.78181904136
1.79469211164
1.79460067353
1.78175338222
1.77821753365
1.77811440256
1.78185218096
1.7759232799
1.77162528023
1.76984876307
1.77524901832
1.76973704983
1.77514676762
1.77602540795
0.00208335121135
0.00385719839484
0.00168263578392
0.00193444713957
0.00208069609099
0.00386294035304
0.0016833337424
0.00050244779075
0.000399593360075
0.000500589460535
0.00124533255528
0.00107155381262
0.00124389852548
0.00107292222817
0.00208188857353
0.00193233964467
0.00385177495094
0.00168080248158
0.00386300128701
0.00168118641538
0.00207561131394
0.000398208439844
0.000499522668798
0.000499502048871
0.00124446244463
0.00107193019424
0.00107149638718
0.00124192802554
1.77594737727
1.7753452832
1.76988451854
1.77163738119
1.77610920863
1.77517304033
1.76974406569
1.78181927628
1.7946924564
1.79460104261
1.78175374965
1.77821780961
1.77811468802
1.78185253151
1.77592361818
1.77162556671
1.77524930672
1.76984907357
1.77514708474
1.76973734478
1.77602576171
0.000502346207997
0.000399440452256
0.0005004937856
0.00124512516102
0.00107128766083
0.00124360745443
0.00107260388076
0.00208142117303
0.00193187710095
0.00168045782154
0.00385123795209
0.00168073998998
0.00386240758019
0.00207510516529
0.000398072579328
0.000499449293544
0.000499412843732
0.00124417549207
0.00107163322075
0.00107117112591
0.00124163237888
1.79490642217
1.78250485667
1.79522897809
1.78236935272
1.77845238903
1.78206605158
1.77880731843
1.77651530528
1.77003737155
1.77545557551
1.77230061695
1.7762283482
1.77039216836
1.77577390332
1.78305115529
1.79652374861
1.77987597894
1.79570810434
1.78319548408
1.78274285317
1.77929976365
1.77174568043
1.77622729404
1.77744845897
1.77683706821
1.77268701307
1.7707950858
1.77614397522
0.00204342798762
0.00378852864211
0.00166503938885
0.00192121676935
0.00205027971039
0.00376112451479
0.00166493597569
0.000496504859518
0.000398973385443
0.000496161261286
0.00123023686637
0.00106350349979
0.00123088283568
0.00106338892931
0.0035938214217
0.00174548945292
0.00197780956947
0.00204119592416
0.0019219758709
0.00365282341987
0.00167995826981
0.000409510710476
0.000457762962949
0.00104879506694
0.000493811170198
0.00121883643966
0.00123803445025
0.00107888969234
1.77651567339
1.77545587089
1.77003767033
1.77230092842
1.77622871329
1.77577423582
1.77039254448
1.78305150549
1.77987635083
1.79652415501
1.79570848393
1.78319590251
1.78274324659
1.77930012136
1.77622766283
1.77174611864
1.7774488964
1.77683745398
1.7726874065
1.77614436842
1.77079551934
0.00049640162849
0.000398886189293
0.000496105767702
0.0012300364198
0.00106326263691
0.00123059041027
0.00106318960651
0.00174527068105
0.00359356334384
0.00197758425107
0.00204092100432
0.00192168202288
0.00167971915705
0.00365248183566
0.000409464777567
0.00104867502074
0.000457732672385
0.000493770853358
0.00121870720042
0.00123789498455
0.00107875386273
1.78710364655
1.78300834613
1.79658068701
1.78168046765
1.7845784665
1.78019975886
1.78087511732
1.78175242505
1.79480928768
1.78302086975
1.77899289137
1.77835587523
1.77784946115
1.77954557718
0.000349035505876
0.00201724206218
0.000404028722823
0.000862029389851
0.000320320944351
0.000554008809023
0.00198175160175
0.000269003161454
0.000432310945497
0.00031971955835
0.000595478848353
0.00222629632813
0.000428450540434
0.00226638399918
1.78083189946
1.7920190742
1.78020202225
1.77639544019
1.77762520174
1.77701319254
1.77703487419
1.77959268365
1.79164394105
1.77979793453
1.77601644827
1.77653451342
1.77581174155
1.77672534458
0.000263269498251
0.000370669129841
0.00023335668493
0.000359603588953
0.00239609818099
0.000451490912721
0.00236130615037
0.000211426533518
0.000356444926564
0.000214807556194
0.000343173274679
0.00238983811968
0.000326100969286
0.0023974873853
1.77959272741
1.79164401957
1.77979794961
1.77601652922
1.77653457973
1.77581174517
1.77672538713
1.7808320129
1.79201917185
1.78020221708
1.77639559013
1.77762535338
1.77701339839
1.77703507255
0.000211409463501
0.00035640934032
0.000214796342935
0.000343153779237
0.0023897906379
0.000326088349296
0.00239753874702
0.000263317217665
0.000370748731608
0.000233387344752
0.000359620809961
0.00239613195094
0.000451478316538
0.00236131764935
1.78175264432
1.79480956295
1.78302111659
1.77899319247
1.77835611724
1.77784967663
1.77954584353
1.78710397234
1.79658101476
1.78300865427
1.78457878365
1.78168076159
1.78020006976
1.78087540902
0.000268994139259
0.00043223085858
0.000319675658102
0.000595410734108
0.00222622569261
0.000428395481375
0.00226631058644
0.000349030096469
0.00040396844158
0.00201717652793
0.00032029889447
0.000862002785521
0.000553988161954
0.00198169030315
1.78397974748
1.79731075311
1.78812949194
1.78155779046
1.78262926898
1.78524925193
1.78083818452
1.79219981337
1.77784533804
1.78104133248
1.77719763121
1.78035754237
1.77656204651
1.77723407658
1.79179414192
1.77665567649
1.77970938926
1.77686128483
1.77992799159
1.77615610928
1.77593711238
1.79530178455
1.77866559851
1.78204964487
1.780003502
1.78346933024
1.77943306237
1.77815820923
0.0329893313936
0.023343010282
0.0203795291541
0.0301823289128
0.933692490618
1.12898514361
0.932374783419
0.0860728606044
-0.0254864407447
-0.0295720508095
0.24139910801
0.0818233553687
1.74409571844
1.74476722128
1.74454486952
1.74503443356
1.74368551962
1.744547777
1.7451803121
0.0213181997263
0.0214678911192
0.0199838467957
0.0197870916595
0.0231192848925
0.0213655945435
0.0214202831947
0.0174541784827
0.0277246391366
0.0177179544372
0.0274790911325
0.930174690821
1.12719101824
0.92997469153
-0.033907398156
0.0769320092972
0.236533845506
-0.0335847220118
0.0765277093237
1.74622476078
1.74560792004
1.74604944691
1.74461824868
1.74609788523
1.74573091029
1.74615594649
0.0194793102382
0.0212502897104
0.0212640039943
0.0231620801527
0.0195079675886
0.0212306674298
0.0212461935752
0.0186656307907
0.0276154219712
0.0176934973312
0.0284313115522
0.930793709313
1.12835816958
0.931629048069
-0.0317613674101
0.0776478085972
0.239416243351
-0.0333053548902
0.079509813741
1.74559070873
1.74540123998
1.74590754336
1.74414525443
1.7459009178
1.74510580057
1.74565917582
0.0195844715671
0.0212626969581
0.0213022319156
0.0231241506104
0.019545799463
0.0212582132454
0.021328190548
1.79530190682
1.77866570706
1.78204977599
1.78000355546
1.78346938897
1.77943313922
1.7781582617
0.00205885964404
0.000425823514358
0.000382835606924
0.00199049816031
0.000938241070737
0.00033842661181
0.000592615548913
0.000446362654683
0.00223370691808
0.000277059317816
0.00228112917699
0.000329468504164
0.000625476228329
0.000450024419816
1.79179422318
1.77665570495
1.77970943997
1.77686129274
1.77992800725
1.77615617092
1.77593707034
0.000373466572851
0.00240896206641
0.000269812525313
0.00237179586442
0.000238066037165
0.000378154555639
0.000474226126748
0.000358282510324
0.0024022481361
0.000214302089826
0.00241018343276
0.000218054424865
0.000361146046694
0.000343119881439
1.79219979491
1.77784531546
1.78104131711
1.77719760197
1.78035751946
1.77656205039
1.77723402564
0.000358207096575
0.00240215270465
0.000214290251466
0.00241006810352
0.000218046987692
0.000361098669916
0.000343072885695
0.000373462712868
0.00240887341768
0.000269818458846
0.00237157034857
0.000238016946273
0.000378011807132
0.000474108073989
1.79731066315
1.78397967727
1.78812940881
1.78155774011
1.7852491798
1.7826292634
1.78083819546
0.000446293745696
0.00223350527199
0.000277048851793
0.00228088240645
0.000329423582784
0.00062528832102
0.000449891385349
0.000425678094583
0.00205859749262
0.00038275132529
0.0019901828147
0.000338364567642
0.000937998493543
0.000592423802747
1.74476835219
1.74409699363
1.74454624474
1.74503577574
1.74368652862
1.74518142068
1.74454902338
1.7454979232
1.74404699663
1.74583873166
1.74534102789
1.74556042452
1.74500909435
1.74584100498
0.0218806830553
0.0242875765498
0.0224832599622
0.0226261721231
0.0237758514698
0.021899822181
0.0247318790932
0.0226145325703
0.0237886573014
0.021792419244
0.024782636198
0.0218350462449
0.024760447905
0.0226008825733
0.0214697879151
0.021319757354
0.0199856612119
0.0197888646022
0.0231209494469
0.0214222383332
0.0213671376313
0.0196467553187
0.0231803055401
0.0213107836407
0.0213012871577
0.0213532709825
0.0213278566647
0.0195711313791
1.54903310112
1.66351148373
1.66483875321
1.32692528016
1.54943118334
1.66597117892
1.32650171321
1.55056802307
1.55008406431
1.66677392867
0.933692610429
1.12898526543
0.932374688302
0.715302181388
0.487913306632
0.713343569916
1.12815112432
0.930616623567
0.931344324769
0.485935984596
0.710933090367
0.711913570255
0.0860725691145
-0.0254863648559
-0.0295719761768
0.241398897788
0.081823421194
0.019108673452
0.0280212672888
0.0289940929794
0.0180520359611
-0.0316770426606
0.239070712369
0.0776541370385
0.0793344651757
-0.0331149054354
1.5490330291
1.66351119693
1.66483846695
1.32692525612
1.54943112341
1.6659709262
1.32650164955
1.55056794141
1.55008405403
1.66677371657
0.715302115046
0.487913137989
0.713343663905
1.12815101654
0.930616716274
0.93134408309
0.485935942506
0.710933333552
0.711913750881
0.032989297127
0.0233427152592
0.0203792541987
0.030181881343
-0.0316767326043
0.239070580763
0.0776541486049
0.0793345142673
-0.0331148849903
0.0191087285346
0.0280209111391
0.0289940615029
0.018051609417
1.74549666312
1.74404612469
1.74534002492
1.74583788801
1.74500799074
1.74555948049
1.74583992433
0.0242858766835
0.021878682715
0.0224812567909
0.0226240421785
0.0237741508389
0.0247300352349
0.0218976044498
0.0226123431404
0.0237869309549
0.024780935067
0.0217904440503
0.0247585933738
0.0218328607426
0.0225986843328
0.0196449415655
0.0231786574947
0.0212997733912
0.0213088002116
0.0213263028932
0.0213512955641
0.0195694542491
1.74622572426
1.74605019644
1.74560887512
1.74461897627
1.7460989276
1.74615667314
1.7457318349
1.74623656513
1.74463096389
1.74608668126
1.74564584463
1.74616944364
1.74574179415
1.74613370791
0.0225538251224
0.0217437719517
0.0247323462556
0.0237329584646
0.0225641697705
0.0217266872983
0.0247219930241
0.0225565286247
0.0237269457702
0.0217453722358
0.024700912351
0.0217280865999
0.0247159881439
0.0225700439978
0.019480922505
0.0212659042019
0.0212518055075
0.0231636318582
0.0195097258429
0.0212481207052
0.0212321602167
0.0194811075223
0.0231625978845
0.0212649440452
0.0212333710651
0.0212496760302
0.0212297582332
0.0194993882896
1.66762314939
1.5509680722
1.32626273857
1.6673577855
1.55114114474
1.66763129375
1.32628093485
1.55100011481
1.55115187708
1.66738195576
0.930174721673
1.1271911791
0.929974733686
0.710341134346
0.483571063369
0.710072954153
1.12721432784
0.93026932013
0.930004188157
0.483600937381
0.710451212806
0.710106201579
-0.0339073225548
0.0769318800427
0.236533764731
-0.0335849082731
0.0765278498153
0.0173911967092
0.027515821067
0.0274140989935
0.0175300487754
-0.0339605299075
0.23654029105
0.0769072558162
0.076503919231
-0.0337066991679
1.66762301941
1.55096808403
1.3262626942
1.66735770402
1.55114114115
1.66763119148
1.32628088569
1.55100003108
1.55115188076
1.66738181567
0.710341243834
0.483571088369
0.710073068281
1.12721442324
0.930269313858
0.930003990004
0.483601064078
0.710451318682
0.710106164127
0.0174537654634
0.0277247790624
0.0177176737013
0.0274788722784
-0.0339601957005
0.236540225852
0.076907118059
0.0765040149939
-0.0337065635335
0.0173913096523
0.0275159210951
0.0274141198214
0.0175301326261
1.74623565573
1.74463027708
1.74564505569
1.74608599086
1.74574093356
1.7461686832
1.74613283838
0.0225517859141
0.0247305363457
0.0217416490421
0.0237313289318
0.0225619500453
0.0247202294504
0.0217246550636
0.0225545746482
0.0237254028857
0.0246994858228
0.0217438578807
0.0247143615708
0.0217262241349
0.0225683830426
0.0194796354834
0.0231612128741
0.021232324108
0.0212636119838
0.0212284659207
0.021248102708
0.0194982119297
1.74559136995
1.74590813699
1.74540195513
1.7441458044
1.74590168807
1.74565972644
1.74510645289
1.74497204523
1.74423785992
1.74470972831
1.74516715323
1.74381904943
1.74532296873
1.74467543846
0.0226182447437
0.0217877084131
0.0247106798831
0.0236898326889
0.022604039617
0.0218209080471
0.024649147811
0.0219215962131
0.0244457548369
0.0226484372744
0.0226555350383
0.0236713818798
0.0218840747
0.0246101722185
0.0195853069611
0.0213035550015
0.0212636836452
0.0231251357571
0.0195469111764
0.0213293325138
0.021259062
0.0214056946155
0.0212275854873
0.0197190807463
0.0196553964023
0.0230697456045
0.0213729524823
0.0212550168601
1.66603014181
1.55062361195
1.32664985801
1.66681502074
1.55016572615
1.54916981858
1.66360625321
1.6649152138
1.32712943134
1.54953978585
0.930793846467
1.12835841752
0.93162907491
0.711148973051
0.486361716898
0.712280933704
0.9342554567
1.12927882647
0.93279148271
0.716097114346
0.488628471819
0.713908705085
-0.0317612087083
0.0776478303524
0.23941625869
-0.0333054740669
0.0795101759402
0.0350428229192
0.0251769344463
0.0202996461288
0.029833321224
0.0874863531736
-0.0236221414937
-0.0290261085298
0.242134739581
0.0825091780247
1.66602984819
1.55062360018
1.32664982526
1.6668147216
1.55016561452
1.54916984835
1.66360626837
1.66491506954
1.32712929204
1.54953972884
0.711149083406
0.486361953891
0.712280744486
0.934255478181
1.12927867462
0.932791406318
0.716097082987
0.488628290114
0.713908831466
0.0186652351111
0.027615675165
0.017693730135
0.0284308701693
0.0874866626333
-0.0236222819191
-0.0290262092781
0.242134763192
0.082509135095
0.0350428180068
0.025176979585
0.0202996381713
0.0298330731607
1.74423734951
1.74497162741
1.74470921453
1.74516659774
1.74381854997
1.7446748901
1.74532247235
0.0226170687415
0.0247096405311
0.0217863379047
0.02368907473
0.0226025974386
0.0246481792892
0.0218197422944
0.0244452256978
0.0219208651305
0.0226478121075
0.0226544954614
0.0236705860559
0.024609279059
0.0218830776781
0.0212271520051
0.0214050737634
0.0197185943803
0.019654744764
0.0230690413102
0.0212544228754
0.0213722735909
1.72871889645
1.73204390379
1.71601275559
1.73846838277
1.7301517174
1.73267580533
1.71729470021
1.71700253681
1.71138502648
1.71884842015
1.71997597458
1.72372413605
1.7181826147
1.71229174761
1.71601256176
1.73763912732
1.72871838427
1.73267570353
1.71729456157
1.73846809166
1.7301512832
1.73328072162
1.73204378003
1.73441228102
1.73103737916
1.7332994505
1.71810255986
1.73915302939
1.73105060572
1.73331201012
1.71811518774
1.72256776915
1.72072235501
1.71450291322
1.72638952418
1.7222925799
1.72101272246
1.71475109152
1.71810242939
1.73913793511
1.73103706229
1.73331193145
1.71811509684
1.7391528098
1.73105031761
1.73663840251
1.73447630646
1.73688737875
1.73019203757
1.73271109183
1.7173330417
1.73771038507
1.7287850064
1.73210083643
1.71607412251
1.7209899203
1.72012501471
1.71396584068
1.72480759289
1.72173747171
1.7193159523
1.71327926627
1.71733291148
1.73851104089
1.73019177613
1.73210075931
1.71607403837
1.73771020409
1.72878477595
1.7361466512
1.73304503304
1.73543462261
1.71562434068
1.71546161918
1.71009690519
1.72031674969
1.717507371
1.71433384438
1.70948339249
1.73194829322
1.72849036903
1.73074248452
1.73985860546
1.74314446885
1.74099098939
1.74132314032
1.74040554395
1.7424572625
1.73999011884
1.73194870132
1.72849066089
1.73074261108
1.71562415097
1.71009667714
1.71546140582
1.72031641661
1.71750721694
1.7094832061
1.71433362068
1.73985818318
1.74099053386
1.74314395366
1.74132275566
1.74040504815
1.73998966408
1.7424568948
1.73967769575
1.74116982882
1.74298161635
1.74084985153
1.74227074166
1.73983064451
1.74024337394
1.72838719425
1.73186341537
1.73064342002
1.73967641493
1.74116821069
1.74084834279
1.74298025662
1.73982919223
1.74226938263
1.74024214573
1.72838606096
1.73186202469
1.73064205758
1.74522390781
1.7450003598
1.74561764782
1.74585763296
1.74616070466
1.74686410232
1.74643424813
1.74657359359
1.74396013635
1.7420246865
1.74123249231
1.7419120791
1.74414781787
1.74466270285
1.74289770439
1.73694062248
1.73383705098
1.738856912
1.73953929581
1.73359219729
1.73784289614
1.73441567052
1.74258437001
1.74492852732
1.74579488156
1.74425972746
1.74531232078
1.74368864894
1.74308062269
1.74031509614
1.734390487
1.7392986725
1.73560487847
1.73868955018
1.73513862885
1.74083544497
1.7332818987
1.73204477446
1.73441359565
1.7329993888
1.73611973414
1.73539335307
1.72094979519
1.72476658788
1.7200999477
1.71393396557
1.71927938231
1.71323532844
1.72170894182
1.7113844752
1.71700183666
1.7188478159
1.71997545965
1.72372339912
1.71229122484
1.71818180672
1.72094940528
1.72476600987
1.71393369142
1.72009964606
1.71323503336
1.71927895793
1.72170881288
1.73383622464
1.73693939095
1.73885589605
1.739538349
1.73359124227
1.73441486459
1.73784170429
1.74202329952
1.74395883719
1.74123135319
1.74191099602
1.74414652313
1.74289647861
1.74466152218
1.74031424105
1.73438956477
1.73560417827
1.73929757253
1.73513788953
1.73868842694
1.74083458787
1.74258337449
1.74492729919
1.74425852321
1.74579377942
1.74368752084
1.74531126348
1.74307969359
1.73299840542
1.73611847948
1.73539208651
1.74522245156
1.74499875848
1.7456161018
1.74585620592
1.74615926529
1.74686289539
1.74643292691
1.74657225186
1.74701625714
1.7471755741
1.74686706003
1.74732969181
1.74702830206
1.74721278787
1.74734121342
1.74690491962
1.74361970948
1.74613473503
1.74467451627
1.74610325926
1.74344281766
1.74630541853
1.74487201106
1.74143804657
1.73975072838
1.73603344601
1.73563949624
1.74125449938
1.73995961789
1.73620179211
1.74363001571
1.74611122911
1.74616597905
1.74470017335
1.74631600734
1.7448800399
1.74347239156
1.74144691873
1.73564528287
1.73977139436
1.73605911122
1.73996619599
1.73620998189
1.7412803272
1.73663934808
1.73447700588
1.73688842963
1.73448247879
1.73665496551
1.73689330039
1.72257363847
1.72639532442
1.72073689658
1.71452053949
1.72101751002
1.71475780958
1.72230872479
1.72256745828
1.71450262503
1.72072199542
1.72638909186
1.72229227397
1.71475078336
1.72101237445
1.72257324444
1.72639495524
1.71452024754
1.72073649028
1.7147575414
1.721017128
1.72230844027
1.7414373293
1.7360329066
1.73974976857
1.73563884306
1.74125370067
1.73620125451
1.73995871906
1.74361881237
1.74467341807
1.74613366585
1.7461021509
1.74344193697
1.7448710013
1.74630440581
1.74144626401
1.73564466185
1.73605861619
1.73977058891
1.73620951056
1.73996539046
1.74127974231
1.74362918993
1.74611014144
1.74469920319
1.7461650956
1.74487911697
1.74631513283
1.74347164993
1.73448174807
1.73665409013
1.7368922799
1.74701513996
1.74717437427
1.74686576665
1.74732856914
1.7470271975
1.74721186736
1.74734020569
1.74690398346
1.74626387416
1.74692971978
1.74664063554
1.7465345318
1.74537687818
1.74518285516
1.74576231929
1.7459919894
1.74266429656
1.74585289416
1.74430600075
1.74499876812
1.7431363976
1.7453965917
1.7437589664
1.74038242489
1.73933530092
1.7356492386
1.73444285079
1.74088284918
1.73874437505
1.73520298346
1.74409464822
1.74214053066
1.74136188229
1.74202553572
1.7442447907
1.74478125275
1.7429954433
1.73702865573
1.73393569558
1.73896115841
1.73963169509
1.73365961071
1.73791743757
1.73450032292
1.73614736463
1.73304562208
1.73543538862
1.73335223122
1.73210635574
1.73447082623
1.71706243257
1.71145324861
1.71891285408
1.72002904057
1.72377874587
1.71823104291
1.71234964481
1.72098956421
1.71396545781
1.72012445077
1.7248072212
1.72173710018
1.71327885854
1.71931553468
1.71145314546
1.71706223492
1.71891277472
1.72002881987
1.72377845611
1.71234949722
1.71823090151
1.74038182412
1.73564881667
1.73933462524
1.73444235328
1.74088218902
1.73520250149
1.73874365301
1.74266360301
1.74430518439
1.74585210777
1.74499798643
1.7431357086
1.74375822552
1.74539586463
1.73393532879
1.73702807775
1.73896068677
1.73963111943
1.73365912242
1.73449986972
1.73791682603
1.74213997417
1.74409410486
1.74136132699
1.74202488453
1.74424410853
1.74299473596
1.74478057408
1.73335138538
1.73210581973
1.73447010223
1.74626313925
1.74692888378
1.74663979049
1.74653374856
1.74537631431
1.74518227857
1.74576167764
1.74599135641
)
;

boundaryField
{
    walls
    {
        type            zeroGradient;
    }
    inlet0
    {
        type            zeroGradient;
    }
    inlet1
    {
        type            fixedValue;
        value           uniform 0;
    }
}


// ************************************************************************* //
