/*--------------------------------*- C++ -*----------------------------------*\
  =========                 |
  \\      /  F ield         | OpenFOAM: The Open Source CFD Toolbox
   \\    /   O peration     | Website:  https://openfoam.org
    \\  /    A nd           | Version:  7
     \\/     M anipulation  |
\*---------------------------------------------------------------------------*/
FoamFile
{
    version     2.0;
    format      ascii;
    class       volScalarField;
    location    "8";
    object      p;
}
// * * * * * * * * * * * * * * * * * * * * * * * * * * * * * * * * * * * * * //

dimensions      [0 2 -2 0 0 0 0];

internalField   nonuniform List<scalar> 
5218
(
1.61387807796
1.58675133317
1.58196143733
1.57917765964
1.57718626826
1.57587672055
0.00411711915698
0.00623107658361
0.00659461640383
0.00584433980209
0.00425940816465
0.00211695690442
1.60782834682
1.58569684593
1.58162413403
1.57871374259
1.57590271188
1.57173920159
1.56685844924
0.00551651091055
0.00591189290417
0.00598958261862
0.00567588404293
0.00437108881242
0.002241095043
1.60695288921
1.58548691901
1.5815743528
1.57856623788
1.57516274318
1.5670085164
1.52844273756
0.981709879941
0.202924328476
0.0126436441253
0.00608085304293
0.00558399778388
0.00548742967306
0.00434475442212
0.00223391619662
1.60855535956
1.5861881212
1.58181087338
1.57900440121
1.57672957549
1.57440865442
1.57073617314
0.00410281455234
0.0060230034564
0.00637408898338
0.00582269335049
0.00433789127195
0.00217664130452
1.61945738523
1.58781023288
1.58220886864
1.57935835838
1.57719363338
1.57583981273
0.00411415353105
0.00651448426934
0.00682458523479
0.00595739546125
0.00439908964268
0.00227283440732
1.59079874069
1.5854155588
1.58182127246
1.57926110067
1.57748232063
1.57680165487
0.0038509851379
0.00674464944936
0.00694927459423
0.00615553719104
0.00453504568863
0.00209171729069
1.58721785535
1.58365403077
1.58088092756
1.5781327957
1.57531416057
1.5743613748
1.57089074095
0.00833361684873
0.00682858667075
0.0056955617556
0.00530092031287
0.00436088357181
0.00305677297934
1.58669237543
1.58365403675
1.58088091037
1.57813276167
1.57531412609
1.56954476092
1.53482604483
0.965966955777
0.14942352403
0.00833364281925
0.00682863650978
0.005695597409
0.00530093121994
0.00436085275603
0.00290105950091
1.58859780359
1.58518035385
1.58182599367
1.5791386096
1.577013961
1.57565664243
1.57653630952
0.00422605319708
0.00675155876411
0.00653799461902
0.00601280211217
0.00470394089668
0.00235271227427
1.59769211901
1.5851826935
1.58167965384
1.57915111191
1.57727013915
1.57610622713
0.0039444547899
0.00741930681019
0.00739888519243
0.00619398759246
0.00437936462238
0.00188985288644
1.58891075005
1.5847951483
1.58173451938
1.57935930666
1.57776196246
1.57753530238
0.0037844533925
0.00705578433956
0.00718440726481
0.00636525217671
0.00472796142508
0.00217411417845
1.58552277691
1.58351681524
1.58092242475
1.57829563292
1.57564100685
1.57519328951
1.57379142339
0.00804442909936
0.00679950633085
0.00558099250099
0.00522870146609
0.00439994053203
0.002990188944
1.58505514489
1.58351681858
1.58092240344
1.57829559757
1.57564097265
1.57016558373
1.53719682925
0.960352157849
0.13916111478
0.00804443051394
0.00679952330415
0.00558101266321
0.00522870763015
0.00439991287417
0.00265248903435
1.58680922976
1.58468672414
1.58184416433
1.5793087344
1.57735685882
1.5765170078
1.57909977876
0.00413039486408
0.00700200694979
0.00655822044801
0.0060536823159
0.00486049011967
0.00247280239885
1.59520961098
1.58454202872
1.5815708166
1.57923341302
1.57752993817
1.5765097643
0.0038931450393
0.00777696163851
0.00777251055359
0.00647036356831
0.00454826773171
0.00165314259114
1.5894641488
1.58503334521
1.58179685708
1.5793307634
1.57764068033
1.57724750931
0.00382145796558
0.00699419871117
0.00710742279226
0.00627846604297
0.00463863078072
0.00211208336806
1.5860526551
1.58366085822
1.58089177793
1.57813837359
1.57531119579
1.5747039398
1.57331497864
0.00827424293249
0.00680820489579
0.00567446453166
0.00528820970738
0.00435579249584
0.0026768475548
1.58557574819
1.58366086516
1.58089176515
1.57813834501
1.57531116565
1.56969546149
1.53641865859
0.961035764183
0.140032084503
0.00827421999882
0.00680820807977
0.00567446691318
0.00528819492876
0.00435574647846
0.00234704116338
1.58734482372
1.58485994143
1.58186901495
1.57925862004
1.57722580465
1.57616945038
1.57870248992
0.00411547430552
0.00691238029616
0.00651787846021
0.00601954799019
0.004797745522
0.00237364413089
1.595473669
1.58484633407
1.58165952039
1.57921705681
1.57742684731
1.57637555495
0.00395420860199
0.00767111402918
0.0076284198244
0.00634724178635
0.00445896409387
0.00160089245493
1.59305096574
1.58598953415
1.58194699225
1.57921588043
1.57725677524
1.57621496027
0.00408447745366
0.0064785550262
0.00672435829202
0.00593236713632
0.00432173426995
0.0020111486451
1.5894282661
1.58523239757
1.58173825891
1.57881878733
1.57608607213
1.57277724193
1.56908260679
0.00635407212999
0.00639885321212
0.00588875376617
0.00561422777962
0.00451179366587
0.00226972977243
1.58887975614
1.58506198678
1.58171385553
1.57868618826
1.57541056454
1.56826948084
1.53234503841
0.968775710073
0.157653304495
0.0135561196654
0.00680893189414
0.00549066480697
0.00538342520654
0.00447703286884
0.00225571890394
1.59077465376
1.58557016751
1.58185511414
1.57907652063
1.57685374602
1.57491144439
1.57514453496
0.00420508326228
0.00635806436324
0.00640120772968
0.00587640108283
0.00446581517206
0.00211809012932
1.59901711239
1.58659767336
1.58195732149
1.57917441646
1.57714311172
1.5757762418
0.00407330813152
0.00700288660715
0.00701577020456
0.00592253931727
0.00419255115114
0.00204138390565
1.59901686709
1.59024169214
1.61926903546
1.59028791994
1.58659756785
1.58391492463
1.58802533033
1.58328326534
1.58195730882
1.58044422842
1.58236073224
1.58004888617
1.57917447024
1.57808400066
1.57940353005
1.57774722188
1.5771432471
1.5764498555
1.57719388448
1.57607455548
1.57577640501
1.57576532898
0.00275114991258
0.00310707856756
0.00407428407283
0.006318789062
0.004100617558
0.00619909014936
0.00700339644072
0.00722722470441
0.00652606158124
0.00694161962982
0.00701602500522
0.00657244968723
0.00680805313931
0.00625210054771
0.00592270175591
0.00513250968812
0.00593246366464
0.00482985874815
0.00419266382834
0.00314222200972
0.00437331028101
0.00283992657455
0.00204146836303
0.000277486910068
0.00226075718975
0.000320531152124
1.5771762703
1.57491150581
1.57470858398
1.57584118798
1.57592614838
1.57437497651
1.57065186605
1.57514449305
1.57069566343
0.00207732852503
0.000496359156271
0.00267574071173
0.00161192050991
1.5323450248
1.17631849573
1.56681718684
1.52840313325
1.18945747855
0.968775702218
0.374787098663
0.981762957899
0.396142235526
-0.000233326536149
0.157653355504
0.00928832744885
0.000273220996032
0.203018849881
0.0140478677584
1.17631857777
1.56908266762
1.52840314139
1.18945752792
1.5668171903
0.374787197534
0.981762989436
0.396142257618
0.00928831060362
-0.000233591753287
0.203018846311
0.0140477424056
0.000272680856047
1.57470859838
1.57621485885
1.57717621526
1.5743749096
1.57065178087
1.57584104569
1.57592602645
1.57069557515
0.00049587088201
0.00207655282295
0.00161126321299
0.00267456189292
1.59024187718
1.61926933566
1.59028816268
1.58391497989
1.58802552194
1.58328338309
1.58044420173
1.58236080812
1.58004890019
1.57808389753
1.57940350756
1.57774712111
1.57644971584
1.57719372838
1.57607436548
1.57576512917
0.00275018892383
0.00310572283946
0.0063181025476
0.00409942098114
0.00619819893078
0.00722685808218
0.00652528593096
0.00694113010092
0.00657227027985
0.00680756978083
0.00625184012926
0.00513240038056
0.00593224806091
0.00482975445193
0.0031421498889
0.00437328003776
0.00283991045304
0.000277487577494
0.0022607274714
0.000320536491108
1.61945690365
1.5901279095
1.59916144398
1.58891662731
1.5878099814
1.58310685887
1.58716195552
1.58308650151
1.58220879547
1.57998356547
1.58224810378
1.58002989741
1.57935839774
1.57773236495
1.57941314208
1.57781817658
1.57719382221
1.57616318735
1.57729311681
1.57645153309
1.57584010434
1.57626967914
0.00317548467814
0.0026671518202
0.00411391569872
0.00617013453195
0.00394120091302
0.00634317142305
0.00651437249548
0.00694268836632
0.00669239041251
0.00722874529327
0.00682449858143
0.0062624591241
0.00705797361981
0.00650347583925
0.00595738542084
0.00484880813451
0.00614991426289
0.00501826604812
0.004399373534
0.00283857040657
0.00452551029588
0.00286135468369
0.0022730616621
0.000342820124036
0.00217315178584
0.000342744915849
1.57596772801
1.57440878643
1.57069452755
1.57626523866
1.57721533051
1.57493046568
1.57473911261
1.57073625269
1.57517407461
0.00278092553799
0.00144794673251
0.00222983220645
0.00146297811721
1.52844273607
1.18944362028
1.56911753191
1.5323790858
1.1763016396
0.981709863897
0.395995642254
0.968719276654
0.374504313192
0.000178713541414
0.202924275388
0.0141423194859
0.000153810160298
0.157203647393
0.00801542140701
1.18944363778
1.5668584229
1.53237909108
1.17630168074
1.56911757286
0.395995641874
0.968719280338
0.374504352765
0.0141422938202
0.000178896787404
0.157203658437
0.00801543710639
0.000153894617609
1.57069442696
1.57587656112
1.57596755011
1.57493036194
1.57473908298
1.57626507722
1.57721521607
1.57517409631
0.00144817027754
0.00278121627354
0.00146312284685
0.00223008722444
1.59012823062
1.59916181333
1.58891688098
1.58310697554
1.58716215459
1.58308655715
1.57998352111
1.58224809815
1.58002982428
1.57773225238
1.57941300644
1.5778180067
1.57616297755
1.57729289281
1.57645133711
1.5762694749
0.00317577043961
0.00266756478549
0.00617020340642
0.00394165906265
0.00634346507292
0.00694275211327
0.00669262080237
0.00722887684848
0.00626252713149
0.00705803143944
0.00650340583681
0.00484864609376
0.00614981703149
0.00501797863231
0.00283834200724
0.0045252089881
0.00286107327581
0.000342791196187
0.00217287870558
0.000342688058839
1.59769179846
1.58855052098
1.59547898919
1.58747554358
0.00189015722035
0.000348656377064
0.00161998581531
0.000332575906937
1.5885507381
1.5954792433
1.5874756863
0.000348589203681
0.00161964035586
0.000332514500766
1.5952093551
1.58730506423
1.59520744408
1.58731920316
0.0016534738581
0.000331741951581
0.00164058781189
0.000328951908391
1.58730520227
1.59520765134
1.58731933611
0.000331701600841
0.00164033782562
0.000328902453858
1.5954734486
1.58750246891
1.59759004741
1.58859942797
0.0016010973189
0.000326831981943
0.00182211893097
0.000329673831472
1.58750261716
1.59759028418
1.58859958575
0.000326770785187
0.00182196021797
0.000329658085992
1.58874874874
1.59077453372
1.58774448611
1.61375217635
1.59020640479
1.60853569116
1.58903693616
1.58375411403
1.58557009204
1.58355061239
1.58676467163
1.58399885631
1.58620725584
1.58372585278
1.58047190987
1.58185508503
1.58036735236
1.58200882702
1.58047174009
1.58184982712
1.58033940643
1.57814898001
1.57907656149
1.57790357255
1.57918983847
1.57810144972
1.57901950905
1.57784188443
1.576621289
1.57685383321
1.57592328326
1.57716228593
1.5764073105
1.57671779447
1.57562624653
0.00574703114693
0.00420545519927
0.00602201132423
0.00409783318963
0.0054874688619
0.0041529793477
0.00546233177224
0.00679104923727
0.0063582407429
0.00648103812442
0.00624551963789
0.00659901451367
0.0060266009652
0.00631634744552
0.0064482506114
0.00640127159442
0.00624458300822
0.00658138730166
0.00632099965272
0.00634239020787
0.00619985488056
0.00523007739289
0.0058764627239
0.00528815071288
0.00581176658561
0.0051129502557
0.00578825692735
0.00516663479164
0.00324498744153
0.00446593879061
0.00338517843227
0.00422478841604
0.00319059258122
0.00431196897264
0.00328068053391
0.000623173895352
0.00211819777439
0.000680645757659
0.00209356386127
0.000387719475399
0.00215868811651
0.000366727289119
1.5869724364
1.5888797327
1.58663031322
1.60781967448
1.58816888701
1.60695395892
1.58778285573
1.5696322653
1.56826948843
1.55924550436
1.57170408719
1.56741977928
1.56697426464
1.55632977727
0.00071980232927
0.00225573619242
0.000717926468494
0.00223024964101
0.000385167143542
0.00222722552594
0.000367096845007
1.58663033621
1.58942833332
1.5869724944
1.60695397795
1.5877828851
1.60781979017
1.58816896672
1.55924550776
1.57277721851
1.56963227854
1.56697425942
1.55632977928
1.57170404731
1.5674197712
0.000717920403307
0.00226965240947
0.000719762704599
0.00222719148067
0.000367064920108
0.00223012528163
0.000385092953291
1.58774459554
1.59305114075
1.58874889828
1.60853587306
1.58903707463
1.61375244055
1.59020660291
1.58355067249
1.58598965158
1.58375418344
1.58620736555
1.58372593665
1.5867648164
1.58399896622
1.58036733861
1.58194701384
1.5804718896
1.58184986866
1.58033940665
1.58200888494
1.58047174273
1.57790350127
1.57921580847
1.57814887279
1.57901946266
1.57784180077
1.57918979352
1.57810136176
1.57592320429
1.57725665631
1.57662117247
1.57671769103
1.57562616153
1.57716217207
1.57640718074
0.00602174335277
0.00408390370547
0.005746488232
0.00415249346916
0.00546193905772
0.00409699760446
0.0054868676267
0.00648090922804
0.00647819075676
0.00679077802301
0.00602629789415
0.00631610368047
0.00624510045209
0.00659867390827
0.00624451524038
0.00672417189832
0.00644808221879
0.00634220051747
0.00619973691419
0.00658114749523
0.00632081098238
0.00528805811554
0.00593220963019
0.00522994098795
0.00578814852265
0.00516656014383
0.00581159583196
0.00511282756425
0.00338505195083
0.00432158652997
0.00324484610448
0.00431187270724
0.00328056413685
0.00422463865088
0.00319046099347
0.000680598145938
0.00201104660446
0.000623130464617
0.00215853837504
0.000366639595617
0.00209342767959
0.000387695880895
1.60245108235
1.60728993077
1.63075806794
1.60241611574
1.6193048093
1.5987854421
1.60689013324
1.59480343843
1.59040806878
1.59157149217
1.59478633322
1.59031881375
1.59406496475
1.59668045324
1.58583136496
1.58835929415
1.5884880733
1.58585957985
1.58798414999
1.5861928084
1.58620127176
1.58451831918
1.58349746509
1.58340980568
1.58452635237
1.58326497741
1.58480708735
1.58466511929
1.58147543712
1.58252689408
1.58240845155
1.58147922876
1.58235979088
1.58160946006
1.58153782871
1.58076283383
1.58014140093
1.5800902582
1.58074227014
1.58006683394
1.58084955765
1.58077000847
1.57886694245
1.57949379518
1.57943695754
1.57882451702
1.57945320119
1.5789127648
1.57886735228
1.57832909409
1.57786022109
1.57779963677
1.57823911649
1.57781978975
1.57834648538
1.57828983786
1.57691688576
1.57735182387
1.5772794454
1.57680374217
1.57734105297
1.5769727838
1.57687946406
1.57654384743
1.57635089873
1.57621055607
1.57630844223
1.57625649363
1.57655889421
1.5764543641
1.57609249844
1.57615797005
1.57594633104
1.57597163551
1.57600365777
1.57643728739
1.57603540069
1.57640250902
1.57662533752
1.57682633375
1.57634764698
0.00289035232268
0.00300562837245
0.00335335181949
0.00274879203806
0.00324832397228
0.00268019102022
0.00299093019288
0.00488799873886
0.00396063248015
0.00418896075785
0.00480844426679
0.00414224422322
0.00463829923862
0.00490151303651
0.00574376058773
0.00599294442648
0.00621025006764
0.00563650089823
0.00627912498452
0.00547289092632
0.00566903448428
0.0069151826339
0.00635402340442
0.00655212566452
0.00682160114215
0.00663874190407
0.00666071805953
0.00682786437761
0.00700543760783
0.00686446448258
0.00693451534541
0.00687948247304
0.0070430817746
0.00677946471657
0.00688911898971
0.00678270880966
0.00677210168605
0.0067951135443
0.00670431472383
0.0069093639209
0.00668755900774
0.00668449407814
0.00653922104713
0.00627085152679
0.00621456222716
0.00647687792737
0.00629761826238
0.00648260780188
0.00643684733698
0.00562890770304
0.00595860944083
0.00587747735048
0.00561356580194
0.0059583235553
0.00564825661609
0.00556838976354
0.00522745346127
0.0048676775408
0.00478286273328
0.00522815469608
0.00482312889768
0.00526111811049
0.00516655512293
0.00388096165898
0.00440114387177
0.0043162283905
0.00390275607397
0.00435532887832
0.00393154114189
0.00386411632926
0.00336047584687
0.00285433430939
0.00282480461327
0.00338944567117
0.00281259987872
0.00340173516179
0.00334505354314
0.00158599495744
0.00225854322285
0.00225606972812
0.00160705627421
0.00222529427449
0.00153979883699
0.00173126112022
0.00102192794766
0.000299140925508
0.000363423255207
0.00104422659071
0.000315251280942
0.000816859099429
0.00111024374039
1.57506051259
1.57599900603
1.57672244055
1.57557249386
1.57624538841
1.57612002676
1.57580470527
1.57210194015
1.57156563879
1.57184427858
0.0018131871301
0.00265692426404
0.0022509156187
0.00225526663325
0.00218803119751
0.00246635310755
0.00177423077599
1.56435739235
1.56566027477
1.56169393867
1.5539724474
1.5642929538
1.55650674171
1.55409615315
1.50385395212
1.18357638626
1.40807947277
1.39881264887
1.51104816781
0.97651076876
0.785162375662
0.781951928514
0.389815197248
0.588266300347
0.584239144311
-0.0237718179383
-0.00991207935304
-0.0113949252063
-0.0177985898309
-0.0518971592677
0.185320771016
0.0479442033882
0.0461169877459
-0.0360007787658
1.50385398699
1.1835763824
1.40807948539
1.39881263437
1.51104816733
1.5643574411
1.5656603014
1.55397245175
1.56169398275
1.55650676409
1.56429305659
1.55409619093
0.976510821795
0.785162440696
0.781952003965
0.389815248631
0.588266275447
0.584239078784
-0.0518973624683
0.185320814512
0.0479440837729
0.0461170284618
-0.0360011260053
-0.0237720942916
-0.00991248352508
-0.0113951979715
-0.0177988416608
1.5750604201
1.5759989352
1.57557240428
1.57672222194
1.5761199526
1.57624518315
1.57580460406
1.57210189239
1.57156550132
1.57184418866
0.00181224395612
0.00265573642139
0.0022542535662
0.00224962934179
0.0024653223632
0.00218684036512
0.00177317822241
1.6024513894
1.60729024092
1.60241640204
1.63075840604
1.59878573879
1.61930519971
1.60689041995
1.59480370125
1.59040831456
1.5947866167
1.5915717573
1.59406524564
1.5903190695
1.59668073555
1.58583150872
1.58835947057
1.58585974412
1.58848829058
1.58619297203
1.58798433859
1.58620145465
1.58451841524
1.58349758403
1.58452650401
1.58340992839
1.5848072182
1.58326509838
1.58466525106
1.58147548666
1.58252696135
1.58147928642
1.58240854222
1.58160951626
1.58235986185
1.5815378921
1.58076286818
1.58014142412
1.58074231022
1.58009030456
1.58084961299
1.58006690312
1.58077007662
1.57886689939
1.57949375899
1.57882447699
1.57943699138
1.57891272158
1.57945320548
1.57886733454
1.57832902096
1.57786013054
1.57823905643
1.57779952141
1.57834643587
1.57781971927
1.57828978997
1.57691669459
1.5773516843
1.57680358364
1.57727932074
1.57697263068
1.5773408931
1.5768792364
1.57654362956
1.5763506997
1.57630823672
1.57621032707
1.57655872513
1.57625623737
1.5764541066
1.5760922976
1.57615774436
1.57597145535
1.57594612854
1.57643702345
1.57600330972
1.5760354036
1.57640228747
1.57662508548
1.5768258981
1.57634775486
0.00288881348648
0.00300444449266
0.00274718659713
0.00335172946035
0.00267938273421
0.00324715714718
0.00298791020408
0.00488663837726
0.00395912945406
0.00480712500319
0.00418778248501
0.00463706034511
0.00414080678196
0.00490013708394
0.00574256292503
0.00599210678051
0.00563553358684
0.00620921966941
0.00547189540631
0.00627819168047
0.00566789990391
0.00691440211179
0.00635331170489
0.00682084186169
0.00655114320746
0.00666003831736
0.006637896555
0.00682700257715
0.00700489721202
0.00686405441402
0.00687892422706
0.00693392330073
0.00677915268945
0.00704273012754
0.00688848410748
0.00678231072061
0.00677173615604
0.00670385399204
0.00679468682138
0.00668719270912
0.00690894593101
0.00668399106468
0.00653894291764
0.00627064635176
0.00647652000473
0.00621430989322
0.00648243039587
0.00629750504591
0.00643657963377
0.00562876381251
0.00595845740665
0.00561343171184
0.0058774030279
0.00564814762975
0.0059582081904
0.00556828097497
0.00522738309689
0.00486758555571
0.00522801370775
0.00478282058354
0.00526097462932
0.00482313259791
0.00516655318971
0.00388103204578
0.00440112497166
0.00390278657595
0.00431629468679
0.0039315793066
0.00435540845158
0.00386425854426
0.00336054401743
0.00285428037909
0.00338946289424
0.00282489000491
0.00340172234884
0.00281266177493
0.00334519796979
0.00158607343776
0.00225846810909
0.00160706740128
0.00225620416043
0.00153980936598
0.00222535069602
0.00173143524438
0.00102200536414
0.00029914244854
0.00104423329833
0.000363443610181
0.00081683335412
0.0003152653994
0.00111028984948
1.59028247123
1.60855506467
1.58906050449
1.59310936362
1.58893585222
1.59081684915
1.5877859215
1.58395153869
1.58618800414
1.5836872896
1.58600683395
1.58370682402
1.58556574458
1.5835188738
1.58044070176
1.5818108687
1.58031050666
1.58189272231
1.58043330562
1.58181749076
1.58033694561
1.57810710099
1.57900447603
1.57784037759
1.5791954623
1.57814544164
1.57905758731
1.57789582538
1.57644758742
1.57672970472
1.57564885985
1.57726751307
1.57664808434
1.57685685151
1.57593358153
0.00546533245337
0.00410260733402
0.00541833636388
0.0040561635913
0.0056789482626
0.0040677939696
0.00585648938166
0.00659861070898
0.00602287749584
0.00633691829687
0.00642868397052
0.00676829195814
0.00629878952788
0.00647735371141
0.00634620477126
0.00637405176665
0.00623565110974
0.00672348203677
0.0064684292205
0.00642004433217
0.00627324886091
0.00514915859797
0.00582282609028
0.00519770882286
0.0059655003598
0.005271824452
0.00590637886306
0.00531617390545
0.00322002073209
0.00433808159838
0.00330222877621
0.00436273803307
0.00328207925023
0.00448884131888
0.00340410962938
0.000400300512905
0.00217672027463
0.000374271587391
0.00203609665626
0.000666205890121
0.00213344641767
0.00068593052906
1.58817424289
1.60695283475
1.58778447897
1.58944458345
1.58699388335
1.58888766703
1.58664281342
1.58342004821
1.5854868809
1.58334732468
1.58523392584
1.58328106617
1.58506306106
1.58322767101
1.58011179926
1.5815743501
1.58005572112
1.58171713629
1.58013878884
1.58170135547
1.58009638586
1.57735291553
1.57856625771
1.57702650895
1.57880464403
1.5773789032
1.57867739565
1.57705706749
1.57416249006
1.57516276674
1.57218064039
1.57608879423
1.57444181013
1.57541604618
1.57251893078
1.56746026854
1.56700854737
1.5563700714
1.57280205442
1.56966481611
1.56829428082
1.55927781931
1.56173517607
1.55401247126
1.55413597964
1.56439617601
1.56570243886
1.56433474047
1.55654690513
-0.00944705830198
-0.0167836074734
-0.0227813399017
-0.0113769848425
0.00579552480146
0.012643553094
0.00763975226554
0.00589821706334
0.00649083800539
0.0139392544012
0.00899672196449
0.00595625215194
0.00608079598053
0.00557969719133
0.00632517706812
0.00599910277671
0.00688648540073
0.00576406921301
0.0059552877551
0.00558397508199
0.00563437414587
0.00591231218203
0.00579553213835
0.00553531879495
0.00543637664687
0.00515755873
0.00548745298182
0.00507160342206
0.00563916209864
0.00517411570503
0.00540786556859
0.0050430521808
0.00337071667501
0.00434478141142
0.0033653436436
0.0045242670261
0.00349028618431
0.00448627746393
0.00348622863337
0.000391321531964
0.00223393845773
0.000370368967095
0.00227573115603
0.000723571476845
0.00225887794756
0.000720065203968
1.58778451838
1.60782856185
1.5881743613
1.5888877187
1.58664285903
1.5894447272
1.58699398924
1.5833473354
1.58569690843
1.58342007676
1.58506309134
1.583227693
1.58523397364
1.5832810835
1.58005571502
1.58162412699
1.58011176433
1.58170136034
1.58009637344
1.58171712023
1.58013876031
1.57702648043
1.57871367564
1.57735284362
1.5786773676
1.5770570318
1.5788045817
1.57737884658
1.57218061426
1.57590263272
1.57416241452
1.57541600489
1.57251889401
1.57608872955
1.57444175577
1.55637005702
1.57173914533
1.5674602137
1.56829426251
1.55927781264
1.57280201103
1.56966479617
0.785069134954
0.976453401734
0.781849125378
0.047946132146
-0.0356320485267
-0.0517287371484
0.185130566662
0.0459473903376
0.00763975601801
0.00551656947645
0.00579558853114
0.0139392968751
0.00899679749098
0.0058982868356
0.00649090084191
0.00557974378601
0.00591195506241
0.00595628109308
0.00688653862522
0.0057640761666
0.00632523280469
0.00599919570493
0.00563437564271
0.00598956403019
0.00595522376545
0.00553534959601
0.00543638404124
0.00591234622246
0.00579554309913
0.00507156552965
0.00567575824103
0.00515743240365
0.00540786035965
0.00504304304927
0.00563911241546
0.00517404931798
0.00336528954362
0.00437095206665
0.00337063163533
0.00448625625276
0.00348620062455
0.00452416563143
0.00349020064988
0.000370336609853
0.00224099047929
0.000391303827973
0.00225883076529
0.000720056810733
0.00227566718709
0.000723553063868
1.58906068832
1.61387852412
1.59028270987
1.59081705834
1.58778608559
1.59310964169
1.58893606838
1.58368734156
1.58675148714
1.58395161254
1.58556583626
1.5835189107
1.58600696647
1.58370687625
1.58031046764
1.58196145258
1.58044065891
1.58181748259
1.58033689443
1.58189271495
1.580433237
1.57784026883
1.57917755496
1.57810696246
1.57905750403
1.57789571079
1.57919534931
1.57814530628
1.57564872694
1.57718611882
1.57644741078
1.57685673659
1.57593346433
1.57726736197
1.57664792246
1.57160750766
1.57213955289
1.57188606757
0.00541846482004
0.00411731409516
0.0054654153563
0.00406794245015
0.00585662384269
0.00405638310492
0.00567914058313
0.0063369994815
0.00623119454693
0.00659866554402
0.00629893613795
0.00647750473733
0.00642887530858
0.00676842530039
0.0062355804875
0.00659464015893
0.00634615121709
0.00642013968957
0.00627324666682
0.00672352054256
0.00646842286676
0.00519751104326
0.00584421257383
0.00514899244761
0.005906311824
0.00531604055219
0.00596538848083
0.00527163325114
0.00330204462653
0.00425918315577
0.0032198376973
0.00448866891018
0.00340395663905
0.0043625097871
0.00328187721441
0.000374259342477
0.00211682929677
0.000400318823275
0.00213331993453
0.000685898557124
0.00203594446623
0.000666143780185
1.60257979845
1.63107733537
1.607501851
1.60727102953
1.61965391433
1.60292444453
1.59896540411
1.58565707703
1.58833216549
1.58604005037
1.58585275346
1.58807475457
1.58592556397
1.58793809292
1.58136424582
1.58224418287
1.58140712025
1.58138576947
1.58232163313
1.58145021081
1.58220916445
1.57878979964
1.57936235818
1.57879520325
1.57880349942
1.57942941273
1.57886883461
1.57936368836
1.57681854177
1.57719776665
1.57679533763
1.5768190368
1.57734789221
1.57701668524
1.57721275668
1.57602669097
1.57591676431
1.57604087112
1.57611210175
1.57628287815
1.57650344125
1.57597368117
0.00478737220819
0.0042155143572
0.00491470684374
0.00488343775651
0.00394158547934
0.00456355987645
0.00415894616906
0.00681447735719
0.00658772002266
0.00685178930503
0.00692558290506
0.00633730461618
0.006680664778
0.0066482618323
0.0067094388782
0.00680479853108
0.00667626873224
0.00672874306556
0.00679029547326
0.00670240427181
0.0068561801599
0.005629733093
0.00588446756546
0.00556782697958
0.00559268356455
0.00598142337395
0.00566162591199
0.00590825636188
0.0039146484268
0.00433327124314
0.00387095475163
0.00387848720489
0.00442624088433
0.00393776642114
0.00434096721695
0.00166903765133
0.00225599932635
0.00168727104075
0.00158151305962
0.00225488677615
0.00159060191981
0.00223422440247
1.58518258481
1.58337269411
1.58477501138
1.58319302903
1.581679692
1.58033125046
1.58161487476
1.58034011662
1.57915125247
1.57814307454
1.57920060523
1.57824395781
1.57727031518
1.57671869421
1.57742302812
1.57696188067
1.57610644481
1.57638292223
0.00249684349647
0.00228366079132
0.00394403471301
0.00668025598085
0.0039244523838
0.00689541231426
0.0074190670766
0.00768123232872
0.00767073971204
0.00795976317971
0.00739886722197
0.00691238999552
0.0076429222511
0.00713022456471
0.00619417367938
0.00536564824186
0.00636871109574
0.00550780218973
0.00437965444466
0.00337896617688
0.00448081262377
0.00343704020326
1.5879285786
1.58859762221
1.58683215837
1.58947802656
1.58715901426
1.5873495022
1.58615055746
1.58347364741
1.58518029083
1.58336178759
1.58500939963
1.58331821711
1.58484940222
1.58328104811
1.58044379668
1.58182602876
1.5803832008
1.58177569744
1.58047795647
1.58185430694
1.58047198197
1.57827072436
1.57913870588
1.57807388159
1.57932418336
1.57838923498
1.57925115806
1.57823988354
1.57706941096
1.57701408524
1.57658398465
1.57764642054
1.57737859805
1.57722728075
1.57701040292
1.57793192065
1.57565672584
1.57565274137
1.57725822195
1.57921894787
1.57617926548
1.57735122339
1.57653624838
1.57871377803
0.00157928227197
-0.000957276515056
0.00137359079303
-0.00146657945118
0.00610982124023
0.00422594886227
0.00734665503691
0.00381635368437
0.00639084231731
0.00412256178759
0.0077142111074
0.00708128974116
0.00675144243523
0.00703159577082
0.00698306213113
0.00731696105971
0.00690514676556
0.00714537244969
0.00667645781169
0.00653791732736
0.00643928167263
0.00711251594329
0.00683302717943
0.00652754544123
0.00644183946772
0.00545572413352
0.00601283174085
0.0054783090776
0.00629247010068
0.00559798565216
0.0060316147902
0.00554386345479
0.00342874214412
0.00470408654628
0.00361773041612
0.00465530537432
0.0035064502525
0.00480730659974
0.00371431306337
0.000737832920432
0.0023528315043
0.000804350329279
0.00212443146784
0.000746371808297
0.00237954667206
0.000821720526408
1.58593735945
1.58669232808
1.58562950127
1.58605498234
1.58546987341
1.58557761349
1.58525336322
1.53482602332
1.17443647823
1.5733282437
1.53643395171
1.17130778954
0.965966936225
0.36874117552
0.961030456019
0.35988677289
-0.00339358619588
0.149423334326
0.00408792243626
-0.0045181664461
0.140075093035
0.00202112221305
0.000957918003532
0.002901078307
0.000955660667002
0.00267944968124
0.000945127316004
0.00234666690989
0.000928814539708
1.58562954402
1.58721796535
1.58593743568
1.58557766568
1.58525339598
1.58605508505
1.58546993837
1.17443650671
1.57089082587
1.53643398556
1.17130776798
1.57332831557
0.368741181358
0.961030442068
0.359886766877
0.00408794621026
-0.00339349743284
0.14007505739
0.00202114306091
-0.00451809776643
0.000955645526148
0.00305670351807
0.000957901683285
0.00234664744642
0.000928808829569
0.00267934046906
0.000945110571836
1.58683228804
1.59079896372
1.58792874736
1.58734965839
1.58615067192
1.58947822859
1.58715915654
1.58336180631
1.58541565119
1.58347367207
1.5848494592
1.58328106943
1.58500949074
1.58331824162
1.58038313853
1.58182123271
1.58044369734
1.58185427892
1.58047191764
1.58177567225
1.58047786234
1.57807377707
1.57926096901
1.57827056157
1.57925105955
1.5782397866
1.57932405868
1.57838908174
1.5765838959
1.57748217183
1.57706925714
1.57722716846
1.57701032013
1.57764627239
1.57737846496
1.57565274031
1.57680153462
1.57793184705
1.57617920333
1.57735124289
1.57725809934
1.57921893313
1.57871381931
-0.000957188370903
0.00157948065157
-0.00146652652958
0.00137373189393
0.00734677277761
0.00385116369558
0.00610999010778
0.00412267956392
0.00771432720145
0.00381654568712
0.0063910239615
0.0070317507964
0.00674482853977
0.00708138553952
0.00690532700664
0.00714553043319
0.00698330352518
0.007317117464
0.00643933847443
0.00694936914061
0.00667640607371
0.00652769967793
0.00644196439209
0.00711264961792
0.00683302626851
0.00547823860178
0.00615545703644
0.00545555540283
0.00603164469876
0.00554385141191
0.00629241825442
0.00559785502477
0.00361761273963
0.0045348401151
0.00342854446077
0.00480719825032
0.00371420092552
0.00465509264881
0.00350622614513
0.000804309618945
0.00209151470438
0.000737768939787
0.0023794140017
0.000821664438379
0.00212420126569
0.000746279742068
1.61038465099
1.59662050102
1.60928177983
1.59627849567
1.59381421567
1.59722653808
1.5928832317
1.58337272487
1.58477510405
1.58319305852
1.58033114802
1.58161484495
1.58034002714
1.5781428977
1.57920047
1.57824380755
1.57671851106
1.57742286929
1.57696172047
1.57638270679
0.00249720540439
0.00228388727779
0.00668057711489
0.00392466124356
0.00689565020839
0.00768133908007
0.00767089638547
0.00795993990868
0.00691227568089
0.00764300657343
0.00713020622955
0.0053653566305
0.00636861366895
0.00550763037737
0.00337864009961
0.00448056224558
0.0034367340138
0.00172418006591
0.00157621099707
0.00331829861264
0.00164298812746
0.00174184992203
0.00153558672884
0.00337287642363
1.58454195663
1.58307688618
1.5845614422
1.58309424244
1.58157086427
1.58034255284
1.58158470062
1.58035142425
1.57923356395
1.57831243643
1.57923850483
1.57831489588
1.5775300941
1.57712663344
1.57753102637
1.57712604014
1.57650993278
1.57650575554
0.00221231844653
0.00223453160719
0.00389301821272
0.00696001753934
0.00391463682153
0.00696692209539
0.0077768743601
0.00809577811878
0.00777834880009
0.00809338397802
0.00777250968979
0.00725186793636
0.00776784054933
0.00724566519653
0.00647047600973
0.00559342809103
0.00646336263067
0.00558579606275
0.00454849111125
0.0034936486408
0.00454110775995
0.00348637364967
1.58678956461
1.58680908658
1.58582449364
1.58890935882
1.58679083051
1.58680857913
1.5858248907
1.58321471972
1.58468669008
1.58322147091
1.58480331263
1.58322313903
1.58468965544
1.58322607415
1.58048471999
1.58184421031
1.5804988368
1.5817418668
1.58048963107
1.58184909758
1.58050300538
1.57846458776
1.57930884229
1.57832979225
1.57936175058
1.57846502964
1.57931188009
1.57833148428
1.57757082867
1.57735697017
1.57721439701
1.57776069715
1.57756809775
1.57735741801
1.57721344335
1.57946502502
1.5765170795
1.57768214892
1.57753196207
1.57945825304
1.57651423468
1.57767605537
1.57909976287
1.57909287069
0.00124069350205
-0.00165225967237
0.00124173364297
-0.00165660213577
0.00644975806051
0.00413036715106
0.00779734300363
0.00379179474332
0.00645865217993
0.00413323147525
0.00780685840094
0.00740754573202
0.00700192910041
0.00723348385127
0.00706010708108
0.00740815775181
0.00700674671488
0.00723369345956
0.00691096286044
0.00655813991344
0.00647958812209
0.00718244289778
0.00690727140171
0.00655568310766
0.00647590491282
0.00567603592132
0.00605368707885
0.00559013540194
0.00636052007073
0.00567066545323
0.00604985438335
0.0055864970744
0.00357902678585
0.0048605923908
0.00378736139876
0.00472248746847
0.00357359794306
0.00485751185019
0.00378479524505
0.000762889649797
0.00247294925934
0.00085587204153
0.00217006093167
0.000760819192832
0.00247100781116
0.000854699417422
1.58514700256
1.58505511597
1.58494736466
1.58552204278
1.58514436259
1.58505422363
1.58494402331
1.53719679305
1.17093516346
1.57378283752
1.53719140079
1.17093234294
0.960351997134
0.358803915155
0.960353040665
0.358797193681
-0.00494290383357
0.139161037248
0.00107248166436
-0.00498420697645
0.139129894152
0.00104187386625
0.00102808193265
0.00265251631251
0.0010173895806
0.00298793862146
0.00102738001964
0.00265089171965
0.00101697676352
1.5849473969
1.58552286535
1.58514705039
1.58505425625
1.58494405195
1.58552212008
1.58514440041
1.17093513373
1.57379147663
1.53719144358
1.17093233264
1.57378293255
0.358803890146
0.960353071076
0.358797195795
0.00107250748485
-0.0049428901638
0.139129952827
0.00104186114322
-0.00498424247894
0.0010173843318
0.00299015727179
0.00102803896043
0.00265089170515
0.00101696759918
0.00298786160527
0.00102735797814
1.58582458989
1.58891092688
1.58678969873
1.58680870507
1.58582497722
1.58890953908
1.58679095177
1.58322147095
1.58479521049
1.58321472702
1.58468969769
1.58322608388
1.58480338739
1.5832231539
1.58049876036
1.58173446601
1.58048460947
1.58184905754
1.58050293777
1.58174182963
1.58048953578
1.57832969503
1.57935916549
1.5784644345
1.57931178069
1.57833139073
1.57936163137
1.5784648924
1.57721432227
1.57776181569
1.57757069768
1.57735730846
1.57721336756
1.57776058194
1.57756797968
1.57768213474
1.57753519196
1.57946502126
1.57651418433
1.57767608196
1.57753186072
1.57945826296
1.57909291495
-0.00165224436904
0.00124075853374
-0.00165663210044
0.00124169803549
0.00779735978355
0.00378453945491
0.00644982602749
0.00413322550996
0.00780691058068
0.00379182889178
0.00645864720803
0.00723357567701
0.00705585791963
0.00740759608625
0.00700680971442
0.00723375061209
0.00706019198979
0.00740820845309
0.00647967208141
0.00718445242267
0.00691091187871
0.00655575375608
0.00647596501953
0.00718248585058
0.006907234573
0.0055901217226
0.00636517629444
0.00567588849174
0.00604985983466
0.00558647167223
0.00636045849984
0.00567053670058
0.00378727288807
0.00472775128114
0.00357879868915
0.00485741759817
0.00378469101737
0.00472230244923
0.00357337776437
0.000855831679618
0.00217390096292
0.000762818181687
0.00247090878263
0.000854658484739
0.00216988041262
0.000760740840051
1.6077859367
1.59507744822
1.60765007396
1.59476896544
1.59154210891
1.59489773742
1.59141129435
1.58307689052
1.58456152632
1.58309426308
1.58034243976
1.58158466455
1.58035132373
1.57831226842
1.57923836454
1.57831474682
1.5771264759
1.57753087358
1.57712589617
1.57650558106
0.00221247313456
0.00223455081682
0.00696012929321
0.00391471652641
0.00696695256205
0.00809578714498
0.00777834143255
0.00809340196681
0.00725181451412
0.00776779421502
0.00724557941421
0.00559324545921
0.00646322913591
0.00558561329133
0.00349335369568
0.00454089486626
0.0034860995803
0.00175987134919
0.00153970736821
0.00365004801354
0.00163282734309
0.00176259864614
0.00153671708337
0.00364955435509
1.58484625991
1.58324776803
1.58541487213
1.58350676421
1.58165956007
1.58036913949
1.58177780528
1.58039028043
1.57921718641
1.57825273071
1.5791834174
1.57815862157
1.57742697849
1.57695924618
1.57727576634
1.57669989453
1.57637568629
1.57597813472
0.00231023290838
0.00257523613469
0.00395442415559
0.00690903978183
0.00402255848041
0.00667937841095
0.00767123749653
0.00795057877984
0.00739229184644
0.0076386593429
0.00762851783162
0.00711136438849
0.00735636669575
0.0068674121468
0.00634738543846
0.00548495967739
0.00614996283415
0.00532018413455
0.00445917170588
0.00341454272724
0.00433719696402
0.00332770285284
1.5871538362
1.58734470834
1.58614958336
1.59075013259
1.58788623778
1.58857953872
1.58682479639
1.58334202382
1.584859902
1.58329673912
1.58545828811
1.58351416935
1.58519505795
1.5833867404
1.58049212229
1.58186904172
1.58048392645
1.58185624103
1.58046636826
1.58185135553
1.58040342737
1.57838936628
1.57925869963
1.57824299118
1.57927008021
1.57826726971
1.57915137076
1.57807827462
1.5773676803
1.57722590041
1.57700481443
1.57746659682
1.57704266383
1.57701027061
1.5765727035
1.57920818914
1.5761694906
1.5773400756
1.57678034042
1.57790183057
1.57563906991
1.57562702872
1.57870244009
1.57651068731
0.00135736982198
-0.00146404973432
0.0016185370898
-0.000811252179437
0.00641063739683
0.00411558726599
0.00773312639409
0.00385461005544
0.00613944315511
0.00422838381989
0.00738382280369
0.00731899920327
0.00691237280508
0.00714236796204
0.00676666628953
0.00708953996749
0.00676727710987
0.00702706200594
0.0068224718094
0.00651782888381
0.00642960910109
0.00694544947873
0.0066610113075
0.00652266156997
0.00641861753609
0.00558165504741
0.0060195666968
0.005532672487
0.0061323162247
0.00542671960155
0.00599217846192
0.00545857337488
0.00348920531724
0.00479783291348
0.00370626504674
0.00450367959263
0.00339143335409
0.0046872564626
0.0036021577559
0.000740669598901
0.00237373528341
0.000818204435167
0.00206409715655
0.000729921917731
0.00234165790053
0.000799613030629
1.58546751362
1.58557572192
1.5852509063
1.58720999367
1.58592686595
1.58668718663
1.58561982612
1.53641862538
1.17130544812
1.57085998607
1.53480047728
1.17444795785
0.961035638765
0.359886088339
0.966009741155
0.36891017839
-0.00463266262812
0.140032026372
0.00192504425254
-0.00375041868994
0.14960463136
0.00409625186707
0.000943666029605
0.00234705337055
0.000928487224567
0.00305051206478
0.000955128103521
0.00289887762508
0.000954443224623
1.5852509333
1.58605272399
1.58546754403
1.58668720922
1.58561985029
1.58721005863
1.58592690141
1.17130549047
1.57331505885
1.53480050234
1.17444799511
1.57086008367
0.359886161274
0.966009819892
0.368910132508
0.00192504381135
-0.00463275183611
0.149604687838
0.00409623766115
-0.00375049800892
0.000928490549681
0.00267681652286
0.000943646235236
0.00289888365688
0.000954440569004
0.00305045432609
0.000955114240679
1.58614965921
1.58946430655
1.5871539563
1.5885796529
1.58682488402
1.59075030629
1.58788636648
1.58329674606
1.58503340784
1.58334204079
1.5851951164
1.58338676617
1.58545836637
1.58351421051
1.58048387377
1.58179682783
1.58049205258
1.58185135552
1.58040338609
1.58185624619
1.58046632015
1.57824290916
1.57933065485
1.57838924805
1.57915130907
1.5780781847
1.57927000006
1.57826715785
1.57700474123
1.57764055319
1.57736756566
1.57701018304
1.57657263326
1.57746649559
1.57704255281
1.5773400816
1.57724741738
1.57920818502
1.5756390361
1.57562708195
1.57678024624
1.57790177401
1.57651074629
-0.0014641780405
0.00135713593705
-0.000811510759163
0.00161807785866
0.00773304671196
0.0038212984569
0.00641046807173
0.00422820167174
0.00738362366284
0.00385421432856
0.00613911608567
0.00714239991758
0.00699413694175
0.00731899163139
0.00676720772211
0.00702696732894
0.00676644670141
0.00708938326335
0.00642963157747
0.00710740846232
0.00682242180782
0.00652267382326
0.00641853708042
0.00694538254096
0.00666090061819
0.00553262794457
0.0062783777604
0.00558153836992
0.00599213903836
0.00545847977572
0.00613223378452
0.00542659058012
0.00370617821764
0.00463848800533
0.00348903222069
0.00468716567107
0.00360204759474
0.00450352721364
0.0033912734873
0.000818171905087
0.00211193874969
0.000740600942689
0.00234157431127
0.000799570019454
0.00206397286032
0.000729865078964
1.60805974284
1.59590784509
1.60850026896
1.59555181236
1.59179326248
1.59515555214
1.59220326372
1.58324778418
1.58541496915
1.58350680679
1.5803690563
1.58177780364
1.58039023489
1.57825259826
1.57918332336
1.5781585137
1.57695910667
1.57727563793
1.57669976145
1.57597798458
0.00231009573175
0.00257453300491
0.00690891987541
0.00402178881796
0.00667897866495
0.00795050467947
0.00739201358355
0.00763849792611
0.00711129892675
0.00735620710802
0.00686728224377
0.00548482947401
0.00614982011037
0.00532001168396
0.00341433448923
0.00433704369978
0.0033274952249
0.00172960907035
0.0015116577212
0.00353892363016
0.00164767190056
0.00172764700623
0.0015057604801
0.00352608276186
1.58329949351
1.58506196424
1.58324009134
1.58571189775
1.58344702961
1.58549757006
1.58336667101
1.58016171668
1.58171384596
1.58011273471
1.58165130453
1.58013427379
1.5815941424
1.58007329498
1.5773871155
1.5786861979
1.57706195855
1.5787251867
1.57735351239
1.5785746259
1.57702571104
1.57443096285
1.57541059501
1.57250639571
1.5758901935
1.57413899408
1.57514961583
1.57215725685
-0.0324179152385
-0.0200716818983
-0.0375533037361
-0.0160946077262
0.0066806993009
0.0135561680701
0.00881132313679
0.00561737159702
0.00582637819689
0.0124271538667
0.00750641683055
0.00599808847541
0.0068089339423
0.00570937542346
0.00590232576564
0.00592338264919
0.00599280617135
0.00550977349256
0.0057664807059
0.00549064434155
0.00540184320268
0.00595003553174
0.00591756833889
0.00552887084952
0.00559234222372
0.00515612442981
0.00538340723473
0.0050283414085
0.0056450944176
0.0051346166877
0.00545808248895
0.00505283262391
0.00348302998701
0.00447703446489
0.0034821798604
0.00435433015633
0.00335838221284
0.00433275146753
0.00335762323441
1.58324011043
1.58523243436
1.58329952254
1.58549759118
1.5833666883
1.58571197027
1.58344707864
1.58011272905
1.58173826844
1.58016170603
1.58159414949
1.58007328599
1.58165133559
1.58013427164
1.57706193719
1.57881874843
1.57738706502
1.57857461226
1.57702568805
1.5787251481
1.57735347382
1.57250637399
1.57608602779
1.57443092621
1.57514958384
1.57215724929
1.57589015701
1.57413896643
0.774556672843
0.972470127972
0.778437316648
-0.0744532134742
0.0221996205521
0.169437238884
-0.0842873736422
0.0305140124732
0.00881129351179
0.00635387924956
0.00668057921246
0.0124270433869
0.00750634194186
0.00561709060571
0.00582618433822
0.00570935533973
0.00639878024213
0.00599801896553
0.00599271922367
0.00550971961776
0.00590218632984
0.00592330667705
0.00540183935086
0.00588873817767
0.00576646040238
0.00552882032436
0.0055923313738
0.00594995957611
0.00591755599914
0.00502834714465
0.00561419459683
0.00515607922152
0.00545806410697
0.00505282940633
0.00564505609087
0.00513461302596
0.0034821924193
0.00451173683514
0.0034829569537
0.00433273798184
0.00335759490467
0.0043542732046
0.00335830787031
1.59784795498
1.59494674043
1.61147814818
1.60151979018
1.5962375196
1.59633994473
1.61383929131
1.57621816655
1.57666651509
1.5764433216
1.57588288053
1.57632961506
1.57646393039
1.57642761759
0.00490970325557
0.00501800966299
0.00410646600301
0.00410811626306
0.00496665037415
0.00493065474958
0.0041483454972
1.5978476677
1.61147784304
1.59494648651
1.60151951696
1.59623725267
1.61383893456
1.59633967605
1.57621834723
1.57644350561
1.57666664794
1.57588301364
1.57632976845
1.57642782838
1.57646400693
1.57665707404
1.57762562413
1.5768828
1.57730590107
0.00274333085578
0.00293133612513
0.00251554773178
0.00286557573572
0.00259134862763
0.00308587539502
0.00260093879409
0.00491093188248
0.00410763096596
0.00501885715365
0.00410930559473
0.00496764981174
0.00414973388221
0.00493157772312
0.00182366011584
0.000352496525479
0.000472583753283
0.000304389879372
0.00160294278489
0.000382681213923
0.000744851744942
1.5750577272
1.57554486785
1.57245067587
1.57371595369
1.5751047643
1.57490897467
1.57232662745
1.57386089667
1.5729944681
1.57361320392
1.57121094387
1.57398657338
1.57171427965
1.57494967399
0.000987868338038
0.00249837281219
0.00146199434402
0.000487824256569
0.00192904141522
0.000420703506272
0.000992045019083
1.51090335556
1.400447997
1.1797774753
1.5122336734
1.40137930863
0.774556647845
0.972470100245
0.778437244538
0.573563970116
0.382051726598
0.578973361167
-0.00749204234009
-0.00833944904188
0.00693160264889
-0.00053237813082
-0.00921051479421
-0.00691344051662
0.00659319664313
-0.0744530468492
0.0221996664005
0.169437222741
-0.0842873115199
0.0305140119692
-0.00513621004179
0.00138973028331
-0.00340311278311
0.0080270676827
-0.00412637823184
0.00666259561086
-0.000875767584289
1.51090336133
1.40044799431
1.17977741683
1.51223369634
1.40137925447
0.573563939319
0.382051800108
0.578973314304
-0.0324179886156
-0.0200717360738
-0.0375532822463
-0.016094653489
-0.00749228247034
0.00693147954966
-0.00833959933302
-0.000532731238616
-0.00921061416925
0.00659291559354
-0.00691382906591
-0.00513639372156
0.00138913651666
0.00802671157095
-0.00340369509903
0.00666242312318
-0.00412676810344
-0.000875893037601
1.57505767132
1.57245066632
1.57554486339
1.57371593452
1.57510473475
1.57232658131
1.57490893163
1.57386080317
1.5729943828
1.57121085853
1.57361301603
1.57171420384
1.57398644199
1.57494955282
0.000986928883458
0.00249777811361
0.000487143573229
0.00146116535984
0.000419965000795
0.0019282286739
0.000991160187017
1.57665684299
1.57762547843
1.57688264362
1.57730577786
0.00274191175023
0.00251454576766
0.00293009421576
0.00286429946781
0.00258972122708
0.00259987719434
0.0030842132077
0.00182366483672
0.000472522703113
0.000352509802736
0.000304392383631
0.00160294232352
0.000744823352979
0.000382714932859
1.63107681232
1.6025793376
1.60750137759
1.60727053542
1.61965341087
1.6029239715
1.59896496111
1.59159029856
1.59480879171
1.59697329712
1.59515330528
1.59029630035
1.59076280781
1.59404166441
1.60177644756
1.61205170744
1.6145449516
1.60025608614
1.59499890375
1.59655049295
1.59859388668
1.59360145627
1.58944310544
1.58895260746
1.59172194626
1.58977019096
1.59269898535
1.59251549943
1.58833187082
1.58565684052
1.5860397805
1.58585252993
1.58807449302
1.58793779899
1.58592534248
1.58322898197
1.58432014825
1.58446236427
1.58436691467
1.58325989591
1.58317075291
1.58452791632
1.58541661214
1.58748814685
1.58666230447
1.58532550537
1.58725193387
1.58547206861
1.584888554
1.58410694334
1.5830441368
1.58277282436
1.58428511689
1.58297695754
1.58427339589
1.58386918012
1.58224410211
1.58136417475
1.58140704713
1.58138571963
1.58232157184
1.58220908176
1.58145016357
1.58000156283
1.58065342443
1.58066250416
1.58065148575
1.58005127445
1.57999924802
1.58072714346
1.58129173163
1.58219398756
1.58198894751
1.58139069758
1.58208472864
1.58133849749
1.58119960532
1.58059035717
1.57998495807
1.57992277686
1.58070754397
1.57995043767
1.58065549159
1.58057036412
1.57936240206
1.57878986892
1.57879527733
1.57880358566
1.57942949291
1.57936374393
1.57886892667
1.5777221841
1.57821889106
1.57821919271
1.57822846305
1.57785058776
1.57773784834
1.57831495693
1.57877070149
1.57937031498
1.57934841618
1.57884925612
1.57932582061
1.57881256149
1.57878204061
1.57819371267
1.57778256382
1.57775563666
1.57828916464
1.57770361155
1.57824384566
1.57826140855
1.57719794647
1.57681871695
1.57679554497
1.57681926709
1.57734808888
1.57721295955
1.57701686788
1.57614272137
1.57634788084
1.57636835504
1.57639721173
1.57650191494
1.57618847802
1.57661507341
1.57677192018
1.57724042198
1.57727217274
1.57695341125
1.57716408331
1.57691982495
1.57685857013
1.57633765095
1.57638965188
1.57626633764
1.57654350143
1.57615000476
1.57647252649
1.57649996252
1.5759170582
1.5760269161
1.57604113611
1.57611237268
1.57628315565
1.57597399049
1.57650366604
1.57666906754
1.57635874071
1.57640899875
1.57687431942
1.57616447935
1.57617232191
1.57603341025
1.57680492207
1.57593071562
1.57656086944
1.57630611459
1.57662663148
1.57769925446
1.57735994192
1.57686986918
0.00341638704594
0.00279223451571
0.00303991867426
0.00293568715309
0.00306528717278
0.00332168978766
0.00268479541836
0.00275292795014
0.00286948551068
0.00295825497861
0.00226981029658
0.00317380094919
0.00248329176217
0.00251319563295
0.00421524588719
0.00478722355463
0.00491449366171
0.00488323256885
0.00394125234805
0.00415861523689
0.00456334438189
0.0062381237576
0.00557482973075
0.00566487408896
0.00569524703041
0.00596313009729
0.00629215236656
0.00535830075456
0.00499404185508
0.00402603133475
0.00411031090183
0.00466327228786
0.00418764794501
0.00469659667359
0.00500504840696
0.00594064529999
0.0063175320825
0.00674637662602
0.00574173311684
0.00657741796114
0.00567950266398
0.00610145251049
0.0065877087889
0.00681430631647
0.00685170832589
0.0069254818151
0.0063371108244
0.00664821122246
0.0066805475443
0.00693791353075
0.00688694189639
0.00691179815387
0.00697732927698
0.0068852604441
0.00700784552816
0.00679002380773
0.00722574475092
0.00665585279898
0.00712168767038
0.00705233373996
0.00693039089179
0.00702548063828
0.00742096233863
0.00724177081135
0.00716536136123
0.0074972360963
0.00712607653257
0.00726478611455
0.00706339717851
0.00748469355514
0.00680470575948
0.00670938706128
0.00667611655009
0.00672858958471
0.00679028196012
0.00685604705746
0.00670233053332
0.0062057267884
0.00649703307751
0.00643933521807
0.00647647285804
0.00628335733379
0.0062438209601
0.00650231360477
0.00691276567434
0.00698439769661
0.00729004922975
0.00697258048289
0.0070564888357
0.00689494160404
0.00712375863357
0.00661685791171
0.00641689537292
0.00655498607647
0.00672066491595
0.00636850082379
0.00663947622804
0.00682943885817
0.00588433868158
0.00562971931713
0.0055677381704
0.0055926270856
0.00598146331455
0.00590812260315
0.00566163920267
0.0047898997937
0.00525642129139
0.00518029150105
0.00519533028602
0.00488238203048
0.00480655709373
0.0052875676781
0.00566695921476
0.00607139991436
0.00616640163252
0.00583179241484
0.00599518091021
0.00574729517883
0.00581116350252
0.00524605891543
0.00493984625212
0.00495842565096
0.00542298737341
0.00484814043043
0.00534975497471
0.00538244216642
0.00433352106657
0.00391488298668
0.00387129855003
0.0038788590148
0.00442656917066
0.00434131799406
0.00393806342543
0.00282577335102
0.00340151728433
0.00335484055033
0.00335478771854
0.00283665498665
0.00282410619529
0.00341329838517
0.0038922194812
0.00446458563347
0.00446226240788
0.00403084261425
0.0043644043536
0.00396651088067
0.00396074361387
0.00336130975391
0.00281671886439
0.00286427817644
0.00348544681146
0.00284154438656
0.00342833025311
0.00342997688833
0.00225620717535
0.00166910670196
0.00168742943821
0.00158174608812
0.00225510035333
0.00223449904415
0.00159072537316
0.000361476886749
0.00110710457641
0.000330835735148
0.00106061650692
0.000341118627466
0.000945171284089
0.000923445791141
0.0016085038253
0.00222577294726
0.00232850437582
0.0015914864906
0.00225022596088
0.00160176518109
0.00160934110557
0.000343072104805
0.000359301227472
0.000356204776591
0.000969670583292
0.0009653134023
0.000969067865613
0.00096958807323
1.57676072235
1.57561289075
1.57584301787
1.57510147476
1.57604144437
1.57628646537
1.5761583458
1.57365591589
1.57125010288
1.57498993278
1.57390396692
1.57303263779
1.57402845607
1.57175216349
1.57509429274
1.57375115903
1.57557901415
1.57247783407
1.57494695744
1.57235832476
1.57513788624
1.57160759401
1.5721395926
1.57188615182
0.00232419613966
0.00235682043861
0.00185954863779
0.00181635144213
0.00269483704555
0.00220850033981
0.00242891847228
0.00163747837675
0.000737275757352
0.0012467454529
0.00119002509044
0.002032721757
0.00190963481596
0.000499190457866
0.00166129802192
0.00233098608385
0.00171791643846
0.00216183622102
0.00195042908511
0.00210818764653
0.00145890095036
0.000923266299413
0.00148580531393
0.00103009776132
-0.000133834718026
0.0011215626276
0.000469572636486
0.000349480750869
1.40810106734
1.5110798116
1.50388685824
1.18356034058
1.39883517027
1.56755440702
1.56828250321
1.56861119524
1.55946904551
1.56696211346
1.55853522161
1.57017892698
1.51093307712
1.17975887379
1.40046608265
1.40139880705
1.51226102592
0.78506912365
0.976453349606
0.781849090725
0.588139613938
0.3896178693
0.584090511277
0.972408872429
0.774450144784
0.778323394487
0.381758863937
0.573390843512
0.578791286276
-0.00273137476768
0.00848466781958
0.000555294608292
-0.00287952810991
0.00141333680534
-0.00335893271815
0.00722771462257
0.0479461140134
-0.0356321380479
-0.0517287699005
0.185130533241
0.0459473821163
-0.0301303622783
-0.02263327645
-0.018369151392
-0.0347855012138
-0.0745348904039
0.168974104571
0.0212875261644
0.0295728116343
-0.0841377779636
1.40810108847
1.51107986471
1.50388691571
1.18356036279
1.39883518424
1.55401244006
1.56173516737
1.55413597817
1.56439617117
1.5657024148
1.55654687131
1.56433472696
1.51093312608
1.17975890613
1.40046608445
1.40139879502
1.51226105815
1.56755442512
1.56828252221
1.55946905353
1.5686112676
1.55853521939
1.56696215128
1.57017897997
0.588139641664
0.389617854596
0.584090540599
0.972408877369
0.774450142767
0.778323419253
0.38175885245
0.573390848114
0.578791273733
-0.00944690205751
-0.0167834465553
-0.0227812398057
-0.0113768435284
0.00848478014011
-0.00273116511119
0.000555492425043
-0.00287944152124
0.00141346659677
0.00722784631941
-0.0033588841831
-0.07453484842
0.168974218926
0.0212875877035
0.0295729198947
-0.0841377577156
-0.0301302758678
-0.0226332706728
-0.0183689059755
-0.0347856069108
1.57124998166
1.57365574873
1.57498981233
1.57390385433
1.57303256387
1.5717520443
1.57402832845
1.57561272439
1.57676050667
1.57584283861
1.57510127144
1.57604127124
1.57615818608
1.57628626459
1.57509416294
1.57375110416
1.57247771781
1.57557895409
1.57235821294
1.57494685023
1.57513775843
0.000737600348881
0.00163786836163
0.00124719840949
0.00119044038784
0.00203294387187
0.000499438622176
0.00191000634563
0.00235708350675
0.00232453598699
0.00185991173352
0.00181678368853
0.00269516540984
0.00242926757151
0.00220895896701
0.000923590729549
0.00148594850842
-0.000133717413933
0.00103026252864
0.000469759601967
0.00112176181168
0.000349596707218
0.00166164742114
0.002331268578
0.00216204876761
0.00171819638699
0.00210851481806
0.00195083298566
0.00145922431405
1.59480918979
1.59159068714
1.59697372813
1.5951537203
1.59029664564
1.59404204361
1.59076318489
1.60177686976
1.61205214357
1.61454541901
1.60025652111
1.59499927434
1.59655088994
1.59859429849
1.59360185487
1.58944340926
1.5917222608
1.58895292084
1.59269933907
1.58977055835
1.59251588598
1.58432032301
1.58322915324
1.58446256627
1.58436709485
1.58326002737
1.58452805587
1.58317089687
1.58541682739
1.58748838231
1.58532567563
1.58666254359
1.58547226825
1.58725223035
1.58488875821
1.58410710923
1.58304421343
1.58428521301
1.58277290492
1.58427351918
1.58297707877
1.58386931737
1.58065343648
1.58000157733
1.58066257091
1.58065151049
1.58005126327
1.58072713063
1.5799992665
1.58129176239
1.58219401159
1.58139069155
1.58198897202
1.58133852355
1.58208478637
1.58119961819
1.58059036735
1.57998490857
1.58070746787
1.5799227289
1.580655459
1.57995041595
1.58057032739
1.57821878185
1.57772207456
1.57821910611
1.57822835059
1.57785047861
1.57831482862
1.57773769698
1.57877060467
1.57937019556
1.57884912108
1.57934829482
1.5788124718
1.57932573422
1.57878192691
1.57819356795
1.57778240045
1.57828898039
1.5777554592
1.57824370919
1.57770342754
1.57826124404
1.57634764058
1.57614242654
1.57636807535
1.57639696946
1.57650170248
1.57661481911
1.57618817309
1.57677170373
1.57724020871
1.57695320131
1.577271939
1.57691963568
1.5771638599
1.57685835189
1.57633738288
1.57638942163
1.57654325105
1.57626612456
1.57647226314
1.57614974237
1.57649971245
1.57666881802
1.57635844103
1.5764087323
1.5768740842
1.57616424507
1.57617209247
1.57680472027
1.57603319123
1.57656066682
1.57593045302
1.57630588874
1.57662638258
1.57769906384
1.57735973505
1.57686963707
0.0027927667671
0.0034167335528
0.00304044741597
0.00293618977575
0.00306568415553
0.00268535431918
0.00332201872271
0.00275347005437
0.00286997140327
0.00227019133353
0.00295878168092
0.00248370265327
0.00317440675205
0.00251367866943
0.00557494465108
0.00623824458927
0.00566509403196
0.00569551790122
0.00596331507767
0.00535850811608
0.00629242837749
0.00499448881955
0.00402645151039
0.00466369148029
0.00411087664248
0.00469691871559
0.00418823808065
0.00500562376842
0.00594107988565
0.00631774964334
0.00574207859703
0.00674672791176
0.00567982814197
0.00657779656702
0.00610196851036
0.00688704034654
0.00693815976286
0.00691201670613
0.0069774604304
0.00688546790838
0.00679015782604
0.00700806628386
0.00722590284272
0.00665602944494
0.00705253214368
0.00712196975285
0.00702564150833
0.00693057804947
0.00742119020099
0.00724196723583
0.00716545993396
0.00712619545694
0.0074974377828
0.00706353646647
0.00726494983164
0.00748493327661
0.00649718000533
0.00620591180541
0.00643957409398
0.00647671298217
0.00628349068712
0.00650241909165
0.00624395838637
0.00691295535273
0.00698438791603
0.00697255419974
0.00729015317004
0.00689503472914
0.00705660201871
0.00712384111175
0.006616977225
0.00641685514067
0.00672064816356
0.00655498529097
0.00663952073325
0.00636851068865
0.00682942919879
0.0052563681994
0.0047896461043
0.005180277652
0.00519530174276
0.00488216101939
0.00528744336467
0.00480627042764
0.00566692528648
0.00607130291507
0.00583158337217
0.00616630718954
0.00574715743031
0.00599514596596
0.00581097310186
0.00524582569677
0.00493952792957
0.00542277390463
0.00495809281735
0.00534957030082
0.00484777062444
0.00538218798404
0.00340128865202
0.00282537020208
0.00335446391775
0.00335443395168
0.00283640953278
0.00341303550751
0.00282375925482
0.0038918188056
0.0044642683516
0.00403055504043
0.0044618873951
0.00396618982342
0.00436398647737
0.00396038005756
0.0033608721388
0.0028164264807
0.00348517892707
0.00286391119771
0.00342804200529
0.00284118551603
0.00342964348887
0.00110704636587
0.000361439785973
0.000330800417384
0.00106051115945
0.000341046597812
0.00094498020133
0.00092333012923
0.00160819586644
0.00222552461133
0.00159125661074
0.00232811287201
0.00160153080377
0.00224983185404
0.0016089523865
0.000343026924944
0.000359194784966
0.000356104759986
0.000969392970647
0.000965102515619
0.000968877529862
0.000969297049792
1.61038429073
1.59662019452
1.60928144673
1.59627819393
1.59381389855
1.59722617157
1.59288294047
1.59062786354
1.58674609131
1.59083999175
1.58816486712
1.59134841578
1.58598373735
1.59013328702
1.5959385337
1.60807496241
1.60854913575
1.59561141671
1.5918052024
1.59224648921
1.59516977463
1.5900849879
1.58779151111
1.58525056278
1.58925405587
1.58558291119
1.5896285545
1.58971228013
0.00172457272793
0.00331869192296
0.0015764330351
0.00164324617736
0.00174220116376
0.0033732360344
0.0015358601814
0.000370169854222
0.000343455215245
0.000364240152666
0.0010037096031
0.000974971329063
0.00101058130962
0.000959957663342
0.00174475413985
0.00167687403496
0.00355225371481
0.0015268110431
0.00354866544905
0.00152920444099
0.00174242489791
0.000334115981765
0.000350837766757
0.000356261096817
0.00100312772009
0.000951429626097
0.000951705251539
0.00099953438535
1.59062811759
1.59084025803
1.5867463472
1.58816506605
1.59134873645
1.59013352704
1.58598394787
1.59593882793
1.60807525778
1.6085494313
1.59561168184
1.59180545727
1.59224675456
1.59517003666
1.59008521572
1.58779167734
1.58925423405
1.58525071438
1.58962875864
1.58558309062
1.58971249248
0.000370068146547
0.000343405186248
0.000364135858211
0.00100337146321
0.000974767189188
0.00101029898504
0.000959735080836
0.00174434092671
0.00167655704915
0.00152646514781
0.00355188407884
0.00152883320887
0.00354826331226
0.00174202089372
0.000334055004591
0.000350766076341
0.000356144114877
0.00100278807947
0.000951193409053
0.000951450314958
0.000999252268449
1.60778568379
1.5950772063
1.60764982506
1.59476875216
1.59154187157
1.59489748164
1.59141105645
1.58937362567
1.58508066947
1.5890396362
1.58720581631
1.58948270255
1.58498451137
1.58892665036
1.59507895574
1.60778229974
1.60765021244
1.59477000122
1.59153753105
1.59141181577
1.59489647875
1.58937770546
1.58721285393
1.58510367992
1.58904069362
1.58499334289
1.58892949219
1.58949153012
0.0017601466641
0.00365041843759
0.00153997651821
0.00163309795437
0.0017628834497
0.00364987348809
0.00153695748705
0.000348641389321
0.00032977345091
0.000345628564232
0.00100107407009
0.0009560236591
0.00100392235845
0.000953912641733
0.00175711481541
0.0016298902968
0.00363921657849
0.00153145506692
0.00364804344322
0.00153400348322
0.00175302633588
0.000328536751384
0.0003447314182
0.000344306731528
0.00099887386722
0.000950417919564
0.000951691254721
0.000997336014076
1.58937380128
1.58903983597
1.58508083436
1.58720597706
1.58948290176
1.58892683181
1.58498466329
1.59507918827
1.60778252978
1.60765042976
1.59477019695
1.59153774664
1.5914120107
1.59489669753
1.58937787442
1.58721300413
1.58904085178
1.58510383002
1.58892964139
1.58499347783
1.58949170572
0.000348603188146
0.000329743199571
0.00034558224071
0.00100087263235
0.000955832082226
0.00100375313879
0.000953756081051
0.0017568379511
0.00162962249608
0.00153121330766
0.00363894142242
0.00153376372074
0.00364772630468
0.00175274709182
0.000328477726124
0.000344642053981
0.000344237058292
0.000998677343551
0.000950238295481
0.000951535892516
0.000997106806578
1.6080595023
1.59590760305
1.60850001851
1.59555157645
1.59179304306
1.59515530792
1.59220303342
1.59006257319
1.58529066553
1.58925129333
1.58782798517
1.58971854065
1.58565250228
1.58959572771
1.5965686928
1.61022553516
1.59364989199
1.60917940305
1.59692259285
1.59613325147
1.59281159876
1.58718574101
1.59044903752
1.5915615484
1.59056373299
1.5882308458
1.58613272465
1.59007352099
0.00172983705955
0.00353917359197
0.00151183517328
0.00164786892057
0.00172787328876
0.00352632346754
0.00150596634634
0.00034409999128
0.000325766026363
0.000346496479762
0.000994327336949
0.000940802560896
0.000989929259613
0.000935897627296
0.00331570044246
0.00155369584659
0.00169589896537
0.00172152341526
0.00160602870622
0.00334013633228
0.00148977493829
0.00033184228601
0.000332039777268
0.000894911801382
0.00035174485541
0.000993195709963
0.00100390532784
0.000935013914511
1.59006278064
1.58925148404
1.58529083164
1.58782815131
1.5897187387
1.58959591381
1.58565267282
1.59656893265
1.59365012876
1.61022580433
1.60917967413
1.59692284481
1.59613349871
1.59281183137
1.59044922977
1.58718589924
1.59156174117
1.59056394552
1.58823099232
1.59007368505
1.58613288023
0.000344037165391
0.000325720969531
0.000346445843618
0.000994162359824
0.00094062182732
0.000989767872243
0.000935736755229
0.00155360754098
0.00331556915537
0.00169581128638
0.00172134908884
0.00160586537345
0.0014896625346
0.0033399394173
0.000331834954335
0.000894826360438
0.000332042270812
0.000351730987841
0.000993161652297
0.00100380488182
0.000934911803121
1.6015185065
1.59773844903
1.61125232172
1.59626581705
1.59899365443
1.59489871963
1.59578324319
1.59649059908
1.60963742486
1.59755716739
1.59382325119
1.59357197941
1.59286183752
1.59459180916
0.000306433993814
0.00186296814062
0.000355454481415
0.000760781725204
0.000274469961891
0.000420248884127
0.00180485592309
0.000262822406835
0.000385021502623
0.0002828729034
0.000492970712455
0.00211169522548
0.000339237087013
0.00213286538418
1.59579820218
1.60735732307
1.5953465878
1.59179172568
1.59298570351
1.59224133092
1.59253193384
1.59495488446
1.60708649853
1.59508528878
1.59154951314
1.59218337843
1.59141555392
1.59231506915
0.000269138225886
0.000373648855083
0.000260086142308
0.00031136674479
0.00231929713844
0.00038891222078
0.0023091961747
0.000249765264522
0.000371586102486
0.000251339177191
0.000314156727199
0.00237678575157
0.000292812491507
0.00238115697815
1.59495489883
1.60708652338
1.59508531725
1.59154953368
1.59218340267
1.59141557866
1.59231509674
1.59579830925
1.60735742581
1.59534665644
1.59179180614
1.59298582248
1.59224142084
1.59253200266
0.000249798526596
0.000371559869767
0.000251324243664
0.000314081589938
0.0023768089151
0.000292847344851
0.00238106833995
0.000269053114012
0.000373542580357
0.000260030872633
0.000311300325165
0.00231911239101
0.000388803941209
0.0023090569429
1.59649075344
1.60963762362
1.59755732395
1.59382340909
1.5935721536
1.59286199653
1.59459198666
1.60151874066
1.61125256035
1.59773872105
1.5989938743
1.59626606729
1.59489894716
1.59578348719
0.000262786945584
0.000384975681481
0.000282833574957
0.000492861419973
0.00211158765041
0.000339124758848
0.00213275844608
0.000306415929605
0.00035543422034
0.0018628862362
0.000274462097064
0.000760702693835
0.000420145834754
0.00180475677963
1.5978640293
1.61132755429
1.6016503807
1.59585265508
1.59639539414
1.59906835605
1.59497397234
1.60735948948
1.59299106728
1.59580781973
1.59253125588
1.59534849689
1.59180069682
1.59225806722
1.60708676721
1.5921807818
1.59495366329
1.59231389928
1.5950857672
1.59155687355
1.59142085011
1.60967955132
1.59358409506
1.5965113435
1.59462530602
1.59760421729
1.5938713015
1.59288776257
-0.0259835516867
-0.03872385501
-0.0414222053031
-0.0284395248426
0.771109764529
0.963740334546
0.768376929128
0.0136845627121
-0.0924702449852
-0.0965238253684
0.144627311807
0.009207410512
1.5770028893
1.57676406162
1.57663156107
1.57681832296
1.57608975322
1.5771791865
1.57694882332
0.00492172584911
0.00395382908667
0.00486044318931
0.00484039141262
0.00395156326211
0.00501722147597
0.00388025568015
-0.0439086467279
-0.0304325222504
-0.0436790558004
-0.0306553930961
0.76406617722
0.9600180434
0.763644058038
-0.100379358484
0.00444763284484
0.138740558232
-0.100108657265
0.00405059778457
1.57740253871
1.57769873704
1.57747646028
1.57654984997
1.57734551924
1.57775238396
1.57752951866
0.00473499816013
0.00502015523632
0.00369734486312
0.00389243051211
0.00474420102032
0.00502065985097
0.00368530200928
-0.0427204730239
-0.0303281706169
-0.0435676940235
-0.0295294045438
0.764951422569
0.962169594434
0.766384386047
-0.0985754253167
0.00504485955062
0.141781482781
-0.0998693096828
0.00673264437903
1.57704032034
1.57754701523
1.57733339784
1.57627095406
1.57719895993
1.57739323556
1.57719154053
0.0048246590667
0.00505770503238
0.00378420529006
0.00396804764884
0.0048001628257
0.00504975333639
0.00383665681392
1.6096792005
1.5935838153
1.59651104743
1.59462500637
1.59760389885
1.59387102812
1.59288750248
0.00188535565844
0.000368321308227
0.000319678424997
0.00182239928899
0.000797155730643
0.000285302730913
0.000446222391588
0.000395423293096
0.00212066029161
0.000268494314125
0.00214882705891
0.00029041451821
0.00051482522001
0.000354435181127
1.60708663821
1.59218072924
1.59495360239
1.59231380508
1.59508566295
1.59155678878
1.59142080221
0.000378154402378
0.00232734479364
0.000273927628423
0.00231350045702
0.000263513980447
0.000320115335367
0.000401914525386
0.000375312539561
0.00237984705238
0.000251977052863
0.00238525138301
0.000253907220923
0.000321426806471
0.000298817563687
1.60735965608
1.59299126492
1.59580802208
1.59253143846
1.59534868263
1.59180086503
1.59225826224
0.000375310990314
0.00237982787438
0.000251984802258
0.00238518493078
0.000253874516603
0.000321368700964
0.000298773548791
0.00037809063535
0.00232725757683
0.00027387829673
0.0023134548933
0.000263499935952
0.000320052091593
0.000401861667557
1.61132795886
1.59786443245
1.60165079066
1.59585302641
1.59906873922
1.59639576819
1.59497431999
0.000395446897021
0.00212063729436
0.000268496227814
0.002148797197
0.000290391664436
0.000514789951638
0.000354379409486
0.000368350616122
0.00188532442477
0.000319672423736
0.00182241493774
0.00028531985024
0.000797072651084
0.000446173040961
1.57676425738
1.57700305981
1.57663174819
1.57681849226
1.57608996525
1.57694904229
1.57717935709
1.57705070328
1.57628225741
1.57733386995
1.57755624677
1.57719408908
1.57740701882
1.57720611591
0.00268216797901
0.00218255884584
0.00228397865008
0.00216080920736
0.00245249024329
0.00253158319436
0.00218043357188
0.00200279506031
0.00233237312581
0.00228311385134
0.00198458377637
0.00237255780654
0.00203975962605
0.00191368632337
0.0039532610093
0.00492128685579
0.00485993029652
0.00483992794981
0.0039512030987
0.0038798063202
0.00501686622667
0.00479593708225
0.00393257857756
0.003747316939
0.00503921300811
0.00379315110004
0.00502673994151
0.00477720506753
1.40136480818
1.51481542993
1.5159328208
1.17293240345
1.40146992371
1.51702997183
1.17199624382
1.40201825035
1.40191376305
1.51757135086
0.771109756673
0.963740318884
0.76837685468
0.568888652627
0.364569885696
0.565420846482
0.962156019821
0.764940628612
0.766358571901
0.361741583188
0.561260922136
0.562942093401
0.0136844546973
-0.0924702768749
-0.0965237911165
0.144627205917
0.00920746101297
-0.0424332370239
-0.0302105463402
-0.0293014892764
-0.0434218862233
-0.0983917793869
0.141806994273
0.00511522896664
0.00680505917223
-0.0997419535402
1.40136481708
1.51481549929
1.51593289477
1.17293243529
1.40146992819
1.5170300607
1.17199628604
1.40201825209
1.40191379116
1.51757144952
0.568888602376
0.364569862757
0.565420945412
0.962156075171
0.76494070118
0.766358552868
0.361741615882
0.561260925503
0.562942130597
-0.0259834783582
-0.0387238515424
-0.0414221922114
-0.0284395490208
-0.0983917308697
0.141806972612
0.00511519689825
0.00680507189183
-0.0997419446496
-0.0424332523717
-0.0302106057049
-0.0293014413062
-0.0434219239686
1.57705053053
1.57628207626
1.57755608557
1.57733367533
1.57740685565
1.57719389846
1.5772059433
0.00218289510928
0.0026825668667
0.00228442493566
0.00216120023999
0.00245277774017
0.00218076744047
0.00253195244284
0.00200315092613
0.0023326917335
0.00198479976581
0.00228341984881
0.00204008400809
0.00237292103345
0.00191400247744
0.00479620759259
0.00393291488112
0.00503943421686
0.0037476270578
0.00502703074389
0.00379358337208
0.00477743400688
1.57740270509
1.57747663015
1.57769885628
1.57655002956
1.57734569471
1.57752973613
1.57775253861
1.57740132643
1.57654868678
1.57747408699
1.57769471441
1.57752986251
1.5777505054
1.57734120724
0.00181698050178
0.00220714652432
0.00190070375908
0.00220214530776
0.00183694780337
0.00218607152147
0.00188877401767
0.00182876155563
0.00220988940805
0.00223803183888
0.0019242414962
0.00219674213087
0.00189708660218
0.00187160442977
0.00473477031858
0.00369721339591
0.00502000826335
0.00389238067839
0.00474401577015
0.00368512072912
0.00502044079831
0.00474074748828
0.0039004754047
0.00372284370623
0.00503379622092
0.00369414391665
0.00502604821101
0.00476010109433
1.51819061934
1.40221689495
1.17073794727
1.51802930721
1.40225183405
1.51818833669
1.1707370502
1.40220990073
1.40224983224
1.51802157302
0.764066238533
0.960017948014
0.763644084495
0.560240690869
0.358296660636
0.559757011171
0.960018118714
0.7640694483
0.763644740428
0.358293208079
0.560240858734
0.559756269051
-0.100379307394
0.00444765383283
0.138740477014
-0.100108711265
0.00405059473095
-0.0439316299041
-0.0305056228872
-0.0306751037668
-0.0437609359555
-0.100403687615
0.138728514066
0.00440293890799
0.00403410134773
-0.100181768922
1.51819074084
1.40221693832
1.17073795407
1.51802940734
1.4022518747
1.51818844498
1.17073713699
1.40220991835
1.40224990605
1.51802168155
0.560240661167
0.35829664293
0.559757054793
0.960018186082
0.764069523939
0.763644735423
0.358293228494
0.560240845216
0.559756301413
-0.04390874066
-0.0304325458684
-0.043678995441
-0.0306554199899
-0.10040369803
0.138728499407
0.00440293303406
0.00403403679164
-0.100181753131
-0.043931670757
-0.030505783095
-0.0306751949721
-0.0437610163419
1.57740116028
1.57654853967
1.57769459805
1.5774739138
1.57775038266
1.57752968394
1.5773410726
0.00181697899124
0.0019008763373
0.00220739664738
0.00220230287962
0.00183710103481
0.00188878729948
0.0021861245223
0.00182858366109
0.002210022685
0.00192417827732
0.00223800778317
0.00189683155179
0.00219659474726
0.00187124137092
0.00474087344353
0.00390060658823
0.00503382993155
0.00372275343934
0.00502615862779
0.00369425308584
0.00476001295204
1.57704048181
1.57733355611
1.57754711188
1.57627110959
1.57719912482
1.57719173549
1.57739337394
1.57678184009
1.57694019159
1.57660292203
1.57680143112
1.57607098321
1.57693814492
1.57715371931
0.00206175087248
0.00232780646746
0.00201203380146
0.00236088638007
0.00196432592861
0.00242188160716
0.00206987601094
0.00271972605307
0.00231818079113
0.00237327363394
0.00222872777642
0.00249421805824
0.00258137812718
0.00222715034557
0.00482504184739
0.00378458267445
0.00505787692472
0.00396842916263
0.00480036642277
0.0038371912733
0.00504993406618
0.00399458863207
0.00501482286033
0.00488629352974
0.00487409751013
0.00399753889598
0.00392678161908
0.00504157275132
1.51701364473
1.40200821911
1.17199622146
1.5175598102
1.40190044098
1.40134812384
1.51479128581
1.51591230797
1.17293770282
1.40145456791
0.764951472395
0.962169622077
0.76638437995
0.561269233921
0.361766541681
0.562971347074
0.771189456734
0.963767294756
0.76842664835
0.569008344549
0.364649276997
0.565487579239
-0.0985753751324
0.00504486105759
0.141781431268
-0.0998693954941
0.00673264757362
-0.0256944430945
-0.0394555200435
-0.0418335351571
-0.0287619393921
0.0138622563822
-0.0925935081576
-0.0966901239557
0.144665181443
0.00919664798618
1.51701370311
1.4020082681
1.17199626588
1.51755988329
1.40190044777
1.40134811965
1.51479136187
1.51591234846
1.17293772747
1.40145457071
0.561269210402
0.361766605125
0.562971319838
0.771189481305
0.96376731551
0.768426662759
0.56900833707
0.364649267486
0.56548756223
-0.0427204619848
-0.0303281671376
-0.0435676792462
-0.0295293931063
0.0138622570171
-0.0925934202975
-0.0966900939689
0.144665239902
0.00919663286699
-0.0256943828831
-0.0394554570845
-0.0418335055295
-0.0287619574275
1.57694005673
1.57678169224
1.57660277928
1.57680128441
1.57607082945
1.57715360111
1.57693796574
0.0020610386353
0.0020117333901
0.00232738433963
0.00236048945541
0.00196384230751
0.00206928807534
0.00242113610897
0.0023172435738
0.00271870577942
0.00237215061959
0.00222784968352
0.00249358105205
0.00222642721787
0.00258059230665
0.0050142385257
0.0039936924542
0.00488559004702
0.00487357908959
0.00399697969476
0.00504119522383
0.00392605694345
1.57155782706
1.56954478457
1.56103584982
1.57471265759
1.57263017842
1.56970222913
1.56201845293
1.57052259121
1.56100135263
1.57202478233
1.57343729098
1.57184603438
1.57176154152
1.56193048682
1.56103584944
1.57436135414
1.57155782966
1.56970220086
1.56201846087
1.57471262785
1.57263020186
1.57493661829
1.5774470128
1.57574671158
1.57327135048
1.57016560364
1.5626095256
1.57518994521
1.57326707209
1.5701627281
1.56260525058
1.57583763808
1.57395998043
1.56379762126
1.57398107621
1.57561573291
1.57417568113
1.56397874585
1.56260953289
1.57519327635
1.57327136786
1.57016270524
1.56260525448
1.57518992126
1.57326709794
1.57729128976
1.57926656485
1.57745060528
1.57261761582
1.5696954696
1.56200622766
1.57434318614
1.57153477184
1.5695288439
1.56101324963
1.57442269245
1.57344187345
1.56333943605
1.57273521747
1.57512050627
1.57277175108
1.56278278731
1.56200623901
1.57470392944
1.57261764882
1.56952883294
1.56101326354
1.57434317485
1.57153481371
1.57691963362
1.57819181303
1.57643424866
1.56751835885
1.56857530566
1.55943691263
1.56824396533
1.57014680691
1.56692283056
1.55849907981
1.5737882373
1.57392129304
1.57288194369
1.57584378542
1.57730024441
1.57773172191
1.57667763052
1.57595472171
1.57705222657
1.57710203428
1.57378823413
1.57392133319
1.57288197104
1.56751842908
1.5594369543
1.56857544292
1.5682439878
1.57014688332
1.55849909773
1.56692294809
1.57584368833
1.57773166907
1.57730014076
1.5766775917
1.57595464266
1.57710201813
1.57705210162
1.57588096782
1.57671939702
1.57734182738
1.57776270983
1.57709375254
1.57713659048
1.57598869137
1.57395506176
1.57382346732
1.57292084534
1.57588078576
1.57671926389
1.57776259287
1.57734167582
1.57713646428
1.57709357606
1.57598854532
1.5739550252
1.57382343836
1.57292078905
1.57812734059
1.5772342231
1.57750368391
1.57841882668
1.57777241568
1.57892790278
1.5787235607
1.57796401867
1.57799762795
1.57858687492
1.57666688486
1.57698690035
1.57842234577
1.57834766393
1.57911159792
1.5765007908
1.57327422802
1.57607179724
1.57641453349
1.57635584358
1.57710362624
1.57361080869
1.57741788634
1.57890630279
1.5790147263
1.57993973088
1.57876417596
1.57962133622
1.57766695744
1.57697841621
1.57694591073
1.57806819734
1.57440637349
1.57769293778
1.57413910408
1.57725545259
1.57493659931
1.57744694772
1.57574668907
1.57820780045
1.57693336005
1.57645396778
1.57444074374
1.57275470112
1.57345653122
1.56335156574
1.57279257814
1.56280024747
1.57513341659
1.56100138814
1.57052271807
1.57202484906
1.5734373696
1.5718461261
1.56193053284
1.5717616659
1.57444083624
1.57275478223
1.56335159343
1.57345663863
1.56280029392
1.57279271337
1.57513349422
1.57327416279
1.57650073515
1.57607172815
1.57641449143
1.57635585598
1.57361075594
1.57710359229
1.57858678655
1.57799752007
1.57666676084
1.57698678957
1.57842229201
1.57911154209
1.57834754339
1.57697836869
1.57694592882
1.5744063178
1.57806818901
1.57413903899
1.57769290424
1.57725536754
1.57741779491
1.57890627858
1.57993970809
1.57901465619
1.57962130711
1.57876411715
1.57766686682
1.57820783528
1.57693337007
1.57645400582
1.57812718257
1.57723404528
1.57750352559
1.57841869495
1.57777227318
1.57892779713
1.57872345106
1.57796388723
1.57818138655
1.57909217718
1.57811345705
1.57916345152
1.57818009401
1.57908806254
1.57916223751
1.57810927384
1.57798478654
1.57922542859
1.58019791541
1.5795707689
1.57789407192
1.5793134962
1.58030543905
1.57765200455
1.57837304449
1.57471262956
1.57781790251
1.57755083181
1.57850003486
1.57480969229
1.57798362338
1.57956886944
1.57921927649
1.58019210131
1.57931235616
1.58030388163
1.57788753613
1.57765069956
1.57781532603
1.57836564829
1.57470759472
1.578497851
1.57480802269
1.577543949
1.57729131173
1.57926652888
1.57745061035
1.57926417672
1.57728284578
1.57744789894
1.5758348584
1.57397850474
1.573950784
1.5637899847
1.57417270996
1.56397624912
1.57560788804
1.57583771161
1.56379764558
1.57396006105
1.57398113178
1.57561582084
1.56397880032
1.57417578074
1.57583495028
1.57397857102
1.5637900356
1.57395093289
1.56397629203
1.57417282232
1.57560798991
1.57765196115
1.57471257851
1.5783729768
1.57781789024
1.57755078306
1.57480965485
1.57849998281
1.57798470767
1.58019789484
1.57922535993
1.57957076471
1.57789398373
1.58030541783
1.57931343346
1.57765064565
1.57781534247
1.57470756828
1.57836564983
1.57480796007
1.57849781582
1.57754389669
1.57798355434
1.57956886762
1.58019208993
1.57921923609
1.58030385096
1.57931229288
1.57788748111
1.57926422511
1.57728285891
1.57744794155
1.57818126518
1.5790920573
1.57811329968
1.57916335002
1.57817997297
1.57908799154
1.57916215011
1.57810916542
1.57776306484
1.57892074533
1.57795752383
1.57871117241
1.57808242818
1.5772216113
1.57749195535
1.57839689834
1.57740162247
1.57900600574
1.57993075599
1.5788893307
1.57765786837
1.57874852659
1.57960700837
1.57696122291
1.5780563199
1.57439767531
1.57693068287
1.57724544486
1.57767502247
1.57412590857
1.57796832018
1.57856188201
1.57663937186
1.57696691407
1.57839992387
1.57832753497
1.5790928925
1.57647132551
1.57325076462
1.57604247046
1.57639275966
1.57633480591
1.57708041961
1.57359282469
1.57691962393
1.57819172847
1.57643422745
1.57490570452
1.57742608389
1.5757214749
1.57049065945
1.56097341965
1.57199644753
1.57341387417
1.5718211465
1.5717350761
1.56190779944
1.57442278355
1.56333949049
1.5734420129
1.572735309
1.57512063388
1.56278286086
1.57277190755
1.56097348963
1.57049081735
1.57199656261
1.5734139864
1.57182125712
1.56190786366
1.57173523438
1.57696120812
1.57439764487
1.57805627854
1.57693071398
1.57724541842
1.57412589626
1.57767502047
1.57740156874
1.57993073612
1.57900594768
1.57888932201
1.57765782199
1.57960699717
1.57874847688
1.57325076782
1.57647133623
1.57604245828
1.57639274889
1.57633485632
1.57359282426
1.57708043135
1.5785618287
1.5779682478
1.57663931182
1.57696685982
1.57839988839
1.57909286021
1.578327473
1.57490571484
1.57742615801
1.5757215323
1.57776291947
1.57892064109
1.57795737437
1.5787110436
1.57808232263
1.57722145765
1.57749180182
1.57839678863
)
;

boundaryField
{
    walls
    {
        type            zeroGradient;
    }
    inlet0
    {
        type            zeroGradient;
    }
    inlet1
    {
        type            fixedValue;
        value           uniform 0;
    }
}


// ************************************************************************* //
