/*--------------------------------*- C++ -*----------------------------------*\
  =========                 |
  \\      /  F ield         | OpenFOAM: The Open Source CFD Toolbox
   \\    /   O peration     | Website:  https://openfoam.org
    \\  /    A nd           | Version:  7
     \\/     M anipulation  |
\*---------------------------------------------------------------------------*/
FoamFile
{
    version     2.0;
    format      ascii;
    class       volScalarField;
    location    "3";
    object      p;
}
// * * * * * * * * * * * * * * * * * * * * * * * * * * * * * * * * * * * * * //

dimensions      [0 2 -2 0 0 0 0];

internalField   nonuniform List<scalar> 
5218
(
1.03774804086
1.02196452989
1.01843900428
1.01337450866
1.00647474796
0.997708875905
0.0808384572006
0.0667408722233
0.0529849584126
0.0412522129391
0.029395431479
0.0155966313138
1.03544604392
1.02126394381
1.01810972088
1.01349965948
1.00624081797
0.995178310846
0.987283295998
0.0827870474863
0.0659199052058
0.0516888674472
0.0408052885495
0.029799245774
0.0160697838201
1.0351729234
1.02120134416
1.01814930593
1.01358853488
1.00583627677
0.991223812317
0.959282875597
0.555392067634
0.125272568136
0.0901832210848
0.0665208183437
0.0511285945048
0.0405104456605
0.0298027263682
0.0160807204528
1.03575428935
1.02163683142
1.01829256769
1.01348916966
1.00649046756
0.996702067271
0.986366990349
0.0816602521767
0.0662987087605
0.0523992580984
0.0410879874752
0.0296274944109
0.0158877728351
1.04229003468
1.0222847535
1.01884414359
1.01378933026
1.00698546957
0.998781661282
0.0815646941485
0.0688707567467
0.0550776887651
0.0427400292186
0.0306695382088
0.0167083544497
1.02119682508
1.02177564676
1.01867587853
1.01395291498
1.00768371524
0.997320887511
0.0848393531776
0.0671611816624
0.0524520462604
0.0413100479553
0.0301669843865
0.0143636723315
1.019462223
1.02015744231
1.01716836826
1.01239914563
1.00582498307
0.998180309092
0.983771742952
0.0827042562285
0.0651070853653
0.0483312869387
0.037370241004
0.0283291773247
0.0173511314839
1.01920013688
1.02015751704
1.01716847736
1.01239932444
1.00582521858
0.994678698873
0.959509185199
0.528743843515
0.0635357561356
0.0827043605412
0.0651071710141
0.0483313936746
0.0373703695458
0.0283293230417
0.017555803535
1.02028584763
1.02118313671
1.01850184673
1.01406228695
1.00807520392
0.997187067041
0.982637622986
0.0847182099577
0.0676238467537
0.0516690879483
0.0406362183544
0.030461814602
0.0153406055315
1.02510072446
1.02222656752
1.01865197928
1.01347435825
1.00694703663
0.998797690271
0.085154272297
0.0675107887912
0.053496226602
0.0416215375542
0.029879112087
0.0165553045645
1.02059776112
1.02185258673
1.01867306367
1.01423644503
1.00841412604
0.997586037874
0.0859602851757
0.0675419511078
0.0522393679211
0.0413176502325
0.0305833839801
0.0146077943192
1.01872088012
1.02021535623
1.01726650233
1.01260215749
1.00636539322
0.998987162664
0.982896371982
0.082381449569
0.0654930239148
0.0483167810134
0.0372128069609
0.0284531979268
0.0178417631682
1.01846668126
1.02021536803
1.01726657041
1.01260228487
1.00636556135
0.995221585657
0.958617274649
0.51670614466
0.0502784322734
0.0823814530962
0.065493023052
0.0483168310821
0.0372128989902
0.0284532974963
0.0178570318089
1.01960786131
1.02121111135
1.01859001604
1.01432868795
1.00887897811
0.997855111027
0.980954759018
0.0851784091134
0.0683262700456
0.0514379932138
0.0403426902252
0.0306765073348
0.0157793103657
1.02440502047
1.02228311917
1.01866018571
1.01370096305
1.00742783817
0.998902276543
0.086767314543
0.0678864870857
0.0535293424218
0.0418005670068
0.0302291380333
0.0166955918291
1.02065420295
1.02172011532
1.01859575779
1.01409355857
1.00816614293
0.997512047352
0.0853794405586
0.0675529781101
0.0524080962708
0.0413614299333
0.0304616450129
0.0145259297233
1.01895816674
1.02012558081
1.01714220589
1.01239744918
1.0058561636
0.998545654414
0.982994630801
0.082653103527
0.0652918142304
0.0484575044527
0.037433526029
0.0283635935969
0.017452589512
1.01873430241
1.02012555204
1.01714222792
1.0123975203
1.00585626836
0.994831737831
0.9589287235
0.518252987338
0.0514637557724
0.0826530494336
0.0652917879874
0.0484575119588
0.0374335546996
0.0283636558897
0.0175101011364
1.01974974586
1.02114432303
1.01853434073
1.0142311137
1.00862098664
0.997614825247
0.981190364221
0.0849064514509
0.0682595178688
0.0515594308229
0.0404610572316
0.0306279408358
0.0155966325448
1.02432865596
1.02209534663
1.018530688
1.01354792187
1.00725154478
0.998885213648
0.0861814190038
0.0678265839812
0.0536259398423
0.041794412053
0.0301160845065
0.0166581937575
1.02198111238
1.02141567242
1.01838458217
1.01355495287
1.00709491861
0.997643317426
0.0832689938347
0.0673242390645
0.0529991194326
0.0414421001226
0.0299066696653
0.0148209247626
1.02042064559
1.02084515038
1.01818585451
1.01368491135
1.00715282685
0.996366372634
0.984157296076
0.0853978694313
0.0676074658294
0.0514687304479
0.0404339663462
0.0302935465948
0.015539710647
1.02018495924
1.02082329254
1.01825999042
1.01370364141
1.00674490291
0.99300598962
0.960295218356
0.534687699531
0.072163020832
0.0909237802982
0.0683136094695
0.0508752684041
0.0399763816334
0.0301967477139
0.0156747947378
1.02109254536
1.02110765565
1.01830492743
1.01375686676
1.00733427858
0.996895453056
0.983810786958
0.084392041707
0.0673971859109
0.0521987242033
0.0410302107282
0.0301605065668
0.015022875481
1.02591393959
1.02202418028
1.0183522139
1.01316825399
1.00667007251
0.998973376293
0.0835955254305
0.0673878588175
0.0537479628942
0.0416278585472
0.0296091396401
0.0158149199214
1.02591453886
1.02202710874
1.04223830758
1.02221892705
1.02202464629
1.02057780244
1.02209089064
1.01954767928
1.01835234084
1.0158810156
1.01861422252
1.01511681131
1.01316818508
1.01012457554
1.01372592387
1.00909949015
1.00666985774
1.00304605163
1.00723272385
1.00137142955
0.998973130758
0.999162207542
0.0859684359326
0.0831542217033
0.0835963228009
0.0738568325612
0.0814635015288
0.0727979021223
0.0673884548888
0.0604446978075
0.0692392585693
0.0588694472259
0.0537482369197
0.0475463604925
0.0554019364024
0.0460429811032
0.0416277906376
0.0357564715795
0.0429802827456
0.0341025316313
0.0296088742365
0.0230130792076
0.0310179029516
0.0212430631491
0.0158147914936
0.0025662941148
0.0175223260125
0.00251342167664
0.990080996713
0.99689527561
0.986285574854
0.998029442352
0.992645456939
0.996959419838
0.987711434267
0.983810851426
0.98669714097
0.0881656044564
0.0871416870398
0.0837358172136
0.0840909088699
0.960295221356
0.663285051731
0.987580452385
0.959531362768
0.686971733239
0.534687625553
0.212126723833
0.555541134984
0.235147438325
0.0810392069881
0.0721630437404
0.0726187742768
0.0799701690005
0.124944008716
0.0778108337074
0.663285314569
0.984157215463
0.959531378944
0.686971710357
0.987580377804
0.212126648183
0.555541092083
0.235147309231
0.0726187885227
0.0810389205001
0.124944034243
0.0778108161471
0.0799700750278
0.986285676551
0.997643554894
0.99008115829
0.996959529736
0.987711498126
0.998029662858
0.992645829977
0.986697133364
0.0871413679036
0.0881649412165
0.0840907549017
0.083734660057
1.02202652473
1.04223752026
1.0222182709
1.02057751302
1.02209029611
1.01954737764
1.01588104096
1.01861398552
1.01511680304
1.01012474644
1.01372585982
1.00909946922
1.00304634194
1.00723273661
1.00137155124
0.999162352706
0.0859675964869
0.083152636729
0.073856088242
0.0814622382025
0.072797107044
0.0604442693803
0.0692384679096
0.058868953192
0.0475462566427
0.0554014340864
0.0460428490901
0.0357566743659
0.0429801897528
0.0341027470063
0.0230133206678
0.0310181012511
0.0212432201553
0.00256628979887
0.0175224000241
0.00251341991343
1.0422896333
1.02232381868
1.0255257175
1.02257406723
1.02228430385
1.01980011896
1.02285919188
1.02035694999
1.01884345574
1.01523427586
1.01926099624
1.01551315847
1.01378831636
1.00893190983
1.01410452436
1.00951966893
1.00698398695
1.00102353956
1.00758524753
1.00149845939
0.998779956445
0.998867028737
0.0837728118486
0.0869382460711
0.0815636223195
0.0724329333298
0.0840846794123
0.0728575945716
0.0688694812005
0.0585175281813
0.0688988971861
0.0583478258199
0.0550764382644
0.0457818110049
0.0547734403846
0.0457917354201
0.0427388450457
0.0338164451561
0.0427819573983
0.0343111068812
0.0306684651665
0.02050093561
0.0311550046113
0.0208233296857
0.0167072026598
0.00236353136085
0.016390883723
0.00234065380262
0.992291255226
0.996700957504
0.987404876197
0.997361727206
0.989807005347
0.996664106191
0.986015222109
0.986365985353
0.983504997847
0.0842204402669
0.0839353880626
0.0881127809217
0.0855699660796
0.959282705214
0.686716292853
0.983892682979
0.960067417212
0.663013285339
0.555392062339
0.235332407336
0.534527209717
0.212179545989
0.079702231415
0.12527259387
0.0784889216646
0.0755199085505
0.0722571855522
0.0732701801252
0.686716286031
0.987284023508
0.960067593328
0.663013365761
0.98389338434
0.235332424484
0.53452718395
0.212179646289
0.078489029318
0.0797026379516
0.0722572285935
0.0732702290751
0.0755201906319
0.987405861646
0.997710332418
0.992292869534
0.996665174163
0.986016179972
0.997363108526
0.989808580599
0.983505912854
0.083936096004
0.0842215843135
0.0855705600029
0.0881137665955
1.02232423172
1.02552601515
1.02257440874
1.01980074401
1.02285955029
1.02035739524
1.01523524256
1.01926151962
1.01551387625
1.00893332382
1.01410532125
1.00952084943
1.00102521968
1.00758650593
1.00149998071
0.998868640939
0.0837738296646
0.0869394334684
0.072434199854
0.084085834097
0.0728585895102
0.0585187536411
0.0688998163805
0.0583487136316
0.0457830237338
0.054774236202
0.0457925975268
0.0338175727941
0.0427828352898
0.034312127336
0.0205021090387
0.0311560508563
0.0208244521999
0.00236374210507
0.0163919027887
0.00234082732564
1.02510040477
1.02277554455
1.02444660033
1.02286152942
0.0165543017612
0.0023137861753
0.0166307321768
0.00226759304043
1.02277588314
1.02444674929
1.02286170662
0.00231392615916
0.0166315049594
0.00226768873145
1.0244049546
1.02284763583
1.02432401576
1.02273218177
0.0166948913295
0.00226669665998
0.0166991361946
0.00226592451156
1.02284774378
1.02432373392
1.02273209969
0.00226676204738
0.0166995542714
0.00226599577734
1.02432900987
1.02267373172
1.02524544246
1.02239409475
0.0166578049959
0.00227176140212
0.0168933376442
0.0024797889006
1.0226735379
1.02524491114
1.02239362213
0.00227180710636
0.0168935341599
0.00247980846336
1.02097242335
1.02109295126
1.02057124198
1.03766245936
1.02176398449
1.03561703151
1.02139998744
1.02040478916
1.02110795989
1.02016638742
1.02166454919
1.02023356179
1.02143097594
1.02006997612
1.01607892103
1.01830506636
1.01613085079
1.01821624449
1.0159244539
1.01813134515
1.01595852636
1.01064246377
1.01375686269
1.01091709486
1.0133143161
1.01026825929
1.01344874987
1.01040986948
1.00277068226
1.00733415901
1.00269501148
1.00665401117
1.00248489622
1.00663020375
1.00208110202
0.0754922194072
0.0843923936482
0.0766618750368
0.0812971069743
0.0748023844648
0.0823433617638
0.0752075077036
0.059750109216
0.0673975423966
0.0592044305371
0.0673166277072
0.060030589093
0.0670474886664
0.0594455823533
0.0470326847308
0.0521989400346
0.0463719251651
0.0533344254346
0.0472409339203
0.0527416776623
0.0468214170682
0.0358905735905
0.0410302471203
0.0358241357977
0.0414523547078
0.0356944645395
0.0412518534073
0.0357084062914
0.0230567723129
0.0301603741591
0.0234159599706
0.0296450278776
0.0230737877773
0.0297937288657
0.023200563878
0.00498461531494
0.015022769346
0.00505130647235
0.0160334834805
0.00276001135137
0.0160743835199
0.00271120024827
1.02023330732
1.02018505718
1.02014167242
1.03534013741
1.0210145921
1.03512458804
1.02091630274
0.987809301617
0.99300596872
0.979069071996
0.995383606717
0.987688821217
0.991399014643
0.978298580034
0.00517666468717
0.0156747841075
0.00520872233221
0.016131058347
0.00266201300728
0.0160925397087
0.00253604177032
1.02014157293
1.02042040087
1.02023308499
1.03512451643
1.02091618193
1.03533983961
1.02101431534
0.979069125962
0.996366534317
0.987809390156
0.99139904013
0.978298622638
0.995383697728
0.987688860671
0.00520872321523
0.0155397894343
0.00517670607553
0.0160925718002
0.00253602608883
0.0161311348331
0.00266206794887
1.02057085536
1.02198062047
1.02097194415
1.03561660828
1.02139955454
1.0376617463
1.02176343759
1.02016617329
1.02141527594
1.02040453205
1.02143061361
1.0200696925
1.0216641087
1.02023324944
1.01613083753
1.01838445417
1.01607888362
1.01813116518
1.01595842213
1.01821604343
1.01592436689
1.01091720731
1.01355500359
1.01064259382
1.01344868907
1.0104099285
1.01331426214
1.01026828781
1.0026952105
1.00709512168
1.00277093583
1.0066302823
1.00208123562
1.00665407183
1.00248502722
0.0766615223576
0.0832683562524
0.0754916202112
0.082342904366
0.0752070647194
0.0812963311009
0.0748016853028
0.0592041916262
0.0673237468444
0.059749774726
0.0670470627166
0.0594452743534
0.0673161175786
0.0600301757363
0.0463718425115
0.0529988678076
0.0470326113943
0.0527413801813
0.0468212619022
0.0533340896457
0.0472407668135
0.0358242322064
0.0414421175252
0.0358907517683
0.0412517784925
0.0357084926533
0.0414523175357
0.0356945799704
0.0234161329834
0.0299068873229
0.0230570297075
0.0297938488396
0.0232007485334
0.0296452083074
0.0230740049456
0.00505133829275
0.0148210647423
0.00498465008933
0.0160744801384
0.00271117387282
0.0160335684469
0.00275999704166
1.02709317068
1.0311073321
1.05332635737
1.02708886147
1.04225058176
1.02450578731
1.03079455581
1.02333298818
1.02283867965
1.02293488687
1.02325551907
1.02243569971
1.02343029257
1.02419041027
1.02137745296
1.02278423956
1.02226782096
1.02110760163
1.02229161671
1.02169354696
1.0213554931
1.02075166964
1.01988298522
1.01968710119
1.02049808782
1.01973118774
1.02097474069
1.02061409524
1.01759544005
1.01884726542
1.01868679347
1.01752463196
1.01874515113
1.01770015763
1.01758799084
1.01639741023
1.01524985932
1.01510832042
1.01635419267
1.01511976141
1.01648448624
1.016370521
1.01230442221
1.01385340973
1.01369589659
1.01231903715
1.01373558426
1.0124825724
1.01226376593
1.01074728956
1.00932548153
1.00907013611
1.01069983273
1.00913980863
1.01087862568
1.0106754098
1.00564359184
1.00747858424
1.00732140721
1.0054473813
1.00741476975
1.00574967992
1.00555531367
1.00380984614
1.00181056034
1.00168779578
1.00333677718
1.00182719556
1.00370659256
1.00364836433
0.997724348864
0.999565981043
0.99960667655
0.997467256991
0.999661515173
0.997666712919
0.997881187506
0.996599947355
0.996583821572
0.996263864221
0.996900477243
0.0844309570549
0.0838761712294
0.0823786624546
0.0849410974251
0.082724595378
0.0857695844288
0.0839030053246
0.0778530659598
0.0817233371121
0.0805380053062
0.0788741341858
0.0806933878136
0.0786977829326
0.0779727406538
0.0750942936839
0.0724432420823
0.072150784239
0.0759971680356
0.0720223807811
0.0755644007679
0.0752770388
0.065606553535
0.0688499779424
0.068949874144
0.0658587329989
0.0688526793954
0.0656008487665
0.0656378373818
0.0621795603922
0.0586865694206
0.0588907834502
0.0622167961456
0.0588653790279
0.0619116136129
0.0622456238032
0.0523001987032
0.0551734305886
0.0555294892256
0.0522376711112
0.0554738056422
0.0521297614844
0.0523113855698
0.0491056030605
0.0460212244626
0.0460670640151
0.0490280716082
0.0460979589339
0.0488884034012
0.049123970549
0.0400928960784
0.0429300770203
0.0429945068668
0.0400722413725
0.0430255863621
0.0401347526121
0.0400130996964
0.0370610541991
0.0342227256003
0.0339694783603
0.0370546565749
0.0340833542687
0.0370808502958
0.0369822302445
0.0278404728285
0.0310597772592
0.0308914611132
0.0279109275687
0.0309797906538
0.0280123404036
0.0277522010745
0.0245907946082
0.0213162431295
0.0210896515563
0.024667483897
0.0211567943908
0.0246491475583
0.0245475479729
0.0130062436855
0.0175430855817
0.0172576628006
0.0130726116549
0.0173930433012
0.0132904023488
0.0127912485414
0.00796368257609
0.00259152545853
0.00245876397119
0.00798012347837
0.00252228823509
0.00797020101352
0.00768689908812
0.992865549426
0.991715477881
0.995977810294
0.991634592896
0.99480003926
0.99084944642
0.994506097248
0.986033599583
0.985484577446
0.983910392356
0.0883732491673
0.0850081524573
0.0862059449572
0.0846045835998
0.0872557440446
0.0860475210137
0.0874744099083
0.996555050914
0.984852082989
0.986946245269
0.980363095653
0.987955475259
0.981247008209
0.987489064011
0.955959828326
0.6776568917
0.863599751013
0.850724857056
0.963923030045
0.548501531528
0.448374882259
0.445100823331
0.228451676056
0.34167381948
0.338530430565
0.028134487258
0.0631301791758
0.0633239343048
0.0360531555536
-0.028049639871
0.103092995527
0.055276954492
0.0492153278094
-0.00741066371237
0.955959886975
0.677657176872
0.863599747001
0.850724910874
0.963922966859
0.996554944217
0.984851961044
0.980363060081
0.986946120791
0.98124695024
0.987955330493
0.987488995105
0.548501499001
0.448374805394
0.445100605665
0.228451561631
0.341673767688
0.338530483553
-0.0280496358451
0.103092680169
0.055276964927
0.049215224064
-0.00741084819555
0.0281345876163
0.0631303161581
0.0633244180148
0.036052927871
0.992865784762
0.991715792943
0.991634828858
0.99597815697
0.990849619399
0.994800349979
0.994506460184
0.986033510097
0.98548452323
0.983910341548
0.0883727148576
0.0850071690874
0.084603858309
0.0862046658092
0.0860470186669
0.087254774646
0.0874740209682
1.02709240405
1.03110650595
1.02708817505
1.05332551108
1.02450504899
1.04224960161
1.030793915
1.02333233583
1.02283809013
1.02325488851
1.02293421294
1.02342963049
1.02243502791
1.02418984325
1.02137690228
1.0227836877
1.02110708458
1.02226712467
1.02169298521
1.02229094467
1.02135487156
1.02075125798
1.01988269041
1.02049765632
1.01968680253
1.02097434783
1.0197308895
1.0206136414
1.01759538789
1.01884704025
1.01752449013
1.01868660594
1.01770001666
1.01874498274
1.01758795319
1.01639752412
1.01524987835
1.01635415463
1.01510843164
1.01648448939
1.0151198712
1.01637063386
1.01230444239
1.01385343767
1.01231897267
1.01369597325
1.01248259987
1.01373570797
1.01226370928
1.01074737118
1.00932556714
1.0106998003
1.00907012836
1.01087869291
1.00913983357
1.01067537009
1.00564373014
1.00747867686
1.00544742995
1.00732145353
1.00574979411
1.00741490992
1.0055553935
1.00381010585
1.00181070873
1.0033368789
1.00168799254
1.00370681979
1.00182748764
1.00364856877
0.997724528414
0.999566151904
0.997467291122
0.999606749795
0.997666879471
0.999661711175
0.997881024073
0.996600043035
0.996583932096
0.996264084084
0.996900227476
0.084429172833
0.0838747182712
0.0849393254848
0.0823768777353
0.0857675841426
0.0827226690337
0.0839016889322
0.0778520046198
0.0817224039476
0.0788731955499
0.0805364208803
0.0786967636453
0.0806920942685
0.077971815641
0.0750933736392
0.0724425128982
0.0759961746764
0.0721498809428
0.0755635019664
0.0720216292151
0.0752760185208
0.0656059190751
0.0688492748264
0.065858068321
0.0689490200959
0.0656002594403
0.0688519331848
0.065637070839
0.0621790006392
0.0586860931095
0.0622161440665
0.0588902357037
0.0619110363993
0.0588648964778
0.0622449112009
0.0522999021208
0.0551729710724
0.0522372964279
0.0555290223301
0.0521294444594
0.0554734322402
0.052311002913
0.0491055027279
0.0460211258487
0.0490278187845
0.0460669469052
0.0488882360731
0.0460978735306
0.0491237246184
0.0400929820765
0.042930054441
0.0400722854663
0.0429945281861
0.0401348292631
0.0430256224481
0.0400131483127
0.0370612926784
0.0342229737898
0.0370547908208
0.0339697138606
0.0370810529935
0.0340835800242
0.0369824456344
0.0278407242761
0.0310600433296
0.0279111763819
0.0308917238095
0.0280126429409
0.0309800942664
0.0277524760254
0.0245910290349
0.0213164338182
0.0246676619816
0.0210897760308
0.0246493487402
0.0211570108033
0.0245477314008
0.0130062822469
0.0175432252589
0.0130726705396
0.0172577139354
0.0132904842047
0.0173931496285
0.01279127557
0.00796368137813
0.00259151351661
0.00798012655212
0.00245876246882
0.00797018168951
0.00252227141733
0.00768691463827
1.02207078273
1.03575399712
1.02162935019
1.02202365782
1.02129540347
1.02124347951
1.0207694334
1.0205088766
1.02163653622
1.02026045261
1.02171752774
1.02065199327
1.02128619311
1.02032299483
1.01607627906
1.0182921125
1.01606857336
1.01858368487
1.01623337188
1.01843450832
1.01622266622
1.01021233916
1.01348849274
1.01036002669
1.01364880215
1.0106436586
1.01379517812
1.01088208573
1.0022081751
1.00648952655
1.00186646649
1.00697106864
1.00249356429
1.00721852475
1.00250952999
0.0741616028118
0.0816594496408
0.0743031310289
0.0829863376044
0.0751782328712
0.0838604894478
0.0758283835903
0.0595719935684
0.0662979094809
0.058927335623
0.066918423033
0.0593725008255
0.0667305683923
0.0587727001524
0.0469814750993
0.0523986131348
0.0465921014145
0.0526803964041
0.0467922981094
0.0519192117653
0.0461865445415
0.0355041348548
0.0410873659349
0.0355619731645
0.0412725591096
0.0357601993076
0.0408998820988
0.0357121832039
0.0227074730162
0.0296268553643
0.0230046488668
0.0297445538552
0.0227666092844
0.0300322602326
0.0232598625364
0.00264789031334
0.01588724997
0.00267643433628
0.0143618541784
0.00481064183568
0.0148759186857
0.00499906553405
1.02113135031
1.03517283201
1.02098274471
1.02049941408
1.02033349693
1.02022437128
1.02019778752
1.0199879842
1.02120125968
1.02001416157
1.02093807924
1.01996195053
1.02087667972
1.01997935774
1.0160108594
1.01814919615
1.01611626617
1.018262503
1.01608165532
1.01831927833
1.01615711648
1.01031592141
1.01358836515
1.01030736699
1.01370429609
1.01067437355
1.01372780147
1.01055814669
1.00114430991
1.00583604706
0.999564012022
1.00707568765
1.00212124073
1.006699909
1.00073728042
0.987438188584
0.99122356897
0.978071230107
0.996193617694
0.987586520267
0.992864941975
0.978871116184
0.986644303106
0.980092328294
0.987215278154
0.996287269322
0.984561994463
0.987658829451
0.980982917494
0.0646309784052
0.0380314894449
0.029789784357
0.0635212594665
0.0749228381002
0.090183069326
0.0784181251071
0.0836387788042
0.0767460751946
0.0916895742778
0.080906367136
0.0581853938414
0.0665206415039
0.0577576757609
0.0669097736974
0.0583846066164
0.0680342399117
0.058157413449
0.0460811998144
0.0511284424998
0.0456262573707
0.0512151958694
0.0454751012002
0.0506689879497
0.044939390772
0.035515985215
0.0405103071931
0.0353982710719
0.0403244968589
0.0353828499903
0.0398781337773
0.0351112268354
0.0232532342605
0.029802621504
0.0233026448945
0.030210228455
0.0237635948076
0.0301412641752
0.0239102438343
0.00263928742317
0.0160806212175
0.00253080904738
0.0155042959001
0.00517190720814
0.0156756671562
0.00521405311167
1.02098282124
1.03544632576
1.02113155219
1.02022443895
1.02019784768
1.02049958666
1.02033366679
1.02001427155
1.02126411169
1.01998819214
1.02087673461
1.01997940688
1.02093825303
1.01996213399
1.01611641283
1.01811000527
1.01601120015
1.01831936211
1.01615723279
1.01826274328
1.01608192904
1.01030759073
1.01350009385
1.01031641629
1.01372793398
1.01055830919
1.0137046607
1.01067479568
0.999564263423
1.00624139218
1.00114496811
1.00670008343
1.00073750244
1.00707620712
1.00212182695
0.978071422426
0.995179002193
0.987438862602
0.992865162186
0.97887134295
0.996194277546
0.987587170583
0.448350928454
0.548343174745
0.445075465272
0.0556472853931
-0.00647705461023
-0.0272017690899
0.103483062317
0.0498538478042
0.078418310811
0.0827874664486
0.0749233223797
0.0916896633128
0.0809064524059
0.0836391195828
0.0767464316365
0.0577578552648
0.0659202922251
0.0581857660731
0.0680343432227
0.0581575486815
0.0669101320143
0.0583848774823
0.0456264099213
0.0516891876447
0.0460814950721
0.0506690953743
0.0449395049027
0.0512154540816
0.0454753373581
0.0353984442484
0.0408056295859
0.0355162986249
0.0398782471695
0.0351113360859
0.0403247698615
0.0353831567497
0.0233027971922
0.0297995843866
0.0232535562218
0.0301413677933
0.0239103468795
0.0302105333637
0.0237638877904
0.00253080217689
0.0160699975412
0.00263934517614
0.0156757334557
0.00521410859395
0.0155045232088
0.00517202447602
1.02162960585
1.03774845525
1.0220711298
1.02124369908
1.0207696604
1.02202392337
1.0212956511
1.02026080353
1.02196486216
1.02050930799
1.02128642442
1.0203232924
1.02171784173
1.02065237346
1.01606915021
1.01843957698
1.01607698741
1.01843490421
1.016223157
1.01858419369
1.01623401934
1.01036083948
1.01337536396
1.01021337592
1.01379579037
1.01088284486
1.01364961676
1.01064464501
1.00186750829
1.00647593394
1.00220951472
1.00721939706
1.00251052356
1.00697224336
1.00249484053
0.985140890471
0.985704699462
0.983576994058
0.0743039272459
0.0808395091273
0.074162597316
0.0838611373322
0.0758290819796
0.0829872630788
0.0751791068716
0.0589280918568
0.0667418318518
0.0595728925187
0.0667312054713
0.0587732692076
0.0669192517506
0.0593732922372
0.046592729886
0.0529858086743
0.0469823222451
0.0519197405907
0.0461870676084
0.0526811727914
0.0467930700753
0.0355626315384
0.0412530961145
0.0355050337418
0.0409004616657
0.0357128153125
0.041273401728
0.0357610807751
0.0230052446291
0.0293963289995
0.0227083715407
0.0300328999013
0.0232604868417
0.0297454915362
0.0227675105998
0.0026764883526
0.0155973879836
0.00264807188761
0.0148763793193
0.00499926472245
0.0143625957541
0.00481093181655
1.02730402614
1.05331034566
1.0309756257
1.03094972676
1.04196124628
1.02685835489
1.02435020582
1.02136259057
1.02250095346
1.02169882885
1.02190163608
1.0229653216
1.0219475134
1.02258838229
1.0177299017
1.01895176914
1.01781618278
1.01790503847
1.01906222876
1.01789059822
1.01906550506
1.01231305404
1.013749983
1.01223297998
1.01233297699
1.01394870013
1.01250004973
1.01382950635
1.00512687293
1.0069899609
1.00512678835
1.00531789629
1.00731365956
1.00549460936
1.0071616465
0.997089586052
0.99911421562
0.997436483607
0.997296876228
0.999163025349
0.997282461366
0.999142736547
0.0786359277962
0.0809399467794
0.0780872405933
0.0782028949757
0.0819008368551
0.078657848269
0.0812760845377
0.0654920185592
0.0688025823037
0.0654261310717
0.0653025216097
0.0685710049993
0.0651928894755
0.0686817851948
0.0519331408175
0.0552354223377
0.052019590481
0.051959197906
0.0548872477563
0.0517818744626
0.0551541504646
0.0398310248448
0.0427391271101
0.039748255081
0.0397830300318
0.0427239061254
0.0398597137724
0.0427427389153
0.0274687959572
0.0305007097476
0.0272452451991
0.0273550915875
0.0307928161112
0.0275825085195
0.0306089940753
0.0123683113042
0.0161800693338
0.0117487100827
0.0115673317219
0.0165652147578
0.0121507233367
0.0161007536766
1.02222619822
1.02098746554
1.02231548771
1.02107634474
1.01865140988
1.01616061948
1.01868447943
1.01622640828
1.01347348124
1.01046743792
1.01361533519
1.01071623758
1.0069458062
1.00314195077
1.0072278322
1.0034135723
0.998796127724
0.998807329783
0.0880563496655
0.0892933780849
0.0851532212219
0.0745368858939
0.0866594252011
0.0750315397103
0.06751012548
0.0602914587419
0.0677535518193
0.0603831687436
0.0534955377998
0.0473882168265
0.0535040716335
0.0474272765568
0.0416207201895
0.0359166792679
0.0417236886588
0.0361048957153
0.0298780710127
0.0235915950155
0.0300929058805
0.0238164990947
1.02114823996
1.02028570199
1.02045359513
1.02078417186
1.02110590706
1.0198251939
1.02035036118
1.02080826694
1.0211829406
1.02030748432
1.02188056444
1.02092705749
1.0212298393
1.02044353135
1.01637292978
1.01850151809
1.01634413047
1.01871741434
1.01646931979
1.01859974839
1.01648008853
1.01117755403
1.0140617694
1.01145395504
1.01415320402
1.01156029268
1.01426141012
1.01183144951
1.00317171398
1.00807445721
1.00373630197
1.00815115636
1.00360524924
1.00860189508
1.00440664248
0.98926273095
0.997186101387
0.985307707344
0.997408877198
0.988400632228
0.997524839469
0.984187581831
0.982636646816
0.981042399555
0.0905422975865
0.0856895310028
0.0907328401684
0.085130483358
0.0761485824264
0.0847176927582
0.0779344997352
0.085746056114
0.076849413392
0.0851145382842
0.0788262749029
0.0593252311189
0.0676234038866
0.0593449031358
0.0674214536961
0.059326865489
0.0680902311232
0.0595249463864
0.046664957797
0.0516686875989
0.0459462731773
0.0522804958644
0.0465420949718
0.0514393192971
0.0456998056038
0.0360254774289
0.0406357626592
0.0357335523265
0.0412959648433
0.0361894565293
0.0404025260294
0.0356869546496
0.0231776203794
0.0304612396989
0.023840416077
0.0304295135817
0.0234281210307
0.0305917870749
0.0241357350597
0.00481532552134
0.0153401658951
0.00520112241023
0.0144645124453
0.0048235737912
0.0155623365865
0.00527991729401
1.01986939038
1.01920009686
1.01982505305
1.01898951811
1.01989013949
1.01874670554
1.01999213568
0.959509031141
0.658192654554
0.982869509334
0.958808955658
0.650136538616
0.528743829734
0.205387141548
0.518187999627
0.193660028755
0.0707320246539
0.0635356950337
0.0661101374338
0.0690945491328
0.0517136186026
0.0629877151631
0.00570939434314
0.0175557099234
0.00583855981459
0.0174390405421
0.00583454061412
0.0175057831503
0.00597368625843
1.01982510081
1.01946235514
1.01986951494
1.0187467168
1.0199921511
1.01898959111
1.0198901973
0.658192718682
0.983772420383
0.958809048835
0.650136563575
0.982869859918
0.205387330044
0.518187912241
0.193660028988
0.066110242117
0.0707322112086
0.0517136709225
0.0629878036124
0.0690946533661
0.00583859997228
0.0173513471055
0.00570951366554
0.0175058272233
0.00597372349125
0.0174392231755
0.00583464330083
1.02045374455
1.02119701873
1.02114845303
1.01982527413
1.02035042026
1.02078427263
1.02110603206
1.02030770512
1.02177589865
1.02080861957
1.02122992844
1.02044368675
1.02188074589
1.02092732991
1.01634452221
1.01867633603
1.01637353093
1.01859997377
1.01648042404
1.01871781406
1.01646981577
1.01145456279
1.01395364239
1.011178464
1.01426180849
1.01183197263
1.01415386233
1.01156112106
1.00373713309
1.00768475698
1.00317288603
1.00860248093
1.00440734427
1.00815208803
1.00360630472
0.985308610055
0.997322159526
0.989264139047
0.997525646036
0.984188205982
0.997409983735
0.988401780659
0.981042859986
0.0856900805745
0.0905430588761
0.0851308252245
0.0907333670717
0.0779349168523
0.0848400818564
0.0761492267309
0.085114845659
0.0788265048492
0.0857465336371
0.0768497681739
0.0593452699171
0.0671617493226
0.0593258023034
0.0680904163083
0.0595251776676
0.0674217708601
0.0593272096183
0.0459466780764
0.0524525943711
0.0466655670325
0.0514395666346
0.0457000910976
0.0522808495505
0.0465425542269
0.0357340694895
0.0413107242705
0.0360262907451
0.0404028604881
0.0356873944418
0.0412965281835
0.0361901670166
0.0238409808381
0.0301678327663
0.0231784558807
0.0305922577225
0.0241362102352
0.03043029394
0.0234288880671
0.00520128319399
0.0143643297059
0.00481558648265
0.0155627200557
0.0052800759911
0.0144650843245
0.00482378871777
1.03563035392
1.02471530855
1.03532272076
1.0238878774
1.02250289532
1.02405154209
1.02222822821
1.02098790904
1.02231578331
1.02107669684
1.01616132135
1.01868501265
1.01622704377
1.01046850687
1.01361616719
1.01071719159
1.00314335811
1.00722896664
1.00341481388
0.998808591457
0.0880573613736
0.0892939953623
0.074537650311
0.086660023754
0.0750320102299
0.0602920928743
0.067754009267
0.0603835538202
0.0473889155255
0.0535045736946
0.0474278399824
0.0359176077834
0.0417244205821
0.0361057281346
0.0235926667895
0.030093865236
0.0238174519799
0.0119157759659
0.0117636229479
0.0181172081149
0.016528985756
0.0118498355181
0.011762386079
0.018436186509
1.0222829572
1.02105113124
1.02220953756
1.0209891515
1.01865978487
1.01624424508
1.01861227878
1.01620980657
1.01370024977
1.01087887475
1.01367902763
1.01087170883
1.0074268354
1.00361061065
1.00743322846
1.00362874848
0.998901083013
0.998946381211
0.0893376915282
0.0889525689211
0.086766952813
0.0752728656438
0.0864886339474
0.0752604945562
0.0678863556124
0.0604447889672
0.0679098963032
0.0604820672299
0.0535290210435
0.047468320411
0.0535681780228
0.0475008571714
0.0417999769431
0.0362248616832
0.0418218516177
0.0362357240712
0.030228310155
0.0239520581352
0.0302322052988
0.0239555005967
1.02104586143
1.01960788408
1.02027914713
1.02054826185
1.02099004971
1.01957796687
1.02024571441
1.02089445256
1.02121103526
1.02043780596
1.02179975759
1.02084687648
1.02117838886
1.0204093956
1.01647320644
1.01858982395
1.0164929991
1.01863479077
1.01644414599
1.01856671893
1.01647599942
1.01175444829
1.01432832771
1.01200016991
1.01421655296
1.01174514896
1.01431709128
1.01199643161
1.00388039704
1.00887843881
1.00474724354
1.00841595466
1.0038949296
1.0088826778
1.00476145133
0.988364909371
0.997854413016
0.984201230672
0.997618268271
0.988449535847
0.997882468111
0.984278700099
0.980954333142
0.981044864545
0.0907074780231
0.0848841466856
0.0904524579723
0.0846941710935
0.0770847981232
0.0851782089275
0.0790390651954
0.08582857777
0.0770743107975
0.0850915990431
0.0790474328307
0.059353288159
0.0683261764213
0.0596575822547
0.0675776236344
0.0593975090796
0.0683696175699
0.0597020744452
0.0465156803041
0.0514378676735
0.045657601167
0.0522795140831
0.0465465114377
0.0514736908796
0.0456836179004
0.0362879123986
0.0403424466147
0.0356893050068
0.0413378134532
0.0362988579054
0.0403597217308
0.0357008130201
0.0236170183521
0.0306760995989
0.0243167167473
0.0305892141078
0.0236227139736
0.0306846546826
0.0243246119126
0.00486871847613
0.0157789857539
0.00535917192113
0.0146164530852
0.00487225777161
0.0157855079949
0.00536189000746
1.01978819784
1.01846667779
1.01992209605
1.01870666745
1.01976682852
1.01845975789
1.01990706005
0.958617169788
0.649061420009
0.982971810891
0.958658124149
0.649135653062
0.516706141465
0.191996695157
0.516745251856
0.191908948738
0.0685004101358
0.0502784311338
0.061856753048
0.0683471536972
0.0501211161979
0.0617842782777
0.00595896390426
0.0178569819518
0.00608817803015
0.0178446504916
0.00596001792879
0.0178577904257
0.00608834879072
1.0199221044
1.01872088846
1.01978818931
1.01845972921
1.01990702653
1.01870659439
1.01976676645
0.6490614035
0.982896587542
0.958658141691
0.649135626805
0.982972050561
0.191997021227
0.516745177896
0.191909060446
0.0618567867963
0.0685003904839
0.0501210649006
0.061784354551
0.0683470924472
0.00608822425564
0.0178419033491
0.00595905344003
0.0178578414907
0.00608838678701
0.0178447889766
0.00596008241942
1.02027912936
1.02059775653
1.02104587627
1.01957789258
1.02024563026
1.02054810791
1.02098996432
1.02043788615
1.02185267206
1.02089464556
1.02117834735
1.02040940616
1.02179973765
1.02084695938
1.01649324714
1.01867335395
1.01647364048
1.01856680364
1.01647617622
1.01863497416
1.01644444328
1.0120006014
1.01423699347
1.01175516077
1.01431734252
1.01199676287
1.01421698014
1.01174572499
1.00474783855
1.00841493102
1.00388129429
1.00888308731
1.00476191774
1.00841659417
1.00389563962
0.984201721566
0.997586958832
0.988366012303
0.997882991512
0.984279055364
0.997618999976
0.988450318056
0.981045132137
0.0848842554794
0.0907076894864
0.0846941598405
0.0904524533367
0.0790391383328
0.085960451059
0.0770849327169
0.0850916265706
0.0790473519904
0.0858285170163
0.0770741960647
0.0596577056144
0.0675420693699
0.0593534304299
0.0683695500466
0.0597020577209
0.067577496054
0.0593975018266
0.0456578138936
0.0522395763998
0.0465159919315
0.0514737253896
0.0456837058158
0.0522795814609
0.0465467096622
0.0356896625793
0.0413180849483
0.0362885158935
0.040359876677
0.0357010515859
0.0413380964295
0.0362993025694
0.0243171365518
0.0305840384261
0.0236176614582
0.0306849576532
0.0243249168923
0.0305896993825
0.0236232223263
0.0053593180703
0.0146082701156
0.00486890621952
0.0157857808373
0.00536199165405
0.0146167881978
0.00487237855637
1.03504853301
1.02436315931
1.03501334459
1.02366795067
1.02193568752
1.0237013917
1.02188603457
1.02105138169
1.02220959379
1.0209892779
1.01624475536
1.01861252749
1.01621018982
1.01087969562
1.01367957442
1.01087241655
1.00361166679
1.00743404212
1.00362960501
0.998947160292
0.0893380402648
0.0889524216147
0.0752730466304
0.0864883598452
0.0752603537122
0.0604449511864
0.0679097684663
0.0604820372536
0.0474687247382
0.0535682685306
0.0475011530586
0.0362255549513
0.0418222625229
0.0362362781611
0.0239528403436
0.030232824954
0.0239560898144
0.0119685802668
0.0118245734805
0.0187149143794
0.0167159700233
0.0119659949376
0.0118402925974
0.0187312539723
1.02209547373
1.0208752344
1.02193932729
1.02066748042
1.01853057527
1.01611600448
1.01840015641
1.01596909247
1.013547514
1.01069395182
1.01334100645
1.01040350748
1.00725093335
1.00347531103
1.0069640937
1.00325976254
0.998884494189
0.998947164866
0.0886062511704
0.0867425442317
0.0861817477881
0.0750025097362
0.0843935756243
0.0744568273914
0.0678269167952
0.0604977044645
0.0676270684465
0.0604887944543
0.053625983102
0.04752937653
0.0537079734064
0.047564411806
0.0417941625909
0.0361441223235
0.0417407205033
0.0359844101773
0.0301156190548
0.0238415754853
0.0299275875217
0.0236802761602
1.02094251856
1.01974995261
1.02025948455
1.0210882488
1.02093105397
1.02020047134
1.02033420206
1.02077608344
1.02114443636
1.020367918
1.02154463252
1.02057179655
1.02105317191
1.02018252033
1.01637846042
1.01853429624
1.01643263595
1.01847827549
1.01622209897
1.01839363485
1.01626556937
1.01153686764
1.01423092594
1.01182644024
1.01385252206
1.01114072947
1.01401736627
1.011457324
1.00365941928
1.00862065236
1.00445622923
1.00771933031
1.003281699
1.008126639
1.00383816248
0.988540071762
0.997614433346
0.984313910445
0.997496025982
0.989509227936
0.997338306043
0.985551485768
0.981190076559
0.982915492461
0.0898843307233
0.0845495727649
0.0890229808273
0.0849852644589
0.0768590524604
0.0849065730391
0.0789055927053
0.0844695562434
0.076297172616
0.0846164402492
0.0782770051547
0.0594717971462
0.0682596490955
0.0596800603712
0.0674421153317
0.0595941818876
0.068008416973
0.059633937117
0.0466397611921
0.0515594675775
0.045786780873
0.0526782153714
0.0468358076394
0.0518721694894
0.0460859727037
0.0362301635529
0.0404609821342
0.0357300455096
0.0414270090971
0.0361070712589
0.0407313075414
0.0358091460942
0.0234696250862
0.0306276976622
0.0241734761
0.0302500016064
0.0233057942685
0.0305373422951
0.0239293165719
0.00485412562517
0.0155964524992
0.00529331750668
0.0145601744621
0.00491409050765
0.0154206452265
0.0052301039949
1.01984863365
1.01873435808
1.01997183853
1.01942319555
1.01980892837
1.01918230724
1.01978679901
0.958928653359
0.6502597875
0.984009702344
0.959693212519
0.658440679
0.518253152063
0.193527070879
0.528885713157
0.20524027712
0.0686426606616
0.0514638538659
0.0627342159584
0.0700665737036
0.0632244734961
0.0655613406901
0.0058372885992
0.017510069044
0.00597288691357
0.0173700339825
0.00570994977664
0.0175563412657
0.00583334216617
1.01997180112
1.01895805717
1.01984852833
1.01918224196
1.01978674803
1.0194229998
1.01980876004
0.650259787947
0.982994822872
0.959693238724
0.658440762111
0.984009714133
0.193527402912
0.52888586341
0.205240095788
0.062734245057
0.0686425000959
0.0632244336339
0.0655613031972
0.0700664581617
0.00597292256983
0.0174527130796
0.00583729886864
0.0175563821898
0.00583334871346
0.017370100356
0.00570997682796
1.02025930207
1.02065393924
1.02094228618
1.02020015942
1.02033391099
1.02108784132
1.02093067401
1.02036788075
1.02171997894
1.02077605139
1.02105295851
1.02018240255
1.0215443641
1.02057162935
1.01643275377
1.0185958334
1.0163786545
1.01839357804
1.01626560638
1.01847824192
1.01622215751
1.01182669276
1.01409387007
1.01153730684
1.01401744603
1.01145750249
1.01385269282
1.01114099011
1.00445657337
1.0081666466
1.00365996777
1.00812686608
1.00383843229
1.00771965321
1.00328205707
0.984314185098
0.997512562052
0.988540761788
0.997338578773
0.985551576674
0.997496338855
0.989509464477
0.98291553816
0.0845493677243
0.0898840805126
0.0849850044665
0.0890225474442
0.0789054427587
0.0853791633555
0.0768587527972
0.0846162064601
0.0782767389596
0.084469077739
0.0762966954863
0.0596799819412
0.0675527054682
0.0594716558584
0.0680081463406
0.0596337876694
0.0674417530572
0.059593903263
0.0457868246161
0.0524080602317
0.0466398490205
0.0518720455504
0.046085946463
0.0526780593117
0.0468357684155
0.0357302252493
0.0413616364354
0.0362304764761
0.0407313370344
0.0358092896098
0.0414271160723
0.0361072822341
0.0241737186377
0.0304620286489
0.0234700025986
0.0305375089189
0.0239295284485
0.0302502687208
0.0233060874454
0.00529340605626
0.0145262022897
0.00485423498881
0.0154208080361
0.00523017479964
0.0145603454519
0.00491413950169
1.03494197752
1.02441672447
1.03499980371
1.02356188451
1.02181291508
1.02356404692
1.02185575414
1.02087520408
1.02193901978
1.02066730087
1.01611623917
1.01840012415
1.01596922039
1.0106944708
1.01334124206
1.01040383164
1.00347593769
1.00696450359
1.00326016517
0.998947471138
0.0886059010635
0.086741797844
0.0750021049279
0.0843929039655
0.0744562697864
0.0604974851071
0.0676266122377
0.0604884903998
0.0475294682001
0.0537078162865
0.0475644235255
0.0361444944722
0.0417408617998
0.0359846949422
0.0238420156401
0.0299279513399
0.0236805954265
0.0120510125093
0.011815104746
0.0186683890694
0.0166712209261
0.0119633700962
0.0118579167792
0.0186865229637
1.01988286207
1.02082336082
1.01993126586
1.02115479083
1.01987752523
1.02113565503
1.01993906261
1.01603332294
1.01826001817
1.01611709385
1.01800256483
1.01593228652
1.01806494014
1.01604747461
1.01070809256
1.013703643
1.01057450853
1.01346624032
1.01034612987
1.01354992347
1.01031759688
1.00224753811
1.00674486143
1.00082743008
1.00633358103
1.00129832679
1.00589564576
0.999682012671
0.0180042986943
0.0547027845859
0.0115729047628
0.0596890016458
0.0776634794318
0.0909237875537
0.0808676512046
0.0834352384346
0.0757371322387
0.0898971885878
0.0786827783867
0.058793366035
0.0683136601719
0.0584357055734
0.0666363019803
0.0586780883708
0.0669574131259
0.0581324907093
0.0456361629408
0.0508752978393
0.0450848264799
0.0520059626614
0.0462864316121
0.0513975929449
0.0458100255352
0.0354757660548
0.0399763929861
0.0351897965751
0.0409455737105
0.0356305032258
0.0406352507782
0.0354925303461
0.0238357661802
0.0301966847522
0.0239418628786
0.0299038964083
0.0233448641081
0.0298721199082
0.0233444893209
1.01993121219
1.02084495022
1.01988273873
1.02113555745
1.01993899524
1.02115455464
1.01987734339
1.01611708414
1.01818578944
1.01603332874
1.01806487689
1.01604746336
1.0180024403
1.01593222076
1.01057453076
1.01368491558
1.01070816918
1.01354991202
1.01031760052
1.01346624233
1.01034616907
1.00082747892
1.00715290798
1.00224769203
1.00589568836
0.999682037339
1.00633365796
1.00129845211
0.435022433433
0.54167772694
0.440688779515
-0.051901627545
0.0205879780238
0.0846130018754
-0.063433302449
0.031134952137
0.0808675801138
0.085397694756
0.077663302931
0.0898971986489
0.078682704629
0.083435094438
0.0757369312471
0.0584356547079
0.067607276705
0.0587932713363
0.066957365743
0.0581324227973
0.0666360904209
0.0586778948685
0.045084803289
0.0514686101198
0.0456361227756
0.0513975175025
0.0458099916619
0.0520057929248
0.0462863285005
0.0351897972384
0.040433940382
0.0354758455023
0.0406352221595
0.035492541901
0.0409455477763
0.035630541941
0.0239419196472
0.0302935968845
0.023835897622
0.0298721502245
0.023344499149
0.0299039797887
0.0233449939535
1.02398914919
1.02351445876
1.03651106535
1.02693884606
1.02343432998
1.02379623651
1.03765081485
0.997555617048
0.996867947373
1.00017736808
0.999278725507
0.997270811031
0.997213982743
1.00027174407
0.0774471667589
0.0797781770883
0.0816280918257
0.0827539186403
0.0777803338793
0.0791657307019
0.0810289413227
1.02398988642
1.03651177193
1.02351508484
1.0269395192
1.02343499649
1.03765169328
1.02379688246
0.997555208684
1.00017703003
0.996867742328
0.999278408052
0.997270527598
1.00027136917
0.997213543897
0.996307002657
0.995439463326
0.995945481641
0.995910161414
0.0852009324529
0.083992674204
0.0879718551161
0.0850246890818
0.0861066850687
0.0832492110539
0.0869843509103
0.0774481090197
0.0816290217086
0.0797789271628
0.0827548591698
0.0777811935104
0.0810301116366
0.0791667204244
0.00961189907402
0.00269309626265
0.00772996057127
0.00263180308364
0.00931591485409
0.00274898684861
0.00813144938028
0.991426764651
0.985694250044
0.988904113722
0.987376961161
0.990429743903
0.987012373805
0.989853402065
0.991578707642
0.988601245968
0.989294920247
0.990632870359
0.988164855906
0.990369556696
0.993607658388
0.0883906045807
0.086226860217
0.0847798933857
0.0849600866538
0.0863531045926
0.0855380528221
0.0876665093399
0.965009053708
0.849343747452
0.670334099382
0.966736853802
0.851983285627
0.435022459233
0.541677699023
0.440688754266
0.327655764865
0.220112803465
0.333608240165
0.0577009833253
0.0695266111065
0.081879289837
0.0824535698936
0.0552456655518
0.0726063081393
0.0827985362108
-0.0519015759758
0.0205879976121
0.0846129103174
-0.0634331634489
0.0311349475322
0.0605718595984
0.0826870425917
0.0737826546691
0.0820061439901
0.0747135791481
0.0820467417903
0.0639353511741
0.965009336588
0.849343873296
0.670334365607
0.966737118581
0.851983341931
0.327655729224
0.220112862742
0.333608165871
0.0180043752622
0.0547025692734
0.0115728278849
0.0596890868337
0.0577009054475
0.08187920308
0.069526438314
0.0824533655457
0.0552455677745
0.0827985339764
0.0726062620819
0.0605718824226
0.0826870916361
0.0820062079363
0.0737827972312
0.0820466558962
0.0747135879942
0.0639351549955
0.991426957864
0.988904244428
0.985694374212
0.987377037081
0.990429931115
0.989853567682
0.987012512074
0.99157888232
0.98860127046
0.990633006903
0.989294916645
0.990369668839
0.988164870349
0.993607845996
0.0883902235605
0.0862265687192
0.0849599144376
0.0847793803767
0.085537944442
0.0863526515227
0.0876662950032
0.996307365949
0.995439655819
0.995945681737
0.995910601885
0.0851996057404
0.0879709878095
0.0839915904723
0.0850237828737
0.0861056594043
0.0869833275409
0.0832480703599
0.00961187805664
0.00772997721764
0.00269308403171
0.00263178967177
0.00931596659455
0.00813146281361
0.00274897006872
1.05330992544
1.02730358933
1.03097523205
1.03094928419
1.04196082082
1.02685795016
1.02434980866
1.02309561879
1.02351389691
1.02447310002
1.02313284235
1.02302680415
1.02281584975
1.02335187554
1.02665883403
1.03620573575
1.0374328488
1.02482597666
1.02275548255
1.02308318619
1.02437366113
1.02225217468
1.02256181548
1.02245529605
1.02237979595
1.02247952789
1.02256278712
1.02216496902
1.02250045023
1.02136208419
1.02169822846
1.02190101711
1.02296489958
1.02258785248
1.02194701309
1.019992422
1.02075180742
1.02092223285
1.02111895583
1.02010117903
1.02014152494
1.02118637582
1.0219901809
1.02279007896
1.02254567603
1.02209001644
1.02251017218
1.02189613711
1.02198955232
1.0212648384
1.02014617196
1.02026835449
1.02153832898
1.02023419153
1.02127818408
1.02139872154
1.0189510152
1.01772911035
1.01781530626
1.01790424659
1.0190615969
1.01906481867
1.01788985797
1.01522478746
1.01651896927
1.01654899732
1.01662228011
1.01537248929
1.0153004593
1.01666072113
1.01795648072
1.01912214071
1.0191864339
1.01802919152
1.01914427798
1.0179178655
1.01795231348
1.01666628867
1.01540894191
1.01538723799
1.01677880455
1.0153461181
1.01669394842
1.01670573113
1.01374891063
1.01231195223
1.01223174049
1.01233181907
1.01394778796
1.01382848723
1.01249896385
1.00884555951
1.01061872759
1.01055570769
1.01067305253
1.00920477336
1.00899166382
1.01085025702
1.01240060289
1.0139974496
1.01397935197
1.01272737957
1.01387911764
1.01257549817
1.01252114667
1.01074660646
1.00931281872
1.00927635945
1.0110988685
1.00908495857
1.01093091587
1.01093048781
1.00698832607
1.00512531149
1.00512505329
1.00531616273
1.00731222392
1.00716001966
1.00549308069
1.00116963522
1.00296856634
1.00313126951
1.00332071595
1.00142823536
1.00130662634
1.0033807587
1.0054208876
1.00739957306
1.00748195476
1.00577898748
1.00725784483
1.00558126643
1.00562533255
1.00340029411
1.00134003522
1.00151229422
1.00354493442
1.00132426088
1.00337707328
1.00365861653
0.999112352952
0.997087808471
0.997434493198
0.997294888539
0.99916134484
0.999140822307
0.997280660736
0.996185064389
0.996468507189
0.996178498703
0.995882116072
0.997029187759
0.998917297765
0.999048586531
0.996615076891
0.999027249312
0.996875490482
0.996810835125
0.995866065161
0.995146303221
0.995564646461
0.995555329871
0.0831100007659
0.0858128715346
0.0847703932137
0.0854876968019
0.0845665681763
0.0836505350183
0.0868801249491
0.0864707220073
0.085751796747
0.0853097723091
0.0893555716622
0.0844636510176
0.0882126412343
0.0874577865711
0.080938981439
0.0786347905638
0.07808614087
0.0782017448241
0.0818998113888
0.0812750864066
0.0786566842146
0.0720947808147
0.0755845195599
0.0752196698287
0.075224858122
0.0721675596496
0.0719966972304
0.0754458361243
0.0786469516258
0.0830491338314
0.0826878613378
0.0801131025554
0.0819580879228
0.0794786652332
0.0790787736057
0.0755510648271
0.0725787837193
0.0724149829049
0.0763740375356
0.0721890137544
0.0760792007655
0.0758350990802
0.0688012380073
0.0654907126458
0.0654247045052
0.0653011790501
0.0685698153445
0.0686804358043
0.0651916204842
0.0585961717893
0.0618512112229
0.0619727599101
0.0618632087897
0.0582866921006
0.058502478967
0.0615865930291
0.0654222074114
0.0688143062864
0.0689961381189
0.0654829424361
0.0688212778663
0.0653690895924
0.0655842533428
0.061941619884
0.0583308249431
0.0586385001846
0.0616134878656
0.0585689808131
0.0616501505592
0.0620207370233
0.0552340636343
0.0519319294679
0.0520182542974
0.0519578979037
0.0548861079698
0.0551527858879
0.0517807418894
0.0457950884147
0.0487516001395
0.0488477087881
0.0488039266892
0.0457190082462
0.045778639192
0.0486452806546
0.0519964933219
0.0548733175682
0.0552055618784
0.0517667288594
0.0551866826843
0.0517804647365
0.0520372224953
0.0488308039303
0.0457437020958
0.0459185630628
0.048570705165
0.0458284556219
0.0486328919641
0.048872461808
0.0427378183451
0.0398298868419
0.0397469418978
0.0397817277431
0.0427228038383
0.0427413812384
0.0398585267714
0.0336496561605
0.0368018070026
0.0367044382682
0.036762324025
0.0339200873764
0.0337358279355
0.0368740343808
0.0398694366911
0.0427658705153
0.0429077359725
0.0400874770926
0.0427967750784
0.0399520375312
0.0400393000797
0.0368611921804
0.034081446032
0.0341137815455
0.037113115838
0.0338643958602
0.0369946672063
0.0370598561289
0.0304995450279
0.0274676289322
0.0272439921089
0.0273538534186
0.0307917062841
0.0306077825436
0.0275813230537
0.0201698902738
0.0240788254067
0.0238399343091
0.0239233404055
0.0204774167842
0.0201808194833
0.0241427267059
0.0275084211793
0.0309753730185
0.0310280426473
0.0280484790366
0.0307585910486
0.0277585871466
0.0278224587224
0.0240622285381
0.0204302725396
0.0206649549005
0.0245508859326
0.0202413772727
0.0242546756468
0.0244879155256
0.0161788080804
0.0123673435743
0.0117476526161
0.0115662962608
0.0165640496252
0.0160994060192
0.012149735056
0.0022429133335
0.00749944517687
0.00235881315925
0.00696605907748
0.00220901092884
0.00680907240473
0.00723972330724
0.0115186802727
0.0162970000029
0.0163951703799
0.0117777091077
0.0160667211409
0.0118595702878
0.0115710883131
0.00235837457094
0.00222680637906
0.00221873334724
0.00679484406522
0.0069753702066
0.00709504534956
0.00678177605387
0.995607585831
0.991268524313
0.994144121607
0.992542186729
0.991394161913
0.994476217337
0.99050208035
0.988953689689
0.990344325802
0.993283039629
0.991283530928
0.988297083883
0.98784054408
0.990090376351
0.991146244793
0.987086434886
0.98540522085
0.98865900312
0.986701182908
0.989586300352
0.990175120824
0.985139757991
0.985703679902
0.983575734166
0.0871481081175
0.0850431442444
0.0885403521544
0.0904019299713
0.0853656160137
0.0886066807574
0.086608037045
0.0851875992182
0.0859163688436
0.0888772195276
0.0907287197657
0.0859422710045
0.0870973751371
0.0868658940509
0.0921712689367
0.0867602311436
0.0911445868879
0.0892217220112
0.0902621611741
0.0881771900434
0.0922824122727
0.0917946107519
0.0857448744815
0.0883445798179
0.0844430271039
0.0882033544789
0.0860783789245
0.0907550308482
0.863333870203
0.963661353131
0.955701764226
0.677387645628
0.850460037285
0.998529707884
0.984940070637
0.987624223193
0.98093849884
0.988285523747
0.981622047448
0.998965374268
0.964760985578
0.670055015172
0.849091846939
0.851721583655
0.966500853244
0.448350835031
0.548343326809
0.445075512451
0.341759853034
0.228635898674
0.338615764389
0.541512216265
0.434987093739
0.440652152045
0.220176208672
0.327698659787
0.333654784429
0.0748405510495
0.082101883515
0.0656910440401
0.0631638618642
0.0816545953325
0.0750862520772
0.0818116156711
0.0556472236862
-0.00647710380958
-0.0272018683565
0.103483240789
0.0498538607931
0.0213677630222
0.0516824463736
0.0564789506926
0.015290548581
-0.0514057438701
0.0847022400587
0.0206097429525
0.0311428724536
-0.0627646452879
0.863333987254
0.963661461618
0.955701950706
0.677387628567
0.850460085678
0.980092873705
0.986645027273
0.987215768492
0.996287754511
0.984562741917
0.980983406085
0.98765953836
0.964761128879
0.670055092735
0.849091944691
0.851721735439
0.966501051558
0.998530162294
0.984940830986
0.980938945747
0.987624726367
0.981622597474
0.988286137651
0.998965771717
0.341760159533
0.228636075978
0.338615948557
0.541512059179
0.434986912119
0.440651734871
0.220176378365
0.327698557949
0.333654878771
0.0646313365671
0.0380316355328
0.0297900486748
0.063521744
0.0821021222089
0.0748409510207
0.0656913130253
0.0631640650068
0.0816549610694
0.0818118462874
0.0750867030118
-0.0514056599413
0.0847021648142
0.0206097987968
0.0311429008566
-0.0627646521715
0.0213680075235
0.0516828375189
0.0564794694147
0.015290765942
0.990345327183
0.988954943593
0.993284291416
0.991284767216
0.988298138413
0.990091389991
0.987841854131
0.991269943768
0.995609262813
0.994145587964
0.992543663195
0.991395811057
0.990503553543
0.994477826133
0.99114756457
0.987087444642
0.988659979145
0.985406408115
0.989587328799
0.986702493996
0.990176308281
0.0859170010748
0.0851884493744
0.0888782238205
0.0907296506229
0.0859429633596
0.0868665892447
0.0870981723342
0.0850442651774
0.087149312516
0.0885414821727
0.0904029930678
0.0853667518969
0.0866090895531
0.0886078535304
0.0917954176413
0.0857454915906
0.0844435016201
0.0883453078379
0.0860790849894
0.0882041059903
0.090755700237
0.0921722754819
0.0867613234747
0.0892226246714
0.0911456181787
0.0881781311434
0.0902632650163
0.0922832337363
1.02351427727
1.02309605974
1.02447355668
1.02313330147
1.02302716781
1.02335226658
1.02281635134
1.02665918867
1.03620615103
1.03743327063
1.02482642865
1.0227557965
1.02308357557
1.02437411464
1.02225264176
1.0225622206
1.02238015556
1.02245575829
1.0225631726
1.02248001985
1.02216544105
1.02075235139
1.01999309786
1.0209228982
1.02111958305
1.02010169439
1.02118692064
1.0201421685
1.02199074154
1.02279054862
1.02209040803
1.02254615456
1.02189661185
1.02251070808
1.0219900366
1.02126537766
1.0201467001
1.02153876628
1.02026884163
1.02127865406
1.02023473823
1.02139920348
1.01651983568
1.01522580582
1.01654995819
1.01662318451
1.01537330106
1.01666154442
1.01530141145
1.01795716498
1.0191227273
1.0180297805
1.01918695156
1.01791852344
1.01914484104
1.01795293236
1.01666702025
1.01540976029
1.0167794698
1.01538797007
1.01669467937
1.01534691301
1.01670639297
1.01061997707
1.00884714861
1.01055710446
1.01067441204
1.00920605939
1.01085147409
1.00899321372
1.01240164392
1.01399835926
1.01272834452
1.01398019554
1.01257653373
1.01387997974
1.01252211569
1.01074785741
1.0093141292
1.01109990234
1.00927763632
1.01093204504
1.00908637213
1.01093158836
1.00297018958
1.001171462
1.0031330666
1.00332246766
1.00142983675
1.00338238458
1.00130852232
1.00542244774
1.00740093113
1.00578033522
1.00748331911
1.00558273378
1.00725931173
1.00562676441
1.00340197903
1.00134168136
1.00354630595
1.00151399691
1.00337863565
1.0013260747
1.00366016314
0.996186889041
0.996470504985
0.996180485499
0.995883937142
0.997031171946
0.998919034519
0.996616741038
0.999050370682
0.996877278997
0.999029173559
0.996812781557
0.995868049474
0.995148042557
0.995566537629
0.995557227793
0.0858139445163
0.0831109800436
0.0847713619011
0.0854887562744
0.0845676945549
0.0868812064099
0.0836515969417
0.0864719393078
0.0857530038706
0.0893567745583
0.0853110577134
0.0882137138911
0.0844648963296
0.087459061611
0.0755856673951
0.0720961394673
0.0752208943608
0.075226130058
0.0721687557851
0.0754469633693
0.0719980847137
0.078648178705
0.0830502688239
0.0801142133917
0.0826891828842
0.079479839738
0.0819593206225
0.0790800479323
0.0755522673483
0.0725799650678
0.0763750980534
0.072416080868
0.0760803371465
0.0721902718256
0.0758362211687
0.0618524764028
0.0585975839534
0.061974156034
0.0618646293724
0.0582877675729
0.0615878412154
0.0585039235021
0.0654234526492
0.0688154242851
0.0654838493844
0.0689970723677
0.0653702116774
0.0688224458556
0.0655853169154
0.0619428661142
0.0583319505746
0.0616143436869
0.0586395378531
0.0616512678679
0.0585702847307
0.0620217133496
0.0487528040273
0.0457964682489
0.0488491030254
0.0488052156602
0.0457200624638
0.0486464637813
0.0457800020917
0.0519976268427
0.0548744406585
0.0517676193873
0.0552065633193
0.0517815159572
0.0551879043007
0.0520381906258
0.0488319470442
0.0457447677324
0.0485715255954
0.0459194750208
0.0486338821615
0.0458295736355
0.0488733422327
0.0368029602259
0.0336508828572
0.0367056988595
0.0367635665223
0.0339211417033
0.0368751573446
0.0337370721838
0.0398706189504
0.042766918614
0.0400884497055
0.0429087065257
0.0399530688909
0.0427978501711
0.0400403001518
0.0368623346455
0.0340825473642
0.0371140500469
0.0341148656263
0.0369956848746
0.0338655233206
0.0370608677014
0.0240800076133
0.0201712309709
0.0238412997907
0.0239246607934
0.0204784890369
0.0241439334646
0.0201822425425
0.027509671543
0.0309764688064
0.028049619208
0.0310292208892
0.0277597525432
0.0307597454116
0.0278236735869
0.0240635950339
0.0204315426498
0.0245520212246
0.0206662290418
0.0242559222598
0.0202428081842
0.024489243582
0.00750009893423
0.00224311853045
0.00235901876526
0.00696674905933
0.00220925540378
0.00680979229682
0.00724040166004
0.0115198087083
0.0162981936013
0.0117785470141
0.0163963860499
0.0118605477157
0.0160680677591
0.0115721265038
0.00235857648323
0.00222699755897
0.00221896682241
0.00679555206475
0.00697594041616
0.00709568363469
0.00678243378255
1.03562998266
1.02471506028
1.0353223515
1.0238874632
1.02250258905
1.02405108402
1.02222791565
1.02197004454
1.02115557597
1.02227105891
1.02291351078
1.02193717575
1.02108031995
1.02218031887
1.02456436925
1.03509274817
1.03517164509
1.02379279572
1.02198246026
1.02209953626
1.02373469043
1.02197404677
1.02294067383
1.02105869065
1.02209471208
1.02110483568
1.02216972215
1.02195766316
0.0119150946661
0.0181161142466
0.0117628402818
0.0165280806738
0.0118489937391
0.0184351835717
0.0117616972192
0.00222410045376
0.00229132341917
0.00220125850565
0.00678775291369
0.00692115336756
0.00680603388719
0.00688294951481
0.0119441295045
0.0166029889137
0.018647492865
0.0117886422361
0.0186122947784
0.011758736181
0.0119525523914
0.0022668582281
0.00217281453016
0.00218366209866
0.00678019883438
0.00687701629768
0.00686231518923
0.00677714119333
1.02197048204
1.02227142044
1.02115601867
1.02291378343
1.02193765233
1.02218060416
1.02108072994
1.02456460883
1.03509291737
1.03517195022
1.02379314201
1.02198258116
1.02209977479
1.02373490552
1.02197437171
1.0229409298
1.02209487806
1.02105893026
1.02216995259
1.0211051306
1.02195787237
0.00222422438424
0.00229140946008
0.00220138774939
0.00678810645681
0.00692165877451
0.00680648404987
0.0068833671861
0.0119448000413
0.0166038261425
0.0117892158066
0.0186483460792
0.0117593426712
0.0186131817973
0.011953173103
0.00226694740481
0.0021728710938
0.00218370022225
0.00678056138484
0.00687734280766
0.00686266515339
0.00677741213042
1.03504846328
1.02436321215
1.0350135202
1.02366808469
1.02193560447
1.02370139435
1.02188611908
1.02192673725
1.02106289796
1.02208473958
1.0227914319
1.02195329426
1.02102089486
1.02204106653
1.02433915296
1.03495155881
1.03498254256
1.02363612702
1.02183136301
1.02185542931
1.02359842397
1.0218937836
1.02275798952
1.02094779089
1.02197383049
1.02098618004
1.02200975279
1.02184646567
0.011968213848
0.0187142332475
0.0118241036641
0.0167153734504
0.0119655313208
0.0187305883352
0.0118398893477
0.00216522284121
0.00226731877289
0.0021601987858
0.00677372198308
0.0068930267271
0.00677675689286
0.0069004804134
0.0119629596149
0.0167170042415
0.0187108325032
0.0118265079218
0.0187306442753
0.0118388496562
0.01195527906
0.00226562483907
0.00215951904641
0.00215727843771
0.00676861664621
0.00689428134576
0.00689842768771
0.00676871864796
1.02192667977
1.02208477419
1.02106301108
1.02279145934
1.02195338778
1.02204103806
1.0210209546
1.02433892963
1.03495115826
1.03498221858
1.02363587559
1.02183109571
1.02185525231
1.02359806449
1.02189360602
1.02275794903
1.02197362599
1.02094769225
1.02200964533
1.0209861477
1.02184624779
0.00216525800208
0.00226741198433
0.00216024199049
0.0067738589905
0.00689334189672
0.00677697631433
0.00690071152293
0.0119632612349
0.0167174145428
0.0118267603911
0.0187112601921
0.0118391536655
0.0187310488197
0.0119555812381
0.00226567401206
0.00215958038172
0.00215729953709
0.00676877666012
0.00689448274903
0.00689862723077
0.00676890656063
1.03494245367
1.02441714952
1.0350003256
1.02356237988
1.02181323471
1.02356450659
1.02185616202
1.02170159141
1.02085882858
1.0219102759
1.02269029456
1.02177453748
1.02085601521
1.02187889094
1.02466055091
1.03594636089
1.02253904737
1.03527674652
1.02422247138
1.02371878824
1.02201691097
1.02109982783
1.02176169853
1.02216595664
1.02169330546
1.02263611916
1.02080710225
1.02183870591
0.0120507444199
0.0186680088151
0.0118148088956
0.0166708803473
0.0119631183946
0.0186861457203
0.0118576912593
0.00217222166563
0.00229549484589
0.00221360998823
0.00688493636718
0.00689771006246
0.00679021447067
0.0069507042308
0.0186938956224
0.0125258810482
0.0127374778629
0.0122900487183
0.0167368932316
0.0187211951448
0.012011413793
0.00236179933741
0.00244430266377
0.00747688108062
0.00230658186566
0.00761226124425
0.00712467444589
0.00710471627744
1.02170118146
1.02191000069
1.02085859931
1.02269000289
1.02177422896
1.02187855943
1.02085575462
1.02466007092
1.02253850985
1.03594581713
1.03527617299
1.02422185025
1.02371822204
1.02201641963
1.02176116033
1.02109930494
1.02216537734
1.02169277787
1.02263573319
1.02183828219
1.02080667681
0.00217230232487
0.00229556771531
0.00221366795386
0.00688514849799
0.00689791052246
0.00679044759143
0.00695083718855
0.0125259869233
0.0186941091925
0.0127375899799
0.0122902536738
0.016737138174
0.0120115944691
0.0187214550667
0.00236183433643
0.00747691989917
0.0024442876698
0.00230663431555
0.00761229325781
0.0071248008419
0.00710482904002
1.02700010468
1.02389260342
1.03664982924
1.02365695231
1.02607212606
1.02355178414
1.02327026237
1.02512384244
1.03608643623
1.02563306042
1.02323460744
1.02234058349
1.02269416086
1.02288297564
0.00264104374051
0.00975692485115
0.00280921253163
0.00821557224945
0.00265003558028
0.00796014578041
0.00995917100618
0.00254425707341
0.00279649576919
0.00261736262285
0.00796889784716
0.0100602603774
0.00778121459717
0.0101698916468
1.02480934074
1.03520120037
1.02463669551
1.02218674863
1.02211277127
1.02240035943
1.02192044289
1.02452817919
1.03515120641
1.02456710533
1.02212562276
1.02186567283
1.0220721796
1.02190621522
0.0025109119595
0.00259795311723
0.00246271064596
0.0076759608005
0.0101222475081
0.00778130675776
0.0100434960139
0.00242046883008
0.00255443182299
0.00242913557025
0.00764570644179
0.0100006485197
0.00762272888296
0.0100234788458
1.02452810582
1.03515103684
1.02456689757
1.0221254628
1.02186562503
1.02207209045
1.02190601708
1.02480899496
1.03520091201
1.02463650022
1.02218647608
1.02211242208
1.02240006431
1.02192021131
0.0024204734905
0.00255449008272
0.00242911745989
0.00764569943824
0.0100006984692
0.00762270785609
0.0100234095789
0.00251087280844
0.00259789229137
0.00246271402392
0.00767595232558
0.0101222703068
0.00778132723256
0.0100435440799
1.02512343891
1.03608591327
1.02563259188
1.02323417738
1.02234017932
1.02269374353
1.02288248237
1.02699947156
1.03664919057
1.02389190309
1.02607155647
1.0236563223
1.02355123097
1.02326965397
0.00254428866022
0.00279654222162
0.00261738367818
0.00796896722021
0.0100603757934
0.00778127179538
0.0101699425057
0.00264105421655
0.00280921712125
0.0097569497403
0.00265005378116
0.00821556450268
0.00796013317198
0.00995919353374
1.0241587192
1.03682749593
1.02694514801
1.02359150175
1.02369572902
1.02614021301
1.02376496397
1.03527475792
1.02223498024
1.02488167665
1.02199710997
1.02468159885
1.02227059171
1.0225282131
1.03520957543
1.02191147358
1.0245545933
1.02196449145
1.02460191716
1.02219050458
1.02212438748
1.03626752061
1.02251673524
1.02521621332
1.02313908918
1.02575036503
1.02346130846
1.02286956266
0.0479610784623
0.010707590212
0.00760325095675
0.0454530448018
0.429459197873
0.524044965295
0.424664712204
0.011249784949
-0.0719993418221
-0.076796895525
0.0578442846899
0.00579947416714
0.996391963046
0.999934845811
0.996825976574
0.996701709281
0.998680049424
0.996195615604
1.000035827
0.0807100619264
0.0832090190935
0.0787880368435
0.0790966729461
0.0859076750365
0.0812809665979
0.0837690063988
0.00394011194538
0.0428599688131
0.00433952699691
0.0425032323914
0.416643737169
0.51599780075
0.415834892552
-0.082525787199
-0.000700595957342
0.0495421932468
-0.082032146714
-0.00131316414521
0.996652924125
0.996137493753
1.00026101666
0.99894691645
0.99663445043
0.996160389316
1.00030238708
0.0798757829178
0.0821026477299
0.0845995748024
0.0867791810773
0.0798369124388
0.0821342987617
0.0846194331637
0.00517726325171
0.0426027854189
0.00426340855873
0.0432545741551
0.418305884921
0.520684650379
0.420955451229
-0.0800335618837
6.36614683294e-05
0.0539191419545
-0.0817351602528
0.00228938439997
0.996781221507
0.996195704174
1.00026344391
0.998870245103
0.996708985736
0.996270677033
1.0002382172
0.0791361361201
0.0817389530754
0.0840080296208
0.0857151679886
0.0794765509293
0.0813962525766
0.0835381187574
1.03626713903
1.02251647176
1.02521595781
1.0231387261
1.02575000657
1.02346102767
1.02286930773
0.00936918692537
0.00273170166903
0.00249827057601
0.00967753014041
0.00784241413638
0.00257788516967
0.00774804527349
0.00274477788055
0.00994799680585
0.00252110363279
0.0100011493712
0.00257701677132
0.00785682848435
0.00770894049776
1.0352093498
1.02191139559
1.02455451237
1.02196427842
1.02460169092
1.02219036906
1.02212428369
0.00258432607884
0.0100644907331
0.00249925835407
0.0100114549945
0.00245715398549
0.00766335541735
0.00775263556067
0.00254630712051
0.00999592143321
0.00241970891553
0.0100116662316
0.00242680470753
0.00764709359944
0.00762809185943
1.03527500417
1.02223524603
1.02488194809
1.02199732505
1.02468182639
1.02227081798
1.0225284461
0.00254636915434
0.00999598566739
0.00241969950913
0.0100116649694
0.00242679990142
0.00764712817706
0.00762808041568
0.00258428542326
0.0100646286534
0.00249930606693
0.0100116449589
0.0024571700836
0.00766349178015
0.00775282636851
1.03682786191
1.02415907988
1.02694547943
1.02359182015
1.02614050036
1.02369605649
1.02376523997
0.00274495039142
0.00994829965847
0.00252113690298
0.010001465705
0.0025771176804
0.007857140545
0.00770917867807
0.00273189136475
0.00936980209959
0.00249848726439
0.00967808761475
0.00257805431708
0.00784300506475
0.00774850026532
0.99993314653
0.996390319961
0.996824106053
0.996699991259
0.998678606154
1.00003420642
0.996194083166
0.996646229365
0.998759202981
1.00019147571
0.996099632094
1.00013647313
0.996126056107
0.996619226159
0.0859960874169
0.0903843352235
0.0883382719032
0.089064694331
0.0887707383585
0.086627656538
0.0910397396172
0.0894855300327
0.0890992541349
0.0872783370674
0.0914788025803
0.0870265919721
0.0913165436987
0.089732896419
0.0832078322133
0.0807091511001
0.0787870442519
0.079095783063
0.085906771572
0.083767876548
0.0812801559588
0.0794281346978
0.0863884093316
0.0844669120676
0.0819747070792
0.0841865568741
0.0817055363124
0.0796900766878
0.84804663355
0.967491965837
0.967313778844
0.65450356328
0.846654420545
0.966871036064
0.651898907136
0.84492706345
0.845671858875
0.966506730928
0.429459316322
0.524045004636
0.424664875348
0.321953002136
0.200142921023
0.317063496524
0.520593268665
0.418312441613
0.420959410149
0.196329484347
0.310577953084
0.313284693759
0.0112497599753
-0.0719994496243
-0.0767970037805
0.0578442059391
0.00579939882796
0.00611743767705
0.0433004343104
0.0443083267898
0.00488261906849
-0.0794671886784
0.0541914041568
0.000346224400241
0.00258136727926
-0.0812672710195
0.848046737688
0.967492225475
0.96731404085
0.654503743537
0.846654525151
0.966871264669
0.651899002638
0.844927152554
0.84567201916
0.966506964665
0.321953007614
0.200142900005
0.317063304707
0.52059318273
0.418312461382
0.420959256859
0.196329304767
0.310578129498
0.31328465921
0.0479614203853
0.010707780923
0.0076033588006
0.0454531876816
-0.0794670321762
0.0541914445324
0.000346300935823
0.00258156898236
-0.0812671820828
0.00611760747063
0.0433004802615
0.0443085427169
0.00488262159604
0.996647851767
0.998760556216
0.996100931233
1.00019278896
0.996127506775
1.00013801702
0.996620725501
0.0903855262773
0.0859973248695
0.0883395800545
0.0890658921159
0.088771756796
0.0910408333597
0.0866287904843
0.0894866563544
0.0891001161975
0.0914794914684
0.0872791362264
0.0913174394815
0.0870276312675
0.0897337159389
0.0794289262152
0.0863891865833
0.0819752023527
0.0844676874239
0.0817062037064
0.0841875718796
0.0796906809746
0.996651773081
1.00025975682
0.996136311339
0.998945905006
0.996633132243
1.00030126952
0.996159322709
0.996668890622
0.998960131002
1.0002995272
0.996194175927
1.00031480303
0.996177095227
0.996686726814
0.0897914787731
0.087373556884
0.091494363265
0.0893185977433
0.089813587876
0.0873671039752
0.091456509191
0.0896470520943
0.0891922281616
0.0869956985923
0.0910461157742
0.0872433742655
0.0913098640063
0.0893710672079
0.0798757250055
0.0845990860392
0.0821023789572
0.0867790725932
0.079836610788
0.0846193423125
0.0821342298924
0.0798337311203
0.0866872581206
0.0843276557988
0.0819534342055
0.0845305399905
0.0820859043251
0.0796992081748
0.966182155428
0.844508456284
0.648559731185
0.966285726764
0.844299534777
0.966207218029
0.648585147711
0.84458038649
0.844324940801
0.966355919034
0.416643787294
0.515997800156
0.415834896248
0.308858076967
0.191175809385
0.308015778323
0.516010650563
0.41663834648
0.415832586507
0.191144110871
0.308810752971
0.307999004487
-0.0825257714652
-0.000700597407254
0.0495421070648
-0.0820322307394
-0.00131309354409
0.00381960795963
0.0424825098694
0.0423711444872
0.00399850648101
-0.0826347267251
0.0494839940076
-0.000879642915948
-0.00138956665672
-0.0823042107965
0.966182335798
0.844508471882
0.648559761897
0.966285973881
0.84429965801
0.966207393957
0.648585133056
0.844580392123
0.844325062666
0.966355970491
0.308858320944
0.191176050513
0.308015970047
0.516010595631
0.416638324312
0.415832502127
0.191144154077
0.308811018093
0.307999116623
0.00394000528772
0.0428600586165
0.00433942085918
0.0425031290579
-0.082634497636
0.0494839644678
-0.000879604437107
-0.00138935721004
-0.0823041527383
0.00381954526811
0.0424823281079
0.0423710090461
0.00399829971693
0.996669920625
0.998961032801
0.996194933855
1.00030038232
0.996178050835
1.00031578132
0.996687585818
0.0897918852956
0.091494810797
0.0873740733069
0.0893187507728
0.0898142025281
0.0914568473166
0.0873674437924
0.0896472655355
0.0891922127761
0.0910459979288
0.0869955637269
0.0913100664076
0.0872435615765
0.0893711549193
0.0798335593665
0.0866872041052
0.0819531408287
0.084327428132
0.0820858392297
0.084530525527
0.0796989054136
0.996780708141
1.00026268999
0.996195055266
0.998869712977
0.99670829667
1.00023766157
0.99627016934
1.00025846718
0.996622333267
0.997096879673
0.996896555821
0.998840979821
1.00021393774
0.996383115952
0.0883944541641
0.0866252808955
0.0906765683995
0.0880911402568
0.0889674801034
0.0860930200622
0.0901346868277
0.0847132357819
0.0887604399825
0.0869193633658
0.0877190901445
0.0874811627993
0.0854582935372
0.0895087888876
0.0791366359779
0.084008360169
0.0817393687553
0.0857156198701
0.0794771203835
0.0835386108025
0.0813967163968
0.0822764143933
0.0803704338908
0.078196668472
0.0787075782336
0.0851029035174
0.0829533650361
0.0809295742476
0.967026556692
0.845047029786
0.652068506589
0.966623442672
0.845833719648
0.848276651489
0.96770873228
0.967504804975
0.654716685308
0.846855430331
0.418306063765
0.52068489606
0.420955534709
0.310506393179
0.196178852908
0.31319923956
0.429476615546
0.524162400068
0.424667890301
0.32187465552
0.199988151486
0.316973583063
-0.0800335603482
6.36905281626e-05
0.0539194214433
-0.08173516889
0.00228957379284
0.0480048132932
0.00935958370992
0.00656810594189
0.0443511967824
0.0107793999258
-0.0725982763183
-0.0771596725554
0.0575760579638
0.00562280188041
0.967026565614
0.845047044102
0.652068498696
0.966623448145
0.845833755983
0.848276770309
0.967708972728
0.967504940119
0.654716541042
0.846855488294
0.310506582708
0.196179083083
0.313199304986
0.429476611621
0.524162388795
0.424667898738
0.321874535067
0.19998798914
0.3169736413
0.00517706520369
0.0426025066245
0.00426322446473
0.043254220357
0.0107796094081
-0.0725983861482
-0.0771596511164
0.0575759493706
0.00562281076814
0.0480045647145
0.00935948945405
0.00656800243988
0.0443509430016
0.996622560638
1.00025882243
0.997097131477
0.996896939895
0.998841380056
0.996383465807
1.00021436372
0.0883941709355
0.0906764424151
0.0866250593193
0.0880908132152
0.0889672692425
0.0901344657453
0.0860926387641
0.0887598206478
0.0847124745546
0.0869185579611
0.0877185792103
0.0874807043083
0.0895083287529
0.0854577387669
0.0803698068917
0.0822756915569
0.0781960171973
0.0787070270881
0.0851023700731
0.0809290215645
0.0829528544435
0.987775445086
0.994678484205
0.979051622278
0.998482323767
0.987692957208
0.994784010208
0.978894209182
0.987166857642
0.980871950696
0.998639563178
0.998078055767
0.983253584874
0.98644640552
0.980430996793
0.979051825581
0.998180892424
0.987776058407
0.994784186443
0.978894372013
0.998482824891
0.987693435328
0.979785041207
0.981833393646
0.978954680042
0.987912596269
0.995221486306
0.979025414803
0.99900888296
0.987947957913
0.995238036978
0.979054709909
0.997141732293
0.985569862859
0.980087249377
0.982910260525
0.99717454014
0.985540950754
0.98009951434
0.979025530244
0.998987526592
0.987912956123
0.995238144217
0.979054820197
0.99900918518
0.987948238018
0.978029204857
0.980931358678
0.978002083178
0.987798930272
0.994831674063
0.978984083048
0.998290059184
0.987943960725
0.994765263852
0.97919738001
0.99773113505
0.985800152513
0.980175626417
0.983176825746
0.99740936628
0.986146489844
0.980336435657
0.978984158283
0.998545877307
0.987799173786
0.994765316663
0.979197408999
0.998290228715
0.98794412448
0.97829103068
0.981527921016
0.978643692786
0.99878881318
0.987899555057
0.981177264623
0.985220962301
0.999210977616
0.988575432168
0.981875780932
0.981066432949
0.985140262231
0.982510723434
0.992421709477
0.993918673409
0.98886936636
0.990956953121
0.991512507456
0.994569128507
0.98998577453
0.981066381697
0.985140312663
0.982510721137
0.998788733863
0.981177301318
0.987899503026
0.985220877072
0.999210996815
0.981875816914
0.988575322256
0.992421941719
0.988869507907
0.993918826169
0.990957224078
0.991512660829
0.989985820788
0.994569466545
0.992105933087
0.990655616818
0.993651049472
0.9885566487
0.994266544434
0.989646766797
0.991226449081
0.984816935444
0.980760232096
0.982186102961
0.992107410603
0.990657231854
0.988558081138
0.993652621535
0.989648283697
0.994268203462
0.991227872084
0.984818017716
0.980761393449
0.98218748149
0.994838896304
0.995371092643
0.995168100688
0.994566768286
0.995044036177
0.994341302143
0.994410320649
0.994978739912
0.993426991555
0.987869176311
0.990960561784
0.990638979278
0.988795961338
0.993150593972
0.987274166129
0.984620473565
0.988617063387
0.990132906491
0.989832910345
0.984671920233
0.983953540725
0.988271605603
0.990557890602
0.988531478591
0.993013279438
0.986785801684
0.99304403064
0.98695222051
0.990552729564
0.989866164352
0.984355344068
0.983448074254
0.98828644734
0.983616683774
0.988286550918
0.989903200733
0.979783906115
0.981832488909
0.978953570656
0.981326986986
0.978137242896
0.978436123993
0.99757268533
0.983007978526
0.985665940954
0.980065901464
0.985964984187
0.980189127164
0.997291536486
0.980872383354
0.987167437772
0.998639953505
0.998078446554
0.983254213607
0.980431410142
0.986446919066
0.997572930054
0.98300847266
0.980066117604
0.985666018574
0.980189451928
0.985965306897
0.997291633772
0.988618001885
0.984621640697
0.990134091293
0.989833981989
0.984672793836
0.98827249165
0.983954684763
0.987870483061
0.993428391587
0.990961866621
0.990640204188
0.988797284145
0.987275394164
0.993151959092
0.989867170315
0.984356113611
0.988287173015
0.98344892112
0.98828738725
0.983617791803
0.989904188681
0.990559064886
0.988532707658
0.986786874597
0.99301445793
0.986953305068
0.993045289112
0.990553787026
0.981327731727
0.978138046342
0.978437187466
0.994840581025
0.995372888629
0.99516981416
0.994568309289
0.995045637161
0.994342606558
0.994411795952
0.994980117901
0.994971024883
0.994329536165
0.994962557955
0.994342342141
0.994994195235
0.994404881538
0.994367011885
0.995034254402
0.990658649166
0.993034844892
0.986745281839
0.988372622533
0.990611614759
0.993065631276
0.98674912297
0.990095210247
0.983424368036
0.988436310932
0.984210398406
0.990030869126
0.983433648626
0.988493936193
0.990683984253
0.988400801289
0.993106214774
0.986835124452
0.993090174518
0.986779066968
0.990684679313
0.990118648901
0.984235736394
0.983510299586
0.988498569861
0.983462503342
0.988514661788
0.990099269614
0.978028561302
0.980931004187
0.978001497828
0.980961482181
0.978123045927
0.97803309775
0.997166856962
0.982936391929
0.985652481803
0.980152024142
0.985569014694
0.980122851595
0.997245909413
0.997141795457
0.980087421819
0.985569852589
0.982910472847
0.997174557672
0.980099627769
0.985541014293
0.997166894816
0.982936659533
0.980152144439
0.985652619483
0.980122999889
0.985569145032
0.997246014666
0.990095966742
0.988436958177
0.983425151337
0.984210835785
0.990031718437
0.988494506205
0.983434409586
0.990659571104
0.986746241246
0.993035954242
0.988373648647
0.990612632708
0.986750044701
0.993066602254
0.990119337403
0.984236143084
0.988499016493
0.983510793952
0.988515253106
0.983463274093
0.990099972162
0.990684795269
0.988401742245
0.986835858287
0.993106966948
0.986779903927
0.993091091378
0.990685391274
0.98096182493
0.978123526174
0.978033705622
0.994972127546
0.994330725146
0.99496381945
0.994343392522
0.994995159295
0.994405634261
0.994367958054
0.995035013978
0.995225818626
0.994469751007
0.995101194453
0.99459655764
0.995108467038
0.995673238005
0.995413474706
0.994805619151
0.990729936611
0.993136187509
0.986934915533
0.988721470017
0.990679364232
0.993211980147
0.987156095065
0.990025134522
0.983590063939
0.988391901982
0.984529819413
0.990020197805
0.983809713064
0.988432453525
0.993653597852
0.988145139709
0.99119786916
0.99085891126
0.9890258975
0.993364575241
0.987524546595
0.984881525617
0.988826131604
0.990351103285
0.990033307949
0.984885644314
0.984189185775
0.988455677517
0.978290683738
0.981527747483
0.978643376499
0.980064521761
0.982077668743
0.979203924786
0.987419190594
0.981083228989
0.998862485581
0.998273560909
0.983462740847
0.986668141815
0.980616193294
0.997731244314
0.980175782516
0.985800312434
0.983177007755
0.997409499734
0.980336497455
0.986146601737
0.981083337761
0.987419115942
0.998862501874
0.998273600866
0.983462880056
0.980616277612
0.986668200677
0.990025559381
0.98839235024
0.983590517453
0.98453006599
0.990020719672
0.98843276295
0.983810100903
0.990730428881
0.986935531812
0.993136861335
0.988722008172
0.990679996402
0.987156624906
0.99321247946
0.988826365316
0.984881701291
0.990351344259
0.990033608071
0.984885803438
0.988455930615
0.984189535488
0.988145409964
0.993653816246
0.991198091958
0.990859257088
0.989026289825
0.987524919068
0.993364882311
0.980064606527
0.982077811014
0.979204170695
0.995226259651
0.99447037873
0.995101791599
0.994597009509
0.995108614201
0.995673427117
0.99541379254
0.9948059443
)
;

boundaryField
{
    walls
    {
        type            zeroGradient;
    }
    inlet0
    {
        type            zeroGradient;
    }
    inlet1
    {
        type            fixedValue;
        value           uniform 0;
    }
}


// ************************************************************************* //
