/*--------------------------------*- C++ -*----------------------------------*\
  =========                 |
  \\      /  F ield         | OpenFOAM: The Open Source CFD Toolbox
   \\    /   O peration     | Website:  https://openfoam.org
    \\  /    A nd           | Version:  7
     \\/     M anipulation  |
\*---------------------------------------------------------------------------*/
FoamFile
{
    version     2.0;
    format      ascii;
    class       volScalarField;
    location    "1";
    object      p;
}
// * * * * * * * * * * * * * * * * * * * * * * * * * * * * * * * * * * * * * //

dimensions      [0 2 -2 0 0 0 0];

internalField   nonuniform List<scalar> 
5218
(
6.08576698416
5.96959591969
5.9203630428
5.87881458794
5.83985288627
5.80614657088
0.239206469881
0.211653193697
0.176329204704
0.138525179456
0.0975797006988
0.0526290091106
6.0578327327
5.96165220206
5.9171715045
5.87651056852
5.83253106998
5.76958480903
5.69555261701
0.269895476196
0.219071136253
0.17841253955
0.140006528582
0.100079604664
0.055944004075
6.05250165778
5.95942076917
5.91611973342
5.87570564595
5.82959636959
5.75239902293
5.56910192138
3.95393442334
1.28743228449
0.296288898455
0.222593188635
0.179162764837
0.140498222963
0.100914186438
0.0568547189578
6.06162444577
5.96565327905
5.91891926373
5.87772940233
5.83654496717
5.79230666721
5.72525712194
0.250001354661
0.214829219655
0.177292527909
0.139190491336
0.0986251847612
0.0543179109665
6.10152480276
5.98102381748
5.92660970137
5.88417840636
5.84555347988
5.81313499881
0.238219690501
0.214415809852
0.180445751331
0.143093101755
0.102554853618
0.0562879113859
6.02500927189
5.96462637245
5.91858421501
5.87940899438
5.84341977695
5.81183591108
0.237968359004
0.209821211008
0.175896790153
0.139056258042
0.0990688033745
0.0468100967096
6.00360904721
5.93760314374
5.90352371089
5.8675910373
5.83004369383
5.7850512608
5.70309473636
0.24681085356
0.206777574912
0.169340145474
0.132985119936
0.0976588444003
0.0549171077883
5.99912938616
5.93760326098
5.90352382042
5.86759116027
5.83004368921
5.77001793588
5.57951001357
3.95665821686
1.25237877629
0.246810709432
0.206777511563
0.169340278104
0.132985265412
0.0976589230105
0.0570508490125
6.01280954383
5.95982304642
5.91626961293
5.87798301594
5.84056645058
5.80016839833
5.73166158541
0.246825438383
0.21326306996
0.177223035964
0.140264007836
0.101428892197
0.0484646913056
6.06125633903
5.96212913248
5.91931575221
5.88035529224
5.84611854223
5.81984691114
0.236978702716
0.207193764216
0.175025573857
0.138541568616
0.0995576167829
0.0578447935335
6.01794741387
5.96059097952
5.91723927112
5.8798042653
5.84571529815
5.81590957943
0.235932792805
0.208521134087
0.175546494499
0.139409624167
0.100244182985
0.0474411581976
5.99580525469
5.9353942369
5.90291300531
5.86812765768
5.83237904373
5.79218929999
5.70994727844
0.243590826983
0.20586122395
0.169249948622
0.133448000396
0.0990031772327
0.0572529125184
5.99090448237
5.93539432208
5.90291314064
5.86812777575
5.83237916583
5.77812079536
5.58549161059
3.95615835128
1.23473404133
0.243590772807
0.205861189504
0.169250036744
0.133448151083
0.0990032951589
0.0599156601185
6.00568277301
5.95548113977
5.91462927532
5.87822581715
5.8430278909
5.8052601507
5.73801698059
0.243417178888
0.211913469379
0.1769631936
0.140770410203
0.102994785199
0.0494452326542
6.05197904997
5.95804076002
5.91824195971
5.88076753868
5.84811615247
5.82450270415
0.235050330267
0.205952780527
0.174643878907
0.138760630175
0.100634053411
0.0600757587469
6.01885502416
5.96140542843
5.91767787194
5.87988172522
5.84540771069
5.81516462518
0.236258815133
0.208556722221
0.175429148828
0.139179296066
0.0998966083674
0.0474230645277
5.9976364353
5.93730974277
5.903480287
5.86774328889
5.83035545359
5.79039018427
5.7092280412
0.246363058183
0.2065184387
0.169200689925
0.132943446517
0.0977010395856
0.0565134021569
5.99299497945
5.93730989072
5.90348045101
5.86774342315
5.83035554581
5.77601309484
5.58384313818
3.95720589699
1.23797140272
0.246362894451
0.206518391466
0.169200776457
0.132943546848
0.0977011222735
0.0589996766061
6.00704952256
5.95646135188
5.91509513917
5.87825913439
5.84252158582
5.80406819126
5.73740065854
0.244200753581
0.212108669655
0.176881424931
0.140518328532
0.102504354416
0.049194054339
6.05172139029
5.95891310375
5.91868286326
5.88086687027
5.84791853403
5.82445174383
0.234997194516
0.205919557497
0.17451389748
0.138539457508
0.100278244229
0.0600753086722
6.02774616174
5.96651402447
5.91958238034
5.87975171536
5.84303608145
5.81047697941
0.237788987422
0.209469058935
0.175437939323
0.138466966896
0.0982378429674
0.0490556259418
6.01092478411
5.95779763094
5.91554415956
5.87708042502
5.83641660037
5.77533354204
5.70120721777
0.263353981919
0.216963112991
0.177980500102
0.14052223001
0.101984729434
0.0512712219596
6.00743587822
5.9553173635
5.91438859011
5.87628598497
5.83403574488
5.75877015848
5.57504575815
3.95916228731
1.27017452781
0.28870288584
0.220101554687
0.178700015342
0.141042932853
0.103023063734
0.0523949170672
6.01781460195
5.96291507384
5.91775252281
5.87833466566
5.83931939237
5.79660081823
5.73030795482
0.247318359757
0.213147183028
0.176726289788
0.139408373358
0.0995461088924
0.0490904538323
6.05724098122
5.96712176151
5.92039374989
5.88069825373
5.84597201679
5.82080045159
0.236303815958
0.206818328481
0.174602587498
0.138001325259
0.0982560848724
0.0535372633398
6.05724077909
5.99749887457
6.09299566155
5.99381194129
5.96712115705
5.94246789585
5.97695620828
5.93742261315
5.92039313847
5.89994953728
5.92603196525
5.89479671747
5.88069780048
5.86255963695
5.88485716763
5.85668067999
5.8459719618
5.83211822677
5.84755546469
5.82306301466
5.8208011449
5.8159936157
0.240500995081
0.239475916907
0.236305465484
0.219380170559
0.236821227915
0.219874374887
0.206819182649
0.191519324451
0.212510745575
0.188315476453
0.174602625773
0.156688824387
0.179496312271
0.152296066191
0.138000944032
0.118554525656
0.14276702883
0.113359695333
0.0982556890448
0.0769539162902
0.102971528602
0.0702333225494
0.0535365591428
0.0085815341915
0.05835953478
0.00885409641601
5.79586035956
5.79660146775
5.7435949771
5.80821500547
5.79309827468
5.79373229715
5.7393766262
5.73030850214
5.72637844085
0.245985423605
0.258645733181
0.241407552074
0.269594892926
5.57504606343
4.63265917094
5.69656188204
5.57006929943
4.62413377772
3.95916213415
1.9416995379
3.95718735853
1.95709962981
0.275249034303
1.27017487189
0.370813971131
0.291096048521
1.29504293898
0.387941414102
4.6326587329
5.7012069204
5.57006926858
4.6241340004
5.69656153133
1.94169974874
3.95718777211
1.95709946302
0.370813729233
0.275247628611
1.29504269058
0.387940924461
0.291094126794
5.74359486142
5.81047654947
5.79585956295
5.79373159192
5.73937589526
5.80821424372
5.79309657674
5.7263783333
0.258644686888
0.245983748457
0.269593276116
0.241406061521
5.99749938037
6.09299564239
5.9938123716
5.94246872216
5.9769569076
5.93742282539
5.8999501375
5.92603201544
5.89479700524
5.86256014312
5.88485760944
5.85668135556
5.83211781928
5.84755578892
5.82306254323
5.81599317908
0.240499262117
0.239475113153
0.219378972363
0.236819397067
0.21987320991
0.191518921479
0.212509738757
0.188315145248
0.15668904643
0.179495973656
0.152296107449
0.118555026035
0.142767051909
0.113359823261
0.0769544142354
0.102971496908
0.0702337938163
0.00858177269204
0.0583601646055
0.00885422741065
6.10152461221
5.99934507144
6.06634746252
5.99346861568
5.98102283617
5.93848712129
5.97519278892
5.93649866129
5.92660851713
5.8943710148
5.92505862579
5.89447322776
5.88417689492
5.8550462666
5.88439352337
5.85685554309
5.84555260779
5.82007704719
5.84776225864
5.82439925241
5.81313534428
5.81704975865
0.240557163141
0.240367582022
0.238220826673
0.221967846469
0.237346701767
0.219780412318
0.214416538506
0.189451246087
0.212504631922
0.188793142726
0.180445356188
0.152745390196
0.179786315961
0.15287385573
0.143091983107
0.113167363932
0.143115962726
0.114064170812
0.102552674711
0.0685772931006
0.103454958254
0.0701336390063
0.0562872209385
0.00819985337362
0.0556773660942
0.00745811874581
5.79119139883
5.79230701982
5.73822219695
5.80832644774
5.79420281288
5.79527989653
5.74262737642
5.72525750939
5.72936978188
0.242570533697
0.271104944773
0.242477069742
0.269865292079
5.56910215132
4.6218733998
5.70036417115
5.57418854678
4.63078253185
3.95393433983
1.95045812866
3.95644819398
1.93548609633
0.29059754828
1.28743248949
0.380990922795
0.305768262443
1.26181001715
0.360231174667
4.62187323014
5.69555148979
5.57418848791
4.63078246012
5.70036378634
1.95045823846
3.95644864522
1.93548603112
0.380990927488
0.290596821629
1.26181013104
0.36023117993
0.305767901332
5.73822171554
5.80614623814
5.79119081015
5.79527957469
5.74262673113
5.80832609552
5.7942018402
5.72936932742
0.271104080577
0.242569004258
0.269864754077
0.242475525403
5.9993457422
6.06634743783
5.99346920429
5.93848826871
5.97519364578
5.93650007991
5.89437272608
5.92506031358
5.8944750172
5.85504721113
5.88439536228
5.85685669712
5.82007726456
5.8477632983
5.82439947005
5.81704940938
0.240555980435
0.240365849397
0.221967477215
0.237344819908
0.21977925702
0.189451573983
0.212503815662
0.188792843413
0.152746240073
0.179786263441
0.152874749599
0.11316933165
0.143117023852
0.114065489132
0.0685781678842
0.103456362587
0.0701344118756
0.00819988936312
0.0556776721246
0.00745822189978
6.06125632505
5.98853152243
6.05322696395
5.9821897561
0.0578440170228
0.00739501119586
0.0598655270238
0.00746124622876
5.98853224951
6.05322687836
5.98219045156
0.0073952034167
0.0598657977439
0.00746140267692
6.05197885788
5.98128277456
6.05114896542
5.98082052519
0.0600754548927
0.00748279313213
0.0601800780846
0.00751454897566
5.98128354153
6.05114953931
5.98082107168
0.00748297885667
0.0601804774604
0.00751451679304
6.05172085591
5.98137907155
6.05495626679
5.9857426422
0.0600746478969
0.00752739991222
0.0592225415622
0.00801232228096
5.98137936533
6.05495636939
5.98574323669
0.00752725733646
0.0592232033621
0.00801257163778
5.99517798964
6.017814373
5.98976213781
6.0793440727
5.99535536474
6.0590834237
5.98956516077
5.94164255156
5.96291474464
5.93897407849
5.96734731282
5.94247132286
5.96413558169
5.94040930934
5.89915910546
5.91775218142
5.8977277206
5.92006194736
5.89928404904
5.91863642888
5.89811689663
5.86104531858
5.87833442744
5.85900089678
5.87949243064
5.86028503963
5.87820130021
5.85825469358
5.82605559967
5.83931969997
5.81844408043
5.84155147033
5.82369526709
5.83769115488
5.81597531312
0.224501575216
0.247319354978
0.230869847243
0.237915392428
0.225640190123
0.248656221218
0.232093285182
0.192943821377
0.21314795005
0.195043956441
0.210284053482
0.193374596475
0.213873218914
0.195336789709
0.157260837374
0.176726456419
0.158226943735
0.175608330234
0.157246808059
0.176754605502
0.158043971424
0.11891883072
0.13940826048
0.120004671365
0.138300454526
0.118625789385
0.139016031794
0.119402723639
0.0755192161058
0.0995461442334
0.0764793553736
0.0979778705411
0.0762222142935
0.0988677763929
0.0771187769431
0.016683809204
0.049090349927
0.0165342298392
0.0539485306453
0.00962362247059
0.0549640299539
0.0103327619852
5.98374179677
6.00743584199
5.98062153544
6.05586667187
5.98488854938
6.05125314022
5.98235712261
5.72669219855
5.75877037878
5.68903463438
5.7705908595
5.72293571638
5.75323312494
5.68473897584
0.0171654840178
0.0523949056961
0.0175579785239
0.0562599230161
0.0104652213999
0.0570414100793
0.0106885007548
5.9806216154
6.01092513966
5.98374211222
6.05125333065
5.98235722144
6.05586653202
5.98488883774
5.68903446176
5.77533344188
5.72669192336
5.75323309586
5.68473885683
5.77059066492
5.72293528379
0.0175579614227
0.0512712291928
0.0171655512089
0.0570413798675
0.0106885751466
0.0562598432805
0.0104650751408
5.9897624511
6.02774641898
5.99517842877
6.05908302211
5.98956532892
6.07934413224
5.99535566332
5.93897458403
5.96651457822
5.94164314909
5.96413595092
5.94040973448
5.96734776822
5.9424717953
5.89772828523
5.91958306517
5.89915958439
5.9186369363
5.89811730371
5.92006246669
5.89928466367
5.85900123198
5.87975233315
5.86104576159
5.87820169106
5.85825511405
5.87949312309
5.86028568974
5.81844371085
5.84303622466
5.82605550703
5.83769102589
5.81597514718
5.84155164763
5.82369507911
0.230869079378
0.237787924989
0.224500563562
0.248655030779
0.232092307172
0.237914506039
0.225638932893
0.195043659778
0.209468216339
0.192943567054
0.213872274825
0.195336406167
0.210283311226
0.19337436394
0.158227175737
0.175437889588
0.157261085543
0.176754479369
0.158044034354
0.175608371781
0.157247059101
0.120004935161
0.138467332243
0.118919240381
0.139016244305
0.119402987864
0.138300848872
0.118626079906
0.076479318917
0.0982380526741
0.0755194184872
0.0988677094347
0.0771186196481
0.0979778314591
0.0762223094316
0.0165342824199
0.04905594946
0.0166840172462
0.0549638675611
0.0103326669844
0.0539487591504
0.00962373284313
6.05300934994
6.08019644458
6.10485989732
6.05203322747
6.09395907702
6.04512890063
6.0600850521
6.0190439719
5.99210139673
5.99762679045
6.0180649363
5.9945326846
6.01412512821
6.02392620508
5.96230993956
5.97573912469
5.97866428861
5.9623642605
5.97707941295
5.96187687863
5.96327058008
5.94936197695
5.93732963402
5.93777354554
5.94936926724
5.93745388381
5.94884365772
5.94991817039
5.91547563809
5.92576489688
5.92636475466
5.91530777355
5.92614865088
5.9153811071
5.91555749198
5.90505924331
5.89499282231
5.89506083491
5.90480469807
5.89512272495
5.90468792602
5.90511267951
5.87592622375
5.88487658106
5.88523068508
5.87533042311
5.88532117201
5.87566802366
5.87570958969
5.86664849028
5.85726200096
5.85736211721
5.86577867092
5.85781485634
5.86600276171
5.86636682082
5.84122741451
5.84813923947
5.84861017644
5.83904935991
5.84923614844
5.84007540567
5.8403297088
5.83376437025
5.82468481193
5.82524219578
5.83060199484
5.82675486581
5.83186377798
5.83247039355
5.81471392973
5.81728661568
5.81874543372
5.81082880077
5.82005654545
5.8116685448
5.81387167432
5.81192936559
5.80812740386
5.8086849915
5.81130597454
0.239984767876
0.239721914326
0.238150495532
0.241307613448
0.238203049813
0.241608601493
0.239811774983
0.22965349027
0.236633129689
0.235104503482
0.232292865849
0.234814742265
0.231550284041
0.230479896556
0.223697390971
0.219011962654
0.218411713989
0.226340071897
0.217511791
0.225221431266
0.224746166398
0.203606583926
0.2117666579
0.211457164598
0.204928101206
0.210836188625
0.204536006984
0.204025561222
0.195743296087
0.188178705978
0.187796296342
0.196654532759
0.187605726921
0.196217076176
0.196062000284
0.170290647161
0.179214625728
0.179168785695
0.170677340777
0.179003541451
0.170671771902
0.170360937996
0.161203132783
0.15237587442
0.152079518464
0.161474895527
0.152082500087
0.161285299654
0.161282779862
0.133125160638
0.142633576936
0.1426345412
0.133233420002
0.142619947593
0.133373971359
0.133059099821
0.123267784722
0.113575651456
0.113217453394
0.123316856625
0.113355970443
0.123242454947
0.123219103861
0.0926240952583
0.102972069569
0.10290652134
0.0924793139696
0.103056602053
0.0927985845381
0.0923580526845
0.0817431421609
0.0707048699182
0.0699029258857
0.0814897438716
0.0704304756662
0.0816175455794
0.0813851859429
0.0442753741248
0.0585937588158
0.0574771794507
0.0444756581987
0.0582736888216
0.0451705893504
0.0432043920719
0.0272738116731
0.00875622173104
0.00858213458441
0.0274836426594
0.00877370384676
0.0275328510541
0.0263552141114
5.79328169925
5.79359646399
5.80215055917
5.78258932282
5.80249943466
5.78306706468
5.79298366799
5.72700447806
5.74525844859
5.74594235302
0.250059775288
0.24193394277
0.244359967317
0.246382764638
0.24449383449
0.246513262754
0.250509207855
5.61577148648
5.69675713283
5.65711299984
5.65437285836
5.65831753421
5.65557095813
5.61328945158
5.43082546193
4.62636379926
5.22827640264
5.22307632967
5.43591491904
3.95784254881
3.28953726761
3.28902378961
1.95403601908
2.62243892751
2.6207953813
0.391226294541
0.355212376315
0.350590493801
0.395264334129
0.468551583432
1.28982770495
0.698253775234
0.699114841189
0.469020842873
5.43082529569
4.62636408927
5.22827669438
5.22307526985
5.43591606353
5.61577165308
5.69675682454
5.65437200712
5.6571126576
5.65557060932
5.65831841114
5.61328938763
3.9578435524
3.28953753279
3.28902367409
1.95403664948
2.6224392059
2.620795584
0.468550781546
1.28982617137
0.69825380794
0.699113070807
0.46902185747
0.391224869844
0.355211256001
0.350587781971
0.395265207407
5.79328046742
5.79359488043
5.78258844313
5.8021480179
5.78306625331
5.80249648203
5.79298296277
5.72700423136
5.74525727775
5.74594138705
0.250058344778
0.241932533167
0.246380943038
0.244358124699
0.246512849628
0.244491681073
0.250507386313
6.05300927437
6.08019657634
6.05203298322
6.10485987805
6.04512868113
6.09396030369
6.06008336844
6.01904408532
5.9921020173
6.01806505127
5.99762721233
6.01412530787
5.99453326294
6.02392551426
5.96231069365
5.97573965828
5.96236479354
5.9786650723
5.96187716456
5.97708000801
5.96327114411
5.94936242931
5.9373300132
5.9493693981
5.9377734636
5.9488439872
5.93745398282
5.94991815101
5.91547571468
5.92576520974
5.91530795947
5.92636470059
5.91538126288
5.92614873666
5.91555723511
5.90505908977
5.89499327737
5.90480479442
5.89506051163
5.90468777812
5.89512217718
5.90511148283
5.87592722542
5.88487738743
5.87533138458
5.88523078364
5.87566909048
5.88532187012
5.8757103117
5.8666492955
5.85726269847
5.86577961579
5.85736289061
5.86600340002
5.85781495715
5.8663674665
5.84122746699
5.84813943707
5.83904920432
5.84861030888
5.84007550783
5.84923665792
5.84032977925
5.83376413148
5.82468396003
5.83060172441
5.82524154707
5.83186390206
5.82675348606
5.83246991979
5.81471273164
5.81728496462
5.81082801026
5.81874535516
5.81166584338
5.8200534456
5.81387439082
5.81192819324
5.80812574306
5.80868013462
5.81131108787
0.239984660616
0.239719580987
0.241308703638
0.238150586727
0.241603860882
0.238199567444
0.239822183656
0.22965208753
0.236632898592
0.232291896585
0.235100882432
0.231549406296
0.234812585209
0.230478455901
0.223696227982
0.219010907749
0.226338837839
0.218410443072
0.225220517129
0.217510794704
0.224744705041
0.203605957565
0.211765655567
0.204927441784
0.211456328586
0.204535503415
0.21083547321
0.20402508721
0.195743072629
0.188178507211
0.196654215938
0.187795660456
0.196216723375
0.187605181558
0.196061581336
0.170290769616
0.179214574262
0.170677276181
0.179168299783
0.17067204857
0.1790035549
0.170360919304
0.16120342784
0.152376123038
0.161474876444
0.152079104415
0.161285345826
0.152082082551
0.161282191908
0.133125474792
0.142633889776
0.133233685874
0.142634248616
0.133374477939
0.142620067191
0.133059026953
0.123268249663
0.113575989832
0.123316903455
0.11321736341
0.123242743482
0.113355978486
0.123219081866
0.0926249516348
0.102972401117
0.0924796341486
0.102906594513
0.0927993464401
0.10305740749
0.0923591725264
0.0817441800809
0.0707053979298
0.0814901786946
0.0699037076961
0.0816180979483
0.0704314112972
0.0813861273618
0.0442763226885
0.0585945890308
0.0444764449401
0.0574781180516
0.0451714854096
0.0582746351181
0.0432053810176
0.0272744306391
0.00875636691451
0.0274840498595
0.00858227738946
0.0275333006929
0.0087738868628
0.0263557335079
5.9991701189
6.06162437403
5.99183380673
6.03291950353
5.99896359843
6.02047241139
5.99183923894
5.943534446
5.96565264907
5.94122370589
5.96829665434
5.94231027703
5.96417584961
5.93959099514
5.89905867257
5.9189186123
5.89799255217
5.91964603166
5.89882148937
5.91793050969
5.89757554564
5.85912496585
5.87772872926
5.8574414921
5.87903815903
5.85987097335
5.87789395951
5.85825743961
5.8215470975
5.83654456108
5.81457800406
5.84123594158
5.82354729375
5.83825244401
5.81709704661
0.227213130503
0.250002199615
0.233232358667
0.238554964739
0.226320996985
0.248944405701
0.232070906737
0.194406170692
0.214829466153
0.196079486142
0.210972508443
0.194019957163
0.214100044575
0.195748000218
0.157708145617
0.17729173407
0.158394725409
0.176175603802
0.157751195542
0.177226893074
0.158557677287
0.118585332938
0.139189413249
0.11938446632
0.138750039578
0.118976777793
0.139587620631
0.120021533998
0.0753404797997
0.0986240637251
0.0766283669787
0.09794917221
0.0746127170675
0.0993632506299
0.0760438535244
0.00916721795022
0.0543173947291
0.0102036027214
0.0472248417079
0.0157048192529
0.0484628651048
0.0162265890142
5.98634464418
6.05250214851
5.98346227508
6.01250413148
5.98504598002
6.00859004432
5.98159855832
5.93848703839
5.95942070566
5.93692146207
5.95866384303
5.93566591424
5.9559893178
5.93388234613
5.89673408013
5.91611963678
5.89596464865
5.91573395252
5.89609727903
5.91456865327
5.89536123995
5.85552180717
5.87570553303
5.85419088338
5.87682308488
5.85678531071
5.87610598849
5.85575543315
5.80483646485
5.8295962465
5.79763145765
5.83577434755
5.80932874911
5.83356475858
5.8030565527
5.72197153116
5.75239889673
5.68385731692
5.77445084527
5.72584012768
5.75805229796
5.68825740094
5.65613465866
5.65340821219
5.61231843586
5.6148280885
5.6957758609
5.65736820849
5.65463265408
0.349178208464
0.387629069608
0.381103887584
0.342882605035
0.242386501218
0.296288892091
0.251588614067
0.267039193826
0.239150794931
0.286871865818
0.245771188923
0.198112103362
0.222593109461
0.199610660308
0.217606778457
0.197462542732
0.220365091782
0.198684445948
0.159197457194
0.179162528367
0.159710818519
0.178310839473
0.159434203864
0.178942121481
0.159956171247
0.120430884378
0.1404979742
0.121061505705
0.140642136487
0.12149651089
0.14113703136
0.122261995936
0.0783287064297
0.100913867723
0.0793070808128
0.10188777513
0.0790865692383
0.102965547046
0.0804831956869
0.0103790491026
0.0568544841499
0.0106498064903
0.0510143341842
0.0170492186075
0.0522564379078
0.0174985082055
5.98346229885
6.05783303801
5.98634488206
6.00858993064
5.9815984184
6.01250402551
5.98504599164
5.93692170573
5.96165239151
5.93848723052
5.9559893063
5.93388228371
5.95866405818
5.93566609469
5.89596472027
5.91717161503
5.89673420117
5.91456868462
5.89536132794
5.91573417036
5.89609734132
5.85419100444
5.87651071348
5.85552188915
5.87610600019
5.85575550649
5.87682325623
5.85678530869
5.79763151037
5.83253114588
5.80483655436
5.83356466735
5.80305671424
5.83577436321
5.80932859097
5.68385706186
5.76958443203
5.72197110703
5.75805206312
5.68825733236
5.77445047696
5.72583979843
3.28521121735
3.95466660717
3.28477189706
0.690422176185
0.461145319251
0.458817786121
1.28153824732
0.689790411177
0.25158865652
0.269895039916
0.242386213582
0.28687171651
0.24577095642
0.267038896368
0.239150384537
0.199610820091
0.219070739534
0.198112096749
0.220364782942
0.198684427391
0.217606516946
0.19746253156
0.15971122029
0.17841299009
0.159198056524
0.17894221266
0.159956404758
0.178311200445
0.159434595429
0.121062019274
0.140007461903
0.120431593995
0.141137258497
0.122262220286
0.140642611877
0.121496967725
0.0793075957274
0.100080345038
0.0783292240168
0.102965744643
0.0804833832206
0.101888193713
0.0790868950425
0.0106499403534
0.0559442824028
0.0103790603062
0.0522564912916
0.0174985698166
0.0510144201834
0.0170492991683
5.99183412968
6.08576721854
5.99917068172
6.02047252254
5.99183953486
6.03291969156
5.99896393162
5.94122437482
5.96959654648
5.94353534426
5.96417632544
5.93959162129
5.96829745874
5.94231128983
5.89799321012
5.92036387197
5.89905965223
5.91793115066
5.89757626516
5.9196472431
5.89882274775
5.85744209286
5.87881561701
5.85912583878
5.87789457649
5.85825809577
5.87903948999
5.85987199562
5.81457803787
5.83985340177
5.8215472162
5.83825284703
5.81709715721
5.84123669462
5.82354751711
5.74401355724
5.72591113618
5.74472707906
0.233231761153
0.2392055711
0.227212135415
0.248943638102
0.23207038098
0.238553614627
0.226319968773
0.196079892979
0.211652692175
0.194406186444
0.214099618704
0.195748075506
0.210971896889
0.194019983964
0.158395968869
0.176329826297
0.157709031806
0.177227500666
0.15855846805
0.176176110851
0.157752099556
0.119385837532
0.138526391886
0.118586623509
0.139588533169
0.120022550813
0.138751195301
0.118977989346
0.0766292473666
0.0975809985077
0.0753412229748
0.0993641808525
0.076044633215
0.0979503320877
0.0746134610861
0.0102036150306
0.0526293093747
0.00916719712855
0.0484631586953
0.0162266861316
0.0472251337691
0.0157049152414
6.06039249996
6.1148574381
6.08955918853
6.07014302958
6.10535811991
6.06567580931
6.05526871599
5.96507675703
5.98374806922
5.96663390481
5.96586946247
5.98039143161
5.9645388969
5.98278459771
5.915478236
5.92701848844
5.91575322811
5.91558736757
5.92637795097
5.91533228722
5.92674906755
5.87435531601
5.88447898699
5.8746311863
5.87475964688
5.8842357288
5.87447923005
5.88453583901
5.83661290802
5.84631662031
5.83752274461
5.83802555847
5.84594293073
5.83710712551
5.84671212112
5.80823382861
5.81540065919
5.81087770822
5.81145881357
5.81382184534
5.80887720506
5.81603651228
0.234150866051
0.236708602785
0.232647898603
0.232358539522
0.238003738842
0.233840354343
0.236520723054
0.206552592001
0.213636485041
0.205869373763
0.205631226024
0.21412890278
0.206319775262
0.213339974293
0.171430740638
0.180199471935
0.171176698744
0.171119135313
0.180356349873
0.171373629749
0.180106243463
0.133399468876
0.142973522972
0.133224987994
0.133287184059
0.143121204029
0.133453921162
0.143003623698
0.0917220294076
0.102397750539
0.0914493549801
0.0916629814873
0.102690724656
0.0918625829139
0.102574818207
0.0421826656284
0.0548169338226
0.040298494615
0.0399557554301
0.0558023522872
0.0413917097279
0.0546917223499
5.96212814964
5.9403258112
5.95939067172
5.93889605363
5.91931431436
5.89932725916
5.91865360449
5.89916595119
5.8803537722
5.8624566971
5.88060388022
5.86315431746
5.84611772685
5.83251031712
5.84737607346
5.83447459514
5.81984707126
5.82384003675
0.240882030169
0.23979464373
0.236980902815
0.219726975781
0.235462296743
0.218556723975
0.207194762564
0.191926117638
0.206423273423
0.191472692831
0.175025488408
0.157148534777
0.174803086174
0.157112519906
0.138540672373
0.119288654313
0.138683135449
0.119656740274
0.0995566190498
0.0799756282087
0.100268717129
0.0812402707969
5.9945346934
6.01280939777
5.98714720623
6.02031854122
5.99098686218
6.00806849892
5.98342529483
5.9401275064
5.9598223992
5.93629872454
5.9619986474
5.93848637551
5.95694214345
5.93440236066
5.8985180455
5.9162688054
5.89682754026
5.91772155369
5.89825554982
5.91517469948
5.89646393325
5.86102346484
5.87798230314
5.85929616475
5.87965162289
5.86183866964
5.87810771579
5.8601398773
5.8269436604
5.84056600598
5.82112160959
5.8449030971
5.8291587114
5.84216729417
5.82373836321
5.79580355219
5.80016855389
5.74519870524
5.81448222365
5.79976754533
5.80355840191
5.75068715385
5.73166246856
5.73702289071
0.246473642046
0.260082486798
0.245194091245
0.256320820698
0.224786885437
0.24682597189
0.230879669301
0.236799165647
0.223661735637
0.244738125968
0.229561031692
0.193383785094
0.213263312797
0.195532967975
0.209016302684
0.19292706799
0.212456558891
0.195201219409
0.157770416938
0.177222609212
0.158883163638
0.175691970736
0.157797870773
0.177076386198
0.159048004796
0.119630575447
0.140263271846
0.121170695611
0.139292141856
0.120129668674
0.140594898485
0.121881423395
0.0759500835746
0.101428212503
0.0779682073747
0.0998436459782
0.0768413872379
0.102462640249
0.0791107096366
0.015144944693
0.0484645604617
0.0157513030897
0.0471641379314
0.0151499131866
0.0490480473153
0.0158306086321
5.97672654718
5.99912951869
5.97231606639
5.99833083274
5.97208178162
5.99353116125
5.96728101481
5.57951021351
4.63256025792
5.70888054167
5.58343177459
4.63510416854
3.95665798055
1.92940892052
3.95622711379
1.91784580718
0.285489439445
1.25237785938
0.336552018402
0.27666980446
1.23673780711
0.325342965031
0.0173144185346
0.0570507826387
0.0180152579266
0.0564429419054
0.0176721591588
0.0589592689776
0.0185078598427
5.97231599391
6.00360907221
5.97672654337
5.99353106427
5.96728089194
5.9983308689
5.97208183367
4.63256009024
5.70309439296
5.58343147903
4.6351041411
5.70888137344
1.92940944988
3.95622744445
1.91784618261
0.336552150546
0.285488989146
1.23673836543
0.325343207368
0.276669318275
0.0180152742806
0.0549170131528
0.0173144130784
0.058959193462
0.0185078094565
0.0564426807863
0.0176720574754
5.98714753013
6.02500954207
5.99453535242
6.00806886597
5.98342562328
6.02031874937
5.99098748597
5.93629927196
5.9646271586
5.94012864566
5.9569425599
5.93440284488
5.96199945992
5.9384872066
5.89682820024
5.91858532632
5.89851944961
5.91517510541
5.89646457348
5.91772257484
5.89825657502
5.85929664064
5.87941006264
5.86102450933
5.87810805658
5.86014027217
5.87965259316
5.86183962961
5.82112174991
5.84342041299
5.82694393964
5.84216751545
5.8237385455
5.84490365317
5.82915900067
5.74519781956
5.8118356931
5.79580255955
5.80355820861
5.75068679319
5.81448202927
5.79976701216
5.73702303928
0.260081982347
0.246472235513
0.256320173277
0.245192802882
0.230879105702
0.237967300751
0.224785921945
0.244737599892
0.229560334936
0.236797918097
0.223660692931
0.195532950894
0.209820639234
0.193383707397
0.212455924421
0.195201108977
0.209015449518
0.192926788571
0.158883761204
0.175897075673
0.157771255113
0.177076547489
0.159048432551
0.175691940988
0.157798283496
0.121171401673
0.139057088646
0.119631670074
0.140595320863
0.121881893417
0.139292664961
0.120130419454
0.0779686657877
0.0990695999867
0.0759506046074
0.102462885793
0.079110820692
0.0998441286315
0.0768417002608
0.0157513044631
0.0468103620598
0.015145117493
0.0490479091686
0.015830540033
0.0471641490003
0.0151500280905
6.08331452913
6.05764483477
6.07954064258
6.04531126347
6.03714071238
6.0488960841
6.03381100462
5.94032696898
5.95939160511
5.93889693687
5.89932871904
5.91865481429
5.89916707585
5.8624579201
5.8806049857
5.86315516928
5.83251076212
5.84737673052
5.83447480008
5.82383980401
0.240879815066
0.239792441577
0.219725639758
0.23546026688
0.218555268671
0.191925661597
0.206422324758
0.191472061951
0.15714908957
0.174802868392
0.157112751428
0.119289660148
0.138683725151
0.119657386319
0.0799763911077
0.100269408929
0.0812407404456
0.0421373810916
0.0401737225987
0.0603019417315
0.0589273633004
0.0412945795083
0.040675785592
0.0619383781304
5.95803982307
5.9380702741
5.95787283761
5.93800166235
5.91824071842
5.89906372561
5.91823808231
5.89910753411
5.8807664591
5.86358970566
5.88085074068
5.86371635058
5.84811550196
5.83552229064
5.84828914391
5.83573889387
5.82450268873
5.82484629316
0.239361970319
0.239088459365
0.23505204943
0.217915740933
0.234776534993
0.217728263986
0.205953642708
0.191172794011
0.205793612967
0.191046739031
0.174643947545
0.15707371372
0.174549453488
0.157005581595
0.138760211324
0.11986545693
0.138715384575
0.119844369289
0.100633544012
0.0817518830479
0.100641024787
0.0817938871815
5.98906411035
6.00568258305
5.98145685737
6.01751503871
5.98873437798
6.00536124945
5.98120223031
5.9375805672
5.9554804391
5.93341738587
5.9603998577
5.93749294762
5.95531790677
5.93333700975
5.89811142707
5.91462865122
5.89626783561
5.91722036322
5.89814263566
5.91460133865
5.89628424925
5.86230293391
5.87822530509
5.86059384675
5.87987701114
5.86241791155
5.87827627042
5.86067998767
5.83031955772
5.84302753128
5.82500630087
5.84587295888
5.83051419538
5.84314525878
5.82515341532
5.80053256213
5.80526010806
5.75170538912
5.81612068839
5.8008602082
5.80542460951
5.75193243305
5.73801642283
5.73824279733
0.244176936707
0.254419537378
0.243986922197
0.254214672002
0.222958727464
0.243417560041
0.228648650877
0.235753740023
0.22278830385
0.243246220151
0.2285052894
0.192625785402
0.211913691021
0.194906249774
0.208375481915
0.19251138695
0.211797182698
0.194816730266
0.157786985694
0.17696303268
0.159078475713
0.175461114407
0.157727272285
0.176895951043
0.159032870168
0.120388945306
0.140770055885
0.122217740957
0.139373005606
0.120376425069
0.140742635147
0.122210137589
0.0772918895808
0.102994614165
0.079684020224
0.100259375338
0.0773377692973
0.103006377042
0.0797166495242
0.0152206861356
0.0494453919724
0.0159391774407
0.0475039440821
0.0152510089552
0.0494849016326
0.0159575468247
5.96997544664
5.99090444031
5.96508195751
5.99557633008
5.96979219739
5.99072398006
5.96493996912
5.58549147533
4.63552241327
5.71015385465
5.58563080314
4.63594851376
3.95615827395
1.91623762033
3.95672985322
1.91700281859
0.273443677832
1.23473330749
0.321259355308
0.273329573002
1.2353697471
0.321360912827
0.0178898309298
0.0599157336197
0.0187799389867
0.0572741599463
0.017899692393
0.0599282220936
0.0187858432516
5.96508205111
5.99580544695
5.96997556728
5.99072398912
5.96493998253
5.99557636044
5.96979238684
4.63552194598
5.70994800825
5.58563071978
4.63594846653
5.7101543719
1.91623785567
3.95673010444
1.91700335265
0.321259542671
0.273443201387
1.23536988931
0.321361334216
0.273329484019
0.0187799495169
0.0572527912812
0.0178897376079
0.0599282284201
0.0187858570914
0.0572741311903
0.0178996420759
5.98145713485
6.01794778492
5.98906463019
6.00536161769
5.98120253976
6.01751512511
5.98873479809
5.93341787678
5.96059170835
5.93758153174
5.95531830781
5.93333741318
5.96040041279
5.93749379217
5.89626832331
5.91724020102
5.89811256088
5.91460167394
5.89628464282
5.91722123418
5.89814341816
5.86059422738
5.87980501136
5.86230367542
5.87827656575
5.86068017602
5.87987755322
5.86241828044
5.82500655726
5.84571566005
5.83031980696
5.84314548684
5.82515355389
5.84587302798
5.83051423602
5.75170499442
5.81590937392
5.80053189383
5.80542446261
5.75193204705
5.81612049421
5.80085942058
5.73824272641
0.254418804746
0.244175798714
0.254214120239
0.243985914895
0.228648153541
0.235931712453
0.222957977988
0.24324586996
0.228504884631
0.235752766109
0.222787608736
0.194906250993
0.208520457043
0.192625593065
0.211796797884
0.194816591777
0.208374865302
0.192511117538
0.159078873519
0.175546442797
0.157787248505
0.176896016242
0.159033087089
0.175461030324
0.157727488516
0.122218108224
0.139410020117
0.120389462355
0.140742912291
0.122210347998
0.139373218014
0.120376830724
0.0796841193982
0.100244534979
0.0772920435101
0.103006458281
0.0797166630249
0.100259575973
0.0773380220429
0.0159391981539
0.0474412819986
0.0152207872994
0.0494849505948
0.0159575017912
0.0475039569518
0.0152510293195
6.07364074804
6.05125678046
6.07289216267
6.03897023031
6.02843884383
6.03967803467
6.027754278
5.93807123648
5.95787360877
5.93800257099
5.8990646257
5.91823910731
5.89910841317
5.86359026783
5.88085134823
5.86371691752
5.83552234893
5.8482894036
5.83573880631
5.82484586265
0.239359874324
0.239086529152
0.217914318553
0.234774960754
0.217727175381
0.191172030855
0.205792651519
0.191046319486
0.157073693952
0.174549144881
0.157005665945
0.11986587412
0.138715721708
0.119844874751
0.081752206203
0.100641569804
0.0817942935203
0.0432023933933
0.0413502333449
0.063456010035
0.0601833143664
0.0431077276153
0.04143475847
0.0635767962696
5.95891252526
5.93874086941
5.96151680231
5.94029066987
5.91868195517
5.8993176649
5.91949682009
5.89964717633
5.88086625098
5.86354263006
5.88081952037
5.86312287134
5.84791844288
5.83518071453
5.84709145633
5.83393923249
5.82445179396
5.82205764768
0.239341013387
0.240330926768
0.234999072903
0.217948360027
0.235996791214
0.218487130059
0.205920300807
0.191085039787
0.206272061295
0.19125004193
0.17451405657
0.15690208495
0.1745284397
0.156777534327
0.138539020374
0.119579257437
0.138265885133
0.119101592416
0.100277637279
0.0813796768198
0.0994942167011
0.0802082431442
5.98989197888
6.00704937773
5.9826292223
6.02198911109
5.99232981102
6.0109607948
5.9857067115
5.93823184293
5.95646103896
5.93416565813
5.96355868548
5.93972273055
5.95895710432
5.93588972227
5.8983593821
5.91509466897
5.89651083099
5.91854790108
5.89872997595
5.91614291692
5.89692719757
5.86220070521
5.87825871579
5.86039579729
5.87984075963
5.86170593055
5.87826696844
5.85977838051
5.82979228235
5.84252136761
5.82418265168
5.84440411743
5.82822746828
5.8412396595
5.82197046864
5.80033009188
5.80406853508
5.75106779074
5.81315175194
5.79719033365
5.8010820401
5.74603596272
5.73740080019
5.73247818048
0.244623677732
0.255555814214
0.245628195617
0.257908843866
0.223121376801
0.244201248286
0.229118278558
0.237114604545
0.223757753472
0.245748764622
0.230057810539
0.192570531404
0.212108887723
0.19493704554
0.208950963407
0.192728510629
0.212622998766
0.195056306912
0.157614601979
0.176881394517
0.158916291189
0.175425117249
0.157444664826
0.176874938996
0.158651651187
0.120091069468
0.140518000297
0.121863156555
0.13885497104
0.119563233852
0.140129907056
0.121146366948
0.0770107656136
0.102504034189
0.0792201011293
0.0991872956731
0.0763609459877
0.101523529075
0.0782172966937
0.0152794152362
0.0491939533395
0.0158996698335
0.0475599982413
0.0155332898116
0.0488066076716
0.0159158847727
5.9715550564
5.99299500643
5.96687921332
6.00242909612
5.97579511973
5.99824547549
5.97162173363
5.58384309289
4.63582303167
5.70382816443
5.58017171179
4.63418325302
3.95720503119
1.9192587757
3.95898054149
1.93423808717
0.276197722814
1.23797027439
0.325852870485
0.28378680641
1.25814648382
0.339493692059
0.0177062532503
0.0589996829032
0.018527418069
0.0550696287013
0.0173858297946
0.0571321579123
0.0180533824901
5.96687927977
5.99763659389
5.97155515017
5.99824557875
5.97162182535
6.00242918722
5.9757952263
4.63582331707
5.70922812989
5.58017138059
4.63418294391
5.70382824671
1.91925905123
3.95898052225
1.93423828397
0.325852959705
0.276197496123
1.25814611014
0.339493488709
0.283786697961
0.0185274369266
0.0565135705058
0.0177061322743
0.0571322112413
0.0180533677515
0.0550696388659
0.017385823056
5.98262943028
6.01885531001
5.98989221808
6.01096100577
5.98570684374
6.02198928945
5.9923301069
5.93416607737
5.96140584375
5.93823256511
5.95895732672
5.93589008745
5.96355922073
5.9397232658
5.89651130785
5.91767859952
5.89836005678
5.9161432086
5.89692759191
5.91854848172
5.89873047048
5.86039606175
5.87988221289
5.86220108127
5.87826724791
5.85977859772
5.87984122563
5.8617061975
5.82418270957
5.84540788528
5.8297924271
5.84123963658
5.82197039821
5.84440409658
5.82822731164
5.75106716855
5.81516441442
5.80032930867
5.80108171735
5.7460356608
5.81315137893
5.79718953107
5.73247869547
0.255555198361
0.244622404715
0.257907815013
0.245626636607
0.229117949499
0.236257889303
0.223120790456
0.245748121862
0.230057324522
0.23711346082
0.223756788912
0.194936912792
0.208556047297
0.192570293497
0.212622381241
0.195056069289
0.208950390902
0.19272811898
0.158916607085
0.175429112668
0.157614889075
0.17687483451
0.158651833797
0.17542493889
0.157444793944
0.121863496275
0.139179804216
0.120091637397
0.140130152298
0.121146708672
0.138855337037
0.119563663647
0.0792203389171
0.0998971160375
0.0770111363663
0.101523633841
0.0782174459667
0.0991874968784
0.0763612526975
0.0158997564234
0.0474233531273
0.0152795122856
0.0488067828544
0.0159160068966
0.0475602968865
0.015533439713
6.07315482995
6.05253325151
6.0738099072
6.03986215133
6.02821857167
6.03925660288
6.02896351899
5.93874163635
5.96151748595
5.94029132304
5.89931826532
5.91949743257
5.89964772815
5.86354292422
5.88082007745
5.86312317252
5.83518052206
5.84709150254
5.8339388654
5.82205710078
0.239338653316
0.240328514073
0.2179470963
0.23599460539
0.21848581697
0.191084466301
0.206271171741
0.191249591911
0.156902178426
0.17452831719
0.156777676694
0.119579897268
0.138266323698
0.119102121385
0.0813801270353
0.0994947690172
0.08020863497
0.0432910002318
0.0414585652215
0.063448747612
0.059940797766
0.0432345142901
0.0415226228877
0.0632753894266
5.93519427246
5.95531728667
5.93348856109
5.96060147111
5.93787003625
5.95859158047
5.93640769155
5.89615562297
5.91438847313
5.89538083096
5.91691981966
5.89678695036
5.91588974829
5.89598395007
5.85724713467
5.87628594638
5.85609366096
5.87682398134
5.85607815564
5.87593972708
5.85462073422
5.8101303035
5.83403581734
5.80365402109
5.83330530039
5.80577695864
5.83019615936
5.79837075415
0.381426703245
0.327459656853
0.366424934442
0.340986447635
0.238000788119
0.288702977984
0.245797336334
0.269387378661
0.241758893085
0.298389484453
0.251901062877
0.197015429611
0.220101654892
0.198392542397
0.218482090003
0.197617219659
0.222376538412
0.199289551257
0.159216103164
0.178700011602
0.159788851042
0.178033051001
0.158941708938
0.178877404365
0.159507540803
0.121486118796
0.141042930164
0.122248785424
0.139875265222
0.1204314418
0.140388874285
0.121052452588
0.0792961858078
0.103022939176
0.0806024918197
0.100216333514
0.078590171991
0.10099979103
0.0794693072007
5.93348869544
5.95779793463
5.93519461477
5.95859176579
5.9364079598
5.96060189624
5.93787046316
5.89538097546
5.9155444338
5.8961560155
5.91588982032
5.89598410754
5.91692017133
5.89678722625
5.85609378346
5.87708064034
5.85724731226
5.87593987897
5.85462076672
5.87682435521
5.85607831897
5.80365401995
5.8364164211
5.81013014515
5.83019624738
5.79837062301
5.83330514293
5.80577688029
3.2862548229
3.95875522409
3.28795455378
0.456530170671
0.670469856166
1.28093554287
0.441584288844
0.685212540102
0.245797103659
0.263353335258
0.238000275812
0.298389269923
0.251900809997
0.269386565092
0.241758197811
0.198392386807
0.21696249905
0.197015342763
0.222376409583
0.199289514956
0.21848160177
0.197617055804
0.159788881161
0.177980457052
0.159216284305
0.17887737592
0.159507614853
0.178033047711
0.158941765987
0.122248778129
0.14052239699
0.12148641914
0.140388929394
0.121052496373
0.139875467112
0.120431531125
0.0806025616332
0.101984661586
0.0792962629667
0.100999771279
0.0794691959054
0.100216211355
0.0785901344176
6.04075314191
6.02919139855
6.07612745669
6.06445722274
6.03630303237
6.03383919694
6.08223127363
5.81617381209
5.81414830429
5.82438816952
5.81936240885
5.81752181441
5.81287222324
5.82277974128
0.227748678037
0.229774660804
0.2338765543
0.236553803489
0.226905921525
0.230402169638
0.234282759922
6.04075297489
6.07612743537
6.02919142155
6.06445704935
6.03630292721
6.08223079355
6.033839384
5.81617512231
5.82438901356
5.81414895561
5.81936263422
5.81752238726
5.82278130066
5.81287215052
5.81300931952
5.81092991673
5.81420626073
5.80973057963
0.240317311957
0.23826250445
0.242693855128
0.240417173542
0.240412617095
0.238321730822
0.242477521263
0.227750122383
0.233878967124
0.229776100872
0.236554649869
0.226907521449
0.234284740856
0.230403525688
0.0303916517485
0.00920946612787
0.0277087777129
0.008793345396
0.0300946179449
0.00933962844633
0.0283595297818
5.78215263617
5.76566016395
5.76433824928
5.74176924536
5.78385749067
5.76404981448
5.76244386657
5.78052377967
5.74060144389
5.76217515225
5.76001403785
5.76282308237
5.76077040215
5.78028456604
0.259266884763
0.26744881782
0.254407229347
0.283551807099
0.253679235897
0.279664400948
0.261691087337
5.43845118246
5.23622210422
4.63006222475
5.44305872266
5.23168764183
3.28625508519
3.95875531039
3.2879541661
2.61377085948
1.94861412223
2.61778434437
0.351125747312
0.297027888707
0.303296056964
0.281362810975
0.335274426957
0.308305758289
0.313741806016
0.45653127533
0.670470171375
1.28093533355
0.441584453683
0.685212588356
0.359777700406
0.288369517819
0.322273478185
0.324355306278
0.317758731305
0.320903795816
0.36507586235
5.4384504444
5.23622127037
4.63006178841
5.44305731178
5.23168611034
2.61377084227
1.94861389833
2.61778403506
0.38142661899
0.327459679765
0.366426032901
0.340984640886
0.351124724463
0.303295544523
0.297027733719
0.281361676197
0.335273827147
0.313741426487
0.308304703211
0.359777073782
0.288368714288
0.324353899787
0.322271984067
0.320903015387
0.317757295132
0.365074092838
5.78215163942
5.7643373807
5.76565931827
5.7417683043
5.78385651988
5.76244293259
5.76404879309
5.78052276448
5.74060036313
5.76001385112
5.76217328117
5.76076958901
5.76282109723
5.78028408662
0.2592648691
0.267447437051
0.283548965856
0.254405097067
0.279662380442
0.253677896244
0.261688591813
5.81300744997
5.81092910864
5.81420569909
5.80972889542
0.240315853479
0.242692074138
0.238260314202
0.240416174148
0.240412053156
0.242475271284
0.238320101578
0.0303923318169
0.0277093845799
0.00920985911595
0.00879360245191
0.0300955947493
0.028360204852
0.00933999429123
6.11485682359
6.06039214632
6.08955878202
6.07014257827
6.1053575232
6.06567551884
6.0552684806
6.00484500327
6.02526018778
6.03306047091
6.03096218723
5.99866002427
6.00360418747
6.02360535069
6.07459094914
6.08852039545
6.09573382351
6.05933777871
6.0415161926
6.04729250906
6.05363305424
6.02732472913
5.99709038822
5.99644129806
6.01680250596
6.00100988972
6.02062667189
6.02282142014
5.98374751346
5.96507596745
5.96663352742
5.96586865062
5.98039081608
5.98278407534
5.96453805914
5.93902116081
5.95116390318
5.95204148205
5.95147226394
5.93816109108
5.93861998999
5.95071946162
5.96409795115
5.97891320494
5.9761910798
5.96074327732
5.98056345539
5.96331035581
5.96066278134
5.95022833532
5.93745298319
5.93644765461
5.94789336353
5.93777569084
5.94974006391
5.94814924004
5.92701689926
5.9154772457
5.91575196517
5.91558580026
5.92637659316
5.92674711356
5.91533079696
5.89459374569
5.90467318332
5.90496690519
5.90488212664
5.89436456847
5.89458236049
5.90460097725
5.91525600366
5.92588431721
5.9253784911
5.91475558181
5.92619737089
5.91501568053
5.914806865
5.90471316546
5.89431727606
5.89458425251
5.90412257105
5.89456333709
5.90442189641
5.90448152206
5.88447725138
5.87435406562
5.87462981641
5.87475806506
5.88423407195
5.88453352636
5.8744775397
5.85552600589
5.86451049009
5.86494793989
5.86515345134
5.85533517361
5.8558208854
5.86471412416
5.87502028053
5.88432235213
5.88483966136
5.87521317979
5.88464899646
5.87469812656
5.8754580485
5.86556481634
5.85585448871
5.85736809268
5.86557644286
5.8564169347
5.86506994536
5.86620585339
5.84631629838
5.83661233514
5.83752258897
5.83802530117
5.84594225084
5.84671154199
5.83710661253
5.8217340349
5.82780788837
5.82919068425
5.82979266487
5.82074545446
5.82238711467
5.8284138473
5.83906955737
5.84665259258
5.84881509092
5.83971759388
5.84751932884
5.83801945519
5.84079311701
5.8310704952
5.8219355057
5.82632185026
5.8315375988
5.82377925794
5.8295019085
5.83333586994
5.81540082436
5.80823428221
5.81087805663
5.81145931349
5.81382231743
5.81603667174
5.80887777625
5.80561381778
5.80850979504
5.80903703231
5.80611020856
5.81258304885
5.81496688951
5.81958762777
5.81149873167
5.81733506373
5.80990198843
5.81430161783
5.81007641015
5.8086056289
5.80715127067
5.81156422399
0.239307862609
0.242261075369
0.240754395126
0.240694175063
0.240469324612
0.239208167435
0.24219463598
0.240621814892
0.240332995168
0.238880991762
0.242256302738
0.239042706902
0.242124285959
0.240631600245
0.236709106616
0.23415167874
0.232648278514
0.232359159627
0.23800490367
0.236521351278
0.233841322623
0.220863253016
0.228464656645
0.227242085558
0.226893936833
0.22163094659
0.220519202369
0.228119804775
0.231735088408
0.237752437664
0.235565819994
0.232322221129
0.236161010481
0.233378967351
0.230475625998
0.226105726457
0.221034927788
0.218300025491
0.225993054487
0.219756703863
0.227512710186
0.224502871699
0.213636903628
0.206553005983
0.205869561597
0.20563152669
0.214129635544
0.213340298339
0.206320120728
0.189050937485
0.198043167633
0.197604617257
0.197421888235
0.189322878845
0.188917828617
0.1978693726
0.20513885975
0.21362697426
0.211600827749
0.205231957174
0.212708991525
0.205924800817
0.204312137904
0.197044011444
0.189101014173
0.188209417917
0.196874140387
0.188646085515
0.197560424789
0.196405835718
0.180199315978
0.171430223112
0.171176276417
0.171118898877
0.180356159752
0.180105838522
0.17137303237
0.152558010255
0.162084904464
0.161935053016
0.161907650362
0.152748075163
0.152560482599
0.162060944959
0.171004851719
0.180211106929
0.179578662623
0.171212732054
0.179914558573
0.171292913011
0.170822040301
0.161846118861
0.152768261724
0.152563524077
0.161796417212
0.152564213939
0.162026268983
0.161709262276
0.14297251324
0.133398338039
0.133223837382
0.133285996446
0.143120229154
0.143002439192
0.133452637856
0.112981030134
0.123334847691
0.123217499026
0.123313005446
0.113282634744
0.11311686996
0.123420811279
0.13341493794
0.143199413204
0.143106048228
0.133858256813
0.143060856461
0.133589772255
0.133607667478
0.123506244271
0.113532546295
0.113886849859
0.123722296095
0.113409275602
0.123604524899
0.123771552744
0.102394938833
0.0917200670166
0.0914471625672
0.0916610995159
0.102688655625
0.102572358994
0.0918607698835
0.0678509110462
0.0803515173464
0.0799707717613
0.0801816268198
0.0684830024913
0.0679597152357
0.0804307986301
0.0922072758301
0.102994600844
0.103688846782
0.0932386466001
0.102978380289
0.0922081802379
0.0933179410861
0.0808438031761
0.0684124802459
0.0705764568138
0.0819260364571
0.0685257239981
0.0806655038973
0.0826161643694
0.0548159978617
0.0421823993176
0.0402979108692
0.0399556600982
0.0558020037432
0.0546909969825
0.0413916311209
0.00777630812109
0.0256385177107
0.00786584335349
0.0240739572267
0.0076048211077
0.0236647650526
0.024727322523
0.0395851495116
0.0548398859339
0.0563483401286
0.0396827586455
0.0547990868083
0.0398864515009
0.0400126825303
0.00759312854165
0.00740464453448
0.00745531292714
0.0232367369093
0.0231273737301
0.0235623682795
0.0231920331367
5.80002359331
5.78090682742
5.79117932439
5.79149336891
5.7917086014
5.80037132111
5.78141056019
5.76078941225
5.75878172216
5.77879034829
5.77905553564
5.73947145029
5.76146636259
5.75956228002
5.78073619923
5.74070231366
5.7644867224
5.76329423142
5.76275779706
5.76129589354
5.78256951531
5.74401452208
5.72591229614
5.74472882334
0.245579933663
0.247911880722
0.252318032177
0.252125633292
0.242567545087
0.245478277807
0.247916020377
0.256252884871
0.284908867467
0.264108451499
0.263764768909
0.271509628308
0.256350283274
0.284119412063
0.251658076178
0.242295232795
0.24515291009
0.247194406217
0.24527139517
0.247496468069
0.250892640209
0.263012826046
0.272724307966
0.254619556911
0.278776216223
0.255889352252
0.283881412932
0.260256232149
5.2268588716
5.43477630775
5.42971057547
4.62416492946
5.22169017462
5.61576728429
5.69809737635
5.66108929701
5.65891931271
5.6590115495
5.6567091611
5.6177248554
5.43740595831
4.62798880922
5.23504342004
5.23038541844
5.442108715
3.28521205199
3.95466657431
3.28477219299
2.61696087736
1.94721272394
2.61533424474
3.95575153113
3.28260211501
3.28390416124
1.94172349099
2.60900202185
2.6124918736
0.319283867305
0.320929917709
0.358710086546
0.349751004236
0.289612726608
0.314496349332
0.316668403974
0.69042241948
0.461145374216
0.458817122712
1.28153786208
0.689790471718
0.367751077696
0.319688757613
0.330484904245
0.355657579805
0.443350711996
1.27170546456
0.658633292153
0.672272548048
0.430115512342
5.2268592507
5.43477576485
5.42971074395
4.62416512353
5.2216900838
5.65340769579
5.65613412607
5.61231837493
5.61482810509
5.6957748903
5.65463216006
5.657367375
5.43740525636
4.62798929474
5.23504337259
5.23038593128
5.44210798185
5.61576700381
5.69809695268
5.65891921301
5.66108919097
5.65670921363
5.65901088659
5.61772481012
2.61696070483
1.94721372045
2.61533373304
3.9557524009
3.2826025149
3.28390372424
1.94172410813
2.60900139535
2.6124909401
0.349177925395
0.387628829812
0.381103953841
0.342881170146
0.320929174269
0.319284614841
0.358710947702
0.349750495351
0.289611624869
0.316667358187
0.314496330705
0.443351043161
1.2717057854
0.658633577367
0.672272647087
0.430114955382
0.367750442738
0.319687791827
0.330483860139
0.355656579419
5.75878134003
5.76078909796
5.77879003313
5.77905486244
5.73947091508
5.75956156147
5.76146564158
5.78090615475
5.80002322836
5.79117906405
5.79149267018
5.79170784927
5.78140962961
5.80037048389
5.78073558939
5.74070155115
5.76329362304
5.76448583763
5.76129519482
5.7627568866
5.78256870954
0.284907981533
0.256251868502
0.264107094724
0.263763424608
0.271508825627
0.284118438559
0.256349591162
0.247910357414
0.245578470351
0.252316507229
0.252124133546
0.242566124297
0.247914730247
0.245476872948
0.263012035387
0.272723815575
0.278775487713
0.254618954948
0.283881322196
0.255888738853
0.260255704552
0.251657100307
0.242293786504
0.247193069918
0.245151562823
0.247495250315
0.245270314058
0.250891706876
6.02526041882
6.00484548838
6.03306103579
6.03096281578
5.99866028987
6.02360573477
6.00360494082
6.0745912753
6.08852028414
6.09573403437
6.05933825239
6.04151615297
6.04729288628
6.0536329797
6.0273251925
5.99709105385
6.01680295477
5.99644184204
6.02062691188
6.00101003955
6.02282144894
5.95116464311
5.93902230349
5.95204215281
5.95147328866
5.93816212577
5.95072062579
5.93862163134
5.96409868292
5.9789141236
5.96074421587
5.97619173149
5.96331135315
5.98056385354
5.9606636301
5.95022925455
5.93745477408
5.94789479447
5.93644921249
5.94974143975
5.93777746094
5.94815052336
5.90467420274
5.89459526093
5.90496782764
5.90488382539
5.89436571692
5.90460254739
5.89458427997
5.91525798452
5.92588626189
5.91475748018
5.92538023679
5.91501766458
5.92619934425
5.91480894975
5.90471512795
5.89431935836
5.90412458524
5.89458652347
5.90442388847
5.89456569079
5.90448359656
5.86451138059
5.85552663451
5.86494860156
5.86515456454
5.85533564488
5.86471526472
5.85582175145
5.87502213551
5.88432474805
5.87521527863
5.88484216472
5.87470025539
5.88465148306
5.87546009128
5.86556620305
5.8558555811
5.86557777256
5.85736933484
5.86507113285
5.85641794869
5.86620715381
5.8278083829
5.82173413652
5.82919077167
5.82979259323
5.82074530236
5.828414254
5.82238730833
5.83906987344
5.84665351953
5.83971865853
5.84881631885
5.83802045571
5.84752021058
5.8407940372
5.83107072884
5.82193573588
5.83153799704
5.8263221881
5.82950243476
5.82377930109
5.83333621536
5.8056132485
5.80850901556
5.80903624727
5.80610927314
5.81258222445
5.81496662053
5.81149793464
5.81958680123
5.80990120896
5.81733444432
5.8143005066
5.81007543657
5.80860480695
5.80715065318
5.81156329075
0.242259721489
0.239307321427
0.240753545638
0.240692992712
0.240468306079
0.242193438047
0.239207343607
0.240619950735
0.240331533194
0.242254469766
0.238878627079
0.242122210661
0.239040575739
0.240628944964
0.228463917425
0.220862977674
0.227241408357
0.226893029982
0.22163004293
0.22811866227
0.220518379392
0.231733549858
0.237750708907
0.232320343946
0.235563582973
0.23337737873
0.236159221939
0.230473613278
0.226103877256
0.221033881569
0.225991656368
0.21829869232
0.227511335643
0.219755310863
0.224501008738
0.19804321608
0.189051188405
0.197604446552
0.19742170637
0.18932256118
0.197869310455
0.188917851951
0.205138335016
0.213626338971
0.205231308222
0.211599808303
0.205924355833
0.212708286003
0.204311628706
0.197043340028
0.189100742389
0.196873541059
0.188208906704
0.197559838872
0.188645485361
0.19640484508
0.162085503001
0.15255844892
0.161935297449
0.161907946896
0.152748393263
0.162061674793
0.15256118795
0.171004932468
0.180211550793
0.171213322151
0.179578715167
0.17129341806
0.17991457115
0.170822283135
0.161846402392
0.152769396869
0.161797249486
0.152564437929
0.162027043
0.152565052106
0.161709803581
0.123336450083
0.112983344391
0.123219087233
0.123314364307
0.113284065962
0.123422339702
0.113119111925
0.133415768757
0.143200729567
0.133859500863
0.143107158143
0.133590852666
0.143061558099
0.133608438758
0.123507310102
0.113534218198
0.123723492635
0.113888345931
0.123605736446
0.113410909226
0.123772594908
0.0803528436946
0.0678521406405
0.0799724345653
0.0801830114762
0.0684833042341
0.0804321323328
0.0679611726471
0.092208765539
0.102996356211
0.0932401024111
0.103690628385
0.0922097182265
0.102980148355
0.0933193458515
0.0808452255626
0.0684134157652
0.0819270221193
0.0705773695635
0.080666733517
0.0685268673819
0.0826173831239
0.0256387596971
0.00777633499437
0.00786583035108
0.0240743095773
0.00760484583429
0.0236647840536
0.0247274307566
0.0395853676993
0.0548402899341
0.0396829900988
0.0563489813175
0.0398863952932
0.0547995114388
0.0400132381625
0.00759314392497
0.00740482289235
0.00745534338136
0.0232366042976
0.0231276363183
0.0235624157491
0.0231926317672
6.083314814
6.05764510831
6.0795409414
6.04531171078
6.03714074651
6.04889644628
6.03381121839
6.01441524543
5.98925743217
6.01298047939
5.98551933345
6.01794614676
5.98548067908
6.00993579177
6.05506432288
6.07491995704
6.07683015684
6.04271989306
6.02962665857
6.0313731432
6.04089488736
6.01199105026
5.98354341577
5.98184332226
6.00617263821
5.98330516353
6.0077516422
6.01031785235
0.042136225812
0.0603011053515
0.040173073868
0.0589266557563
0.0412932094839
0.0619370774109
0.0406748573817
0.00744293001709
0.00741026612641
0.00750942905239
0.0238173797892
0.0231487776603
0.0235026732333
0.0233135244116
0.0426355092955
0.0595185966707
0.0632145548176
0.0412088973761
0.062778102252
0.0409788917219
0.0429333953879
0.00743266353541
0.00760936722196
0.00756646890995
0.0240434974982
0.023561663401
0.0234448464478
0.0241966011354
6.01441503226
6.01298089632
5.9892577823
5.9855197947
6.01794613795
6.00993580184
5.98548098922
6.05506400603
6.07491977043
6.07682967449
6.04271947371
6.02962651481
6.03137281952
6.04089492458
6.01199063537
5.98354403801
6.0061731361
5.98184403765
6.00775168144
5.98330520962
6.01031815006
0.00744323059318
0.0074103963485
0.00750993686943
0.023818346378
0.023149463987
0.0235035780533
0.0233143949961
0.0426367431912
0.059518999484
0.0412091459123
0.0632149337705
0.0409793892997
0.0627788831289
0.0429342879137
0.00743284709434
0.00760962478046
0.0075667731384
0.0240444552894
0.0235620573767
0.0234454266138
0.0241973571736
6.07364015292
6.05125636719
6.0728915335
6.03896954301
6.02843835397
6.03967774372
6.02775378042
6.00859786015
5.98096174557
6.00510920224
5.98078033531
6.00922672156
5.98044340578
6.00449772921
6.05100142014
6.07270776087
6.07260158955
6.0387024972
6.02766718775
6.02751622084
6.03881713334
6.0083784373
5.98063391322
5.9804770111
6.00445856246
5.98029920114
6.00429607061
6.00851851915
0.0432014973973
0.0634556587714
0.0413499351728
0.0601829370403
0.0431065954549
0.0635756778239
0.0414341142273
0.00763812285907
0.00749817417509
0.00765618565972
0.0243498687036
0.0236385866896
0.0242927373221
0.023688712048
0.0432398035895
0.0602147650344
0.0635691802289
0.0414691567658
0.0636088429481
0.0414682512829
0.0432416308503
0.0075069782212
0.0076763963492
0.00766700393881
0.0243791883537
0.0237276128416
0.0237130681605
0.0243978114295
6.00859862277
6.00510971217
5.98096239985
5.98078101595
6.00922740595
6.00449840053
5.98044435597
6.05100187268
6.07270898243
6.07260267
6.0387033544
6.02766771845
6.02751699325
6.03881820558
6.0083793235
5.98063453232
6.00445899538
5.9804777749
6.00429679594
5.98030013963
6.0085196308
0.00763850927025
0.007498440817
0.00765649019877
0.0243505266365
0.0236392730726
0.0242937628837
0.0236893228927
0.0432407548904
0.0602150253829
0.0414692812956
0.0635698328475
0.0414687010421
0.0636095077621
0.0432423178161
0.0075070100613
0.00767622562458
0.00766696754564
0.0243796625248
0.0237276251653
0.0237132607546
0.0243976620263
6.07315358677
6.05253293429
6.07380885245
6.03986122595
6.02821791768
6.03925577313
6.02896300545
6.00965649388
5.98098775955
6.0049911169
5.98222582318
6.00897999421
5.98182304036
6.00573304034
6.05373982348
6.07513410728
6.03006731624
6.07455246259
6.03978166193
6.04036247533
6.02993812916
5.98529011313
6.00686896341
6.01059502372
6.01038286819
5.98350903143
5.98304836819
6.00670916089
0.0432907650702
0.0634480835933
0.0414581326752
0.0599401969741
0.0432343272846
0.0632749467715
0.0415224839336
0.00769662671241
0.00757529892815
0.00775943687584
0.0245799331851
0.0237487589681
0.0244362751653
0.0238678526255
0.062115753555
0.042962410636
0.0444126341605
0.0435505626305
0.0597453065219
0.0629679073544
0.0417550577112
0.00768497187307
0.00837550937812
0.0253810602998
0.00793223709279
0.0264409036279
0.0250303792343
0.0241732710325
6.00965718807
6.00499160964
5.98098809427
5.98222602591
6.00898076237
6.00573351431
5.98182358455
6.05374013922
6.03006765925
6.07513437146
6.07455308917
6.0397822517
6.04036336658
6.02993872551
6.006869533
5.98529090077
6.01059592398
6.01038362925
5.98350969114
6.00671002544
5.98304922793
0.00769642459727
0.00757526798445
0.00775920359584
0.0245798569873
0.0237486739225
0.0244361399071
0.0238676927749
0.0429630525098
0.0621166153377
0.0444134880006
0.0435510521392
0.0597459015756
0.0417556000721
0.0629686048428
0.00768507227601
0.025381562315
0.00837571011654
0.00793226277588
0.0264413882082
0.025030484067
0.0241734929684
6.06303438486
6.0378478446
6.06974181681
6.03225451724
6.05303242105
6.02453698524
6.02938297795
6.04262006109
6.06349635135
6.04700321313
6.01963981752
6.02052986259
6.01587386858
6.02437898616
0.00890702205297
0.0311617467979
0.00999822577416
0.0287762041303
0.00904826989874
0.0292141031087
0.0323791031033
0.00919565584919
0.0101926969452
0.00908981982801
0.0295462327418
0.0334618975975
0.0298798679417
0.033035487889
6.03925972468
6.05354638227
6.03686073301
6.01062499827
6.0177407114
6.01280788687
6.01560102823
6.03441963505
6.05201157285
6.03520848466
6.00906487249
6.01348291609
6.00833747634
6.01419486868
0.0093319913349
0.0105692923093
0.00944124297196
0.0306376715603
0.0338907568623
0.0303334088104
0.0342012124458
0.0095717830685
0.0106497622542
0.00953105836341
0.0309088945862
0.0345747263582
0.0310197139115
0.034461266888
6.03441977036
6.05201178824
6.03520839124
6.0090652079
6.01348339259
6.00833749712
6.01419500273
6.03925955115
6.05354595563
6.03686126992
6.01062529929
6.017740512
6.0128083115
6.01560151995
0.00957186020688
0.0106500230647
0.00953105946773
0.0309088965669
0.0345750331539
0.0310197585827
0.0344610609717
0.00933175519339
0.0105688933319
0.00944121981868
0.0306375206274
0.0338902987745
0.0303332785355
0.0342010413446
6.04262030278
6.06349647131
6.04700353815
6.01964014223
6.02052999142
6.01587397844
6.02437908896
6.06303421095
6.06974190145
6.03784793336
6.05303251363
6.03225454234
6.02453711891
6.02938310702
0.00919571692508
0.0101929558498
0.00908998104156
0.0295464085918
0.0334620683982
0.029879929973
0.0330356885953
0.00890719676035
0.00999848951923
0.0311621051631
0.00904847081584
0.028776408069
0.0292143258031
0.032379357403
6.04377957024
6.0743810624
6.06965086475
6.03354273779
6.03855581508
6.05765337154
6.0287691009
6.05513263471
6.01958022122
6.04117415635
6.01709561459
6.03840211104
6.01209502706
6.01461501538
6.05336877638
6.01467154692
6.03562892874
6.01548303663
6.03652365894
6.01032415034
6.00950021418
6.0668965233
6.02286902277
6.04510354952
6.02748609744
6.0503484735
6.02272974996
6.01819747727
0.308156563941
0.343186458961
0.335081941608
0.300645417807
3.28105390107
3.9565704668
3.27952504799
0.644592403701
0.41676327599
0.408012774121
1.24520831656
0.635719499983
5.81343018236
5.82297344184
5.8164316202
5.81815985523
5.82161828794
5.81506847068
5.82493594135
0.230833864766
0.23475278895
0.22823743341
0.227155670312
0.236485664583
0.229969012915
0.23410648392
0.323417104163
0.290641958618
0.324362976494
0.289737427428
3.27667623889
3.95620785244
3.27649410684
0.395377668872
0.623951204244
1.23386627816
0.396373348308
0.622967346341
5.82153624196
5.81808869953
5.82775391695
5.82485941315
5.8211437307
5.81848364854
5.82811331294
0.225373864274
0.228413969349
0.232719731364
0.234811056028
0.225593903953
0.228191171583
0.232489168206
0.330021485206
0.292235168462
0.32633162757
0.295494479924
3.27846618987
3.95780484177
3.28001125313
0.403179669794
0.626882568952
1.24226803372
0.398927780755
0.631362780811
5.82054089893
5.818018551
5.82778562117
5.82387803004
5.82114701306
5.81737099372
5.82724054456
0.225672317026
0.228327422228
0.232610395995
0.235273549228
0.225448173416
0.22856872738
0.232862953723
6.06689675296
6.02286911342
6.04510388062
6.027485869
6.05034840081
6.0227297414
6.01819742423
0.0299201102415
0.00969944632303
0.00833936198231
0.0315625393425
0.0272990037449
0.00870336193052
0.0283446122585
0.00999888729928
0.0330842050051
0.00906601704473
0.0324904747418
0.00888437234462
0.029011040612
0.0295227478851
6.05336951866
6.01467193021
6.0356293409
6.01548330645
6.03652391725
6.01032472274
6.00950022462
0.0105083226661
0.0336374539283
0.00924933285463
0.0340167172636
0.00938478029519
0.030472833212
0.0301027570218
0.0106044642194
0.0344565232161
0.00953719172704
0.0343242752813
0.00949002160993
0.0307889607317
0.030916837004
6.05513267576
6.01958038093
6.04117415903
6.01709529664
6.03840175624
6.01209484278
6.01461470823
0.0106047306786
0.0344570298386
0.00953719067255
0.0343244023864
0.00948999743684
0.0307889838707
0.0309169109492
0.0105082470084
0.0336375303882
0.0092492887056
0.034017341792
0.0093846636928
0.030473081327
0.0301028264773
6.07438090313
6.04377941375
6.06965084329
6.03354245013
6.05765299699
6.03855601971
6.02876919394
0.00999910201934
0.0330847083485
0.00906576035855
0.0324906671587
0.00888430090195
0.0290110887862
0.0295228667319
0.00969958376427
0.0299201769892
0.00833942028064
0.0315627571987
0.00870330041243
0.0272989804219
0.0283445809954
5.82297421587
5.81343078386
5.81643243556
5.8181609138
5.8216186734
5.82493673079
5.81506930883
5.81948809291
5.82293887987
5.82714243104
5.81738477745
5.82622637072
5.81640391305
5.82046696283
0.238782016977
0.242970087489
0.240777024751
0.24064737981
0.24072803712
0.238492566469
0.242948962355
0.240294722648
0.240234790734
0.237650579256
0.24207397536
0.23806665273
0.242497534365
0.23990562171
0.234755387193
0.230835886865
0.228239925754
0.227158043588
0.236487989764
0.234109071692
0.229970978406
0.226438494451
0.235922486145
0.233086465209
0.228813998848
0.233545131146
0.229283960115
0.225952125174
5.23787758636
5.44515646614
5.44740643591
4.63371088965
5.23986366053
5.4493233635
4.63453762476
5.24265319004
5.2415366256
5.45063509219
3.28105359077
3.95656970773
3.27952465228
2.60542916372
1.92434274367
2.60225378058
3.95638878285
3.27725842215
3.27822333246
1.92050193133
2.5979054945
2.59972084598
0.644591584576
0.416762819783
0.408012738601
1.2452078872
0.635719520824
0.329616918218
0.292433947294
0.295542823268
0.326301068149
0.402069087916
1.24009853609
0.626110745437
0.629751783411
0.398489417024
5.23787734993
5.44515586017
5.44740636762
4.63371099597
5.23986331872
5.44932310225
4.63453806018
5.24265331116
5.24153691875
5.45063519142
2.60542912415
1.92434234678
2.60225392523
3.95638953998
3.27725810733
3.27822337158
1.92050206706
2.5979061852
2.59972171475
0.308156954582
0.343186166049
0.335081697328
0.300644279318
0.402069704873
1.24009827322
0.626111106573
0.629752651237
0.398489693097
0.329617460386
0.292433314401
0.29554284327
0.326300280209
5.81948714063
5.82293848092
5.81738445416
5.82714166984
5.81640327266
5.82622570563
5.8204665244
0.24296782743
0.238779361152
0.240774520537
0.24064465254
0.240725830497
0.242946627729
0.238489531374
0.240291670227
0.240232540599
0.242071585018
0.237647680344
0.242494835523
0.23806339285
0.239902098331
0.226436463178
0.235920160231
0.228811988661
0.233083885734
0.229281745393
0.233542345803
0.225949879003
5.82153651998
5.82775423204
5.8180890029
5.82485964236
5.82114411872
5.82811356046
5.81848385241
5.82166117978
5.82497636832
5.82811731566
5.81845102274
5.82823273927
5.81860202617
5.82152830739
0.239313580919
0.237287808842
0.241634120007
0.239114047626
0.239547636828
0.237054335321
0.241383270369
0.239223486901
0.239020159989
0.237017067656
0.241363302484
0.236962323676
0.241289234942
0.239282617213
0.225375769139
0.232721798894
0.228415576522
0.234812849674
0.22559593807
0.232491558136
0.228192801957
0.225279964758
0.234719194013
0.232441332996
0.228137186517
0.232397780948
0.22809630985
0.225307720859
5.45211719419
5.24351349584
4.63578686688
5.45162877766
5.24394284287
5.45219685768
4.63592789906
5.24380122929
5.24403699363
5.45186701209
3.27667740183
3.95620794944
3.27649468078
2.59679836899
1.91557252709
2.59637138284
3.95639577653
3.27737204846
3.27672081163
1.91581354341
2.59756867409
2.59661876621
0.395377390156
0.623950268721
1.23386551728
0.396372062721
0.622967014923
0.323401596366
0.29053061771
0.289688026643
0.324361287787
0.395428201636
1.23406005933
0.62433049536
0.623072731936
0.396568767441
5.45211699886
5.24351352668
4.63578699829
5.45162797784
5.24394299458
5.45219673142
4.63592804678
5.2438012622
5.24403806196
5.45186702499
2.59679752419
1.91557252973
2.59637089568
3.9563962606
3.27737167537
3.27672052865
1.9158137637
2.59756886302
2.59661855257
0.323417105454
0.290642124044
0.324362774105
0.28973692254
0.395429209256
1.2340597313
0.62433014415
0.623073406761
0.396568935022
0.323402199291
0.290531777338
0.289687709848
0.324362187775
5.82166086099
5.82497592582
5.81845053798
5.82811669665
5.81860168523
5.82823211612
5.82152788691
0.239310728652
0.241631701914
0.237284932138
0.239112072181
0.239544334642
0.241380919105
0.237051592548
0.239220416132
0.239018158383
0.241360952123
0.237014258423
0.241287007488
0.236959643559
0.23927924235
0.225278333051
0.234717855003
0.228136095721
0.232439119366
0.22809527462
0.232396136581
0.225306571156
5.82054122625
5.82778589334
5.81801877359
5.82387821784
5.8211473809
5.82724088565
5.81737121557
5.8255622921
5.81539911523
5.81871036832
5.81971703702
5.82302690897
5.82650782723
5.81645250251
0.239753233684
0.237207151245
0.241629500038
0.239637618999
0.239481422516
0.237474261078
0.241933512421
0.23806864514
0.242600543166
0.240305310868
0.240068494606
0.240050932995
0.237795081953
0.242353719955
0.225673997312
0.232612807367
0.228328875029
0.235275564139
0.22545018955
0.232865633781
0.228570345677
0.233522112448
0.229303906349
0.226364344468
0.225988521331
0.235663978274
0.233188818203
0.228940772719
5.44987525588
5.24313024788
4.63556149749
5.451033297
5.24220812715
5.2389072969
5.44598870299
5.44810322846
4.63504148911
5.24071671197
3.27846731751
3.95780505591
3.28001099367
2.59928054635
1.92277880193
2.60182299008
3.28413182807
3.95844502739
3.28195220671
2.60934032785
1.9277659288
2.60521990655
0.403179947749
0.626882228605
1.24226747089
0.398927104582
0.631364028388
0.310590779282
0.347411507868
0.336296732817
0.301003932767
0.650797713948
0.422432070854
0.410507776825
1.24882765965
0.638889505834
5.44987505212
5.2431305886
4.6355627145
5.45103265618
5.24220811817
5.23890706816
5.44598781426
5.4481030369
4.63504103621
5.24071709082
2.59927978447
1.9227797657
2.60182215279
3.28413232595
3.95844491846
3.2819522085
2.60934068507
1.92776633423
2.60522028711
0.330021531903
0.292236521885
0.326333164095
0.295494360302
0.650798221215
0.422431524367
0.410507907551
1.24882768359
0.638889263974
0.310591682717
0.34741212868
0.336297144094
0.301003845172
5.81539843803
5.82556181819
5.81870973613
5.81971669337
5.82302636189
5.81645194933
5.8265074099
0.239750030174
0.241626824177
0.237203570541
0.239635312013
0.239477725937
0.241931000324
0.237470789104
0.242598430591
0.238065714686
0.240302748834
0.240065311251
0.240048398643
0.242350903589
0.237791645476
0.229302417108
0.233519652947
0.226362559551
0.225987062073
0.235661903044
0.228938877246
0.233186659637
5.73225890154
5.7700179292
5.69521102643
5.79002607129
5.7366536252
5.77570565271
5.69987741322
5.66350467949
5.66190109398
5.62029215978
5.6224992584
5.70535338502
5.66571393557
5.66414423085
5.69521084721
5.78505093909
5.73225861927
5.7757054786
5.69987748927
5.79002597372
5.73665347338
5.74978911095
5.73375857253
5.75170824908
5.73884489187
5.77812081397
5.70217294859
5.7923121376
5.73897556757
5.77822591114
5.70229554217
5.62755026221
5.67017073731
5.66889797737
5.71048950904
5.6270140474
5.67071672407
5.66942511441
5.70217275469
5.79218916751
5.73884487176
5.77822591801
5.70229574932
5.79231205943
5.73897554943
5.75565870352
5.7385446074
5.75616590187
5.73704310266
5.77601320177
5.7002411644
5.78567696302
5.73289995158
5.77053374093
5.69580109222
5.6249729175
5.66947578357
5.66810958946
5.70788856298
5.62630137714
5.66813123859
5.66679239959
5.70024098701
5.79038997713
5.73704297673
5.77053364087
5.69580097111
5.78567670488
5.73289984059
5.75513858014
5.7361418672
5.75398024261
5.61665574113
5.66190811942
5.65972660727
5.69902223641
5.61853876729
5.65990779257
5.6575907517
5.74883280808
5.72844476551
5.74718480144
5.79461926324
5.80496143941
5.7855425372
5.7946103579
5.79604446245
5.80369996946
5.78415762969
5.74883341226
5.72844513525
5.74718559386
5.61665583485
5.65972650019
5.66190866522
5.69902223453
5.61853888949
5.65759057807
5.65990829994
5.79461825696
5.78554171329
5.80496052434
5.79460973931
5.79604340473
5.7841568931
5.80369855616
5.79285419285
5.79278384201
5.80303368184
5.7840941008
5.80157657832
5.78256427894
5.79443661293
5.72741341992
5.74778739635
5.74603596081
5.79285370927
5.79278231967
5.78409333036
5.80303300179
5.78256337424
5.80157603147
5.79443623247
5.72741242074
5.74778642387
5.74603477666
5.81027968654
5.81328811819
5.81486563172
5.81182677447
5.81616883931
5.81414193439
5.81313539954
5.81716551237
5.80471876691
5.78582957231
5.79626330061
5.7978975777
5.79733939364
5.80624775962
5.78748274123
5.76651002389
5.76616621799
5.78474820694
5.78661773966
5.74732666795
5.76838898058
5.76824981191
5.79934609677
5.79869377416
5.80862610708
5.79008547903
5.80759256893
5.78893970252
5.8004462349
5.78829180814
5.74929747987
5.77132473024
5.7715783718
5.77005007635
5.7702702973
5.78951187388
5.74978993297
5.73375983935
5.75170985693
5.73561426189
5.75472721912
5.75340197726
5.6245011415
5.70740899894
5.66913215658
5.66776998734
5.6676560457
5.66633113569
5.62595596233
5.66190052381
5.66350480934
5.62029197942
5.62249917616
5.70535283961
5.66414360969
5.66571335125
5.6245013816
5.70740892566
5.66777069681
5.66913365445
5.66633126295
5.6676562914
5.62595652826
5.76616541872
5.76650929374
5.78474768318
5.78661703039
5.74732542682
5.76824893613
5.7683878818
5.78582898947
5.80471804549
5.79626306887
5.79789713441
5.79733908398
5.78748234006
5.80624752629
5.78829126974
5.74929672124
5.77157819454
5.77132388771
5.77026985241
5.77004923023
5.78951151067
5.79934571784
5.79869349237
5.79008473579
5.80862566405
5.78893889728
5.80759218688
5.80044578073
5.73561345096
5.75472634596
5.75340019245
5.81027910707
5.813287184
5.81486456257
5.81182597011
5.81616794305
5.8141414728
5.81313498131
5.81716501535
5.81827046513
5.81485433428
5.81786357372
5.81526526716
5.81839859547
5.81522661253
5.81538663704
5.81825764057
5.80167335804
5.80936497972
5.79089842573
5.80096918723
5.80123635317
5.80978457066
5.79135420669
5.79085127785
5.77222532624
5.7726040228
5.75222359662
5.79038340199
5.77271496954
5.7730914304
5.80177647916
5.80107747734
5.80970381718
5.79119878939
5.80989705999
5.79145338714
5.80154138928
5.79094165102
5.75229989365
5.77248649849
5.77283174333
5.7728017968
5.77317166815
5.79064939948
5.75565903621
5.73854498862
5.75616689652
5.73862062694
5.75590458121
5.7562486225
5.62762199555
5.71056048205
5.67037701118
5.66909588823
5.67078639789
5.66949669633
5.62721737081
5.62755029074
5.66889815629
5.67017144995
5.71048995778
5.62701355945
5.66942508472
5.67071725648
5.62762235473
5.7105608293
5.66909619763
5.67037730744
5.66949674563
5.67078648167
5.62721759371
5.79085037052
5.77260371532
5.77222463323
5.75222291464
5.79038244386
5.77309082838
5.77271368779
5.80167252873
5.79089719734
5.80936443878
5.80096823991
5.80123586257
5.79135287949
5.80978380072
5.79094090335
5.75229923613
5.77283147878
5.77248575921
5.77317159951
5.77280127539
5.79064923208
5.80177567011
5.80107637114
5.79119810136
5.80970320152
5.79145245543
5.80989658496
5.80154076288
5.73861982938
5.75590395742
5.75624740535
5.81827022616
5.81485403871
5.8178633967
5.81526509051
5.81839849204
5.81522635126
5.81538654879
5.81825769207
5.81722797983
5.81479372761
5.81786056521
5.81411605489
5.81213016136
5.81535883306
5.81638016169
5.81320584812
5.80010976562
5.80921592693
5.79059826486
5.7995114919
5.8009752251
5.80845957781
5.78967814644
5.78894227416
5.77176621649
5.77197117467
5.74983251712
5.78996892782
5.77067711413
5.77081873863
5.80626316679
5.78705263947
5.79757354545
5.79893588047
5.79843844503
5.80744488795
5.78846353549
5.76751531329
5.76704707261
5.78582366266
5.78748656655
5.74801661157
5.76920794914
5.76897460003
5.75513943433
5.73614279045
5.7539810103
5.75069664006
5.73443696027
5.75245654336
5.66422232716
5.66260035839
5.62100343432
5.62310092313
5.70596755981
5.66631621123
5.66473684262
5.62497268465
5.66810921382
5.66947503392
5.70788861347
5.62630109772
5.66679187654
5.66813077108
5.662600764
5.66422247324
5.62100332778
5.62310094884
5.70596778253
5.66473678295
5.66631674186
5.78894140919
5.77197075069
5.77176541806
5.74983177179
5.78996796493
5.77081792487
5.77067588759
5.80010874798
5.79059729081
5.80921556403
5.7995104071
5.80097453669
5.78967685701
5.80845887959
5.76704712169
5.76751485811
5.78582323899
5.78748593681
5.7480161368
5.76897429143
5.76920753998
5.78705172969
5.80626287405
5.79757298597
5.79893512182
5.79843749684
5.78846280025
5.80744447355
5.75069603418
5.73443666026
5.75245624327
5.81722760239
5.81479363225
5.81786037459
5.81411590673
5.81212980374
5.81535848021
5.81637986912
5.81320556155
)
;

boundaryField
{
    walls
    {
        type            zeroGradient;
    }
    inlet0
    {
        type            zeroGradient;
    }
    inlet1
    {
        type            fixedValue;
        value           uniform 0;
    }
}


// ************************************************************************* //
