/*--------------------------------*- C++ -*----------------------------------*\
  =========                 |
  \\      /  F ield         | OpenFOAM: The Open Source CFD Toolbox
   \\    /   O peration     | Website:  https://openfoam.org
    \\  /    A nd           | Version:  7
     \\/     M anipulation  |
\*---------------------------------------------------------------------------*/
FoamFile
{
    version     2.0;
    format      ascii;
    class       volScalarField;
    location    "2";
    object      p;
}
// * * * * * * * * * * * * * * * * * * * * * * * * * * * * * * * * * * * * * //

dimensions      [0 2 -2 0 0 0 0];

internalField   nonuniform List<scalar> 
5218
(
1.01287790895
0.996070195664
1.01162994773
1.02764653842
1.04632302466
1.06745777785
-0.161842290959
-0.131277265914
-0.106596009657
-0.0857980500396
-0.0629050116922
-0.034549424826
1.01045605527
0.997505560224
1.01238757455
1.02668834308
1.04558612705
1.07669031663
1.11237942529
-0.176199849112
-0.129833487757
-0.10589394839
-0.086797544672
-0.0651998244358
-0.0357898979256
1.01078045084
0.998155756119
1.01279764888
1.02628555718
1.04450246454
1.07471185569
1.08508945402
0.452952036706
-0.174780208144
-0.174415866409
-0.126971219314
-0.105421282815
-0.0871829180833
-0.0662083514427
-0.0363320564421
1.0106394631
0.996933376699
1.01207139251
1.02737347764
1.04652045121
1.07217727787
1.10785425143
-0.169591748183
-0.131422156171
-0.106443750132
-0.0863142744513
-0.0639743039934
-0.0353894140307
1.01878083835
0.993726707014
1.00883557245
1.0252674203
1.0429625629
1.0619722745
-0.161356772973
-0.133535616254
-0.108993792758
-0.0879141825726
-0.0652706478445
-0.0369065634915
0.986608442466
0.994815409057
1.01258769258
1.02701364169
1.0435405435
1.0669366483
-0.166046682056
-0.128403419077
-0.104934676149
-0.0862357216036
-0.0650579594945
-0.0306543608785
0.988302882146
1.00601448026
1.01814119585
1.02922221525
1.04413895557
1.07240230732
1.12808209334
-0.154461180643
-0.118250114714
-0.0983691833526
-0.083363530035
-0.064788186613
-0.0363837381398
0.989705926073
1.00601432491
1.01814096023
1.02922195385
1.04413868438
1.06753124151
1.10559898733
0.424602728347
-0.23227881534
-0.15446118708
-0.118250058798
-0.0983692428003
-0.0833637623762
-0.0647884380474
-0.0389765228099
0.986915234027
0.997662719308
1.01391390412
1.02682055918
1.04282132067
1.07129656944
1.12171979703
-0.172714020208
-0.127675844505
-0.104160571258
-0.0869753979363
-0.067570377371
-0.0323452672625
0.994949251359
0.994197037359
1.01129446322
1.02645236851
1.04194752142
1.05903798549
-0.164333168449
-0.126464837136
-0.104663137139
-0.0853832226225
-0.0640274163931
-0.0373722153031
0.985358432701
0.995463620962
1.01349529848
1.02681710194
1.04200881303
1.06605802216
-0.166440485218
-0.126754653805
-0.10387144349
-0.0864533035839
-0.0665284406349
-0.0312798960166
0.988668285371
1.00713592793
1.01897325204
1.02949677729
1.04341807883
1.07013080352
1.13252392044
-0.153549472199
-0.117204261499
-0.0975969786827
-0.0833635398055
-0.0655927084662
-0.038834293541
0.990800403055
1.00713578851
1.01897307964
1.02949658621
1.043417887
1.06428078153
1.1100351167
0.421480225388
-0.239786463234
-0.153549443606
-0.117204184168
-0.0975969601537
-0.0833636249875
-0.0655928540161
-0.0423375237731
0.986379759952
0.999034864723
1.01526162224
1.02687797063
1.04104023304
1.0699032857
1.12548376833
-0.171866518449
-0.125519411085
-0.102718759408
-0.0871082036388
-0.06951346622
-0.0336649019341
0.992626965129
0.994534139474
1.01184571918
1.02628006781
1.04099885079
1.05784207627
-0.165430489017
-0.125326169708
-0.103930721702
-0.0854617836322
-0.0648709997922
-0.0386064283776
0.986341009849
0.99566871713
1.01334299474
1.02683133525
1.04220309484
1.0659100329
-0.166159205506
-0.127133455037
-0.104147599677
-0.0863060233252
-0.0660320939568
-0.0311711352428
0.98877496607
1.00622066263
1.01827147576
1.02923893094
1.04400142845
1.07021729514
1.1317723112
-0.15459230181
-0.118216943016
-0.0982727655025
-0.0832802951701
-0.0647523985043
-0.0385129333485
0.990618291966
1.0062205901
1.01827133269
1.02923877618
1.0440012974
1.06457801571
1.1085161088
0.421496432199
-0.239925778864
-0.154592217537
-0.118216783229
-0.0982727065184
-0.083280371005
-0.0647525053639
-0.0418267637181
0.986892455133
0.99886067073
1.0149728659
1.02682861406
1.0413655777
1.06993129489
1.12474329005
-0.172053329406
-0.126119741847
-0.103119648112
-0.0870226873066
-0.068927182579
-0.0333445501515
0.993607057254
0.994972602381
1.01182815821
1.02631146584
1.04105787524
1.05761707175
-0.164969048596
-0.125559269478
-0.104135071868
-0.0853365601971
-0.0644844700069
-0.0385593150226
0.991034728765
0.996529739096
1.01249710823
1.02713939891
1.04393810538
1.06579119202
-0.164258735415
-0.129542816252
-0.105645226248
-0.0858572008738
-0.0640094824706
-0.0327906334747
0.990133272841
0.99936913032
1.01399392767
1.02631379316
1.04230505144
1.07475693329
1.1234714016
-0.1757669224
-0.127720949435
-0.104632260991
-0.0871553756893
-0.0676564490085
-0.0342350866715
0.99079764059
1.00057927532
1.01464571205
1.02601726434
1.04088044127
1.07172069205
1.09623165593
0.426352458362
-0.22692010653
-0.174112704845
-0.124370848171
-0.104095606014
-0.0875262710456
-0.068968820274
-0.0355093911884
0.989892583982
0.997666416911
1.01331085575
1.02697201485
1.04411063821
1.07093260625
1.11777403074
-0.172246201814
-0.129781107764
-0.10537041431
-0.0865954273382
-0.0656715683656
-0.0329426987129
0.9994234472
0.996494634105
1.0116739313
1.02667754769
1.04209136454
1.0575722766
-0.16286963334
-0.127220628968
-0.105199467189
-0.0851271017982
-0.063085820805
-0.0351837438839
0.999423260369
0.991241392862
1.02200187872
0.993838323499
0.996494947031
1.00401157612
0.996045460411
1.00566258208
1.01167448696
1.01923215776
1.00957850529
1.02116627954
1.02667827992
1.03431420043
1.02506671226
1.03732294471
1.04209172479
1.04985825052
1.0416601807
1.05554174807
1.0575719693
1.0600993776
-0.171430628029
-0.167100927597
-0.162871750256
-0.139127597711
-0.161099902384
-0.139539222615
-0.1272217783
-0.115793455731
-0.132649445598
-0.114152660803
-0.105199752079
-0.0950784253688
-0.108582772488
-0.0928692257711
-0.0851267092522
-0.0746274315079
-0.0877417171997
-0.0715439707608
-0.063085119469
-0.0499656171878
-0.0656096390187
-0.0460696584037
-0.0351830761054
-0.00607275428806
-0.0386591610443
-0.00588999871158
1.08102831518
1.07093235724
1.10380567306
1.06589991578
1.07792226984
1.07101491881
1.0964665788
1.11777370568
1.10673035297
-0.181689076562
-0.200479050754
-0.170798297626
-0.199481229442
1.09623160247
0.662477059736
1.11132520971
1.08413594037
0.678144230467
0.426352095963
-0.0641830946508
0.451682398283
-0.0352730271268
-0.21287659732
-0.22692004093
-0.244019428113
-0.214779380301
-0.178623298871
-0.238224933669
0.662477487558
1.12347153549
1.08413607786
0.678144304631
1.11132560508
-0.0641831385899
0.451682403015
-0.035273291352
-0.244019351025
-0.2128764857
-0.178623307832
-0.238224813094
-0.214778503839
1.10380625243
1.06579159617
1.08102913093
1.07101525482
1.09646729512
1.06590040884
1.0779235553
1.10673117373
-0.200477963188
-0.181687477706
-0.199479558175
-0.170796732225
0.991241360652
1.02200243289
0.993838491696
1.00401115455
0.996045539942
1.005662421
1.01923155582
1.00957830975
1.02116587068
1.03431360203
1.02506611122
1.03732236087
1.0498582497
1.04165977834
1.05554199957
1.06009990709
-0.171428386589
-0.16709935538
-0.139126097371
-0.161098102661
-0.139537672807
-0.115792738379
-0.132648285577
-0.114152071504
-0.0950785079745
-0.108582562097
-0.0928692375839
-0.0746280222696
-0.0877418985452
-0.0715442983737
-0.0499663566916
-0.0656101090794
-0.0460702380223
-0.00607295943847
-0.0386597409877
-0.00589013607044
1.01878137393
0.991045111727
0.996602830034
0.987982977402
0.99372749654
1.00455096459
0.992230629231
1.00497931721
1.00883707356
1.02109531206
1.00939216154
1.02095123449
1.025269433
1.03825920637
1.02492771283
1.03667527098
1.0429641312
1.05746251117
1.0410504991
1.05489827775
1.06197339358
1.06025153477
-0.167283226627
-0.170703797912
-0.161356841066
-0.140490111539
-0.163037325569
-0.138025686729
-0.133535420774
-0.11468625773
-0.131009872795
-0.113216340697
-0.108992839446
-0.0931466845736
-0.10772348257
-0.092900904664
-0.0879125294739
-0.0714508192932
-0.0878706006036
-0.0725270809707
-0.065268279627
-0.0447449588376
-0.0664771850924
-0.045537657741
-0.036905348159
-0.00538588078427
-0.0361066039388
-0.00488500402809
1.07946943603
1.07217782739
1.09759015693
1.06722873171
1.08229728598
1.07189147881
1.10471933344
1.10785393523
1.11871230002
-0.170883817557
-0.199569960229
-0.175781646876
-0.20576394543
1.08508938014
0.679153237731
1.12435564267
1.09707189704
0.663161077393
0.452952150779
-0.0322401062373
0.427189013319
-0.0622422392296
-0.21385045713
-0.174780089153
-0.234241243156
-0.24018377698
-0.224541676786
-0.240122930905
0.679153301375
1.11237954959
1.09707201782
0.663161306071
1.12435593963
-0.032240069235
0.427189209163
-0.0622421136265
-0.23424128867
-0.21385069518
-0.224541599475
-0.240123009949
-0.240183984136
1.09759026055
1.06745703702
1.07946910827
1.07189096698
1.10471951025
1.06722798944
1.0822973182
1.11871272271
-0.199569881599
-0.17088354477
-0.205763744105
-0.17578109577
0.991044430074
0.996602431748
0.987982244584
1.00454966601
0.992229672723
1.0049776555
1.02109342858
1.00939036773
1.02094898621
1.03825753908
1.02492540771
1.03667331266
1.05746136079
1.04104862533
1.05489712681
1.06025061896
-0.16728299511
-0.170702762915
-0.140489864415
-0.163036380124
-0.138024903955
-0.114686863434
-0.131009455304
-0.113216438547
-0.0931480964327
-0.107724029396
-0.0929021263857
-0.0714531070816
-0.0878721372187
-0.0725289603383
-0.0447466756377
-0.0664791611166
-0.045539274421
-0.00538607329164
-0.0361080251599
-0.00488525871955
0.994949441647
0.988124184229
0.992730097007
0.987823030499
-0.0373709949548
-0.00477220489528
-0.0385289011916
-0.00493680271739
0.988123539291
0.992729930256
0.987822323068
-0.00477251359002
-0.0385298477304
-0.00493705370649
0.992627152685
0.98782905025
0.993105359913
0.988122064027
-0.0386055703256
-0.00497167332899
-0.0386013658078
-0.00498655773613
0.987828391293
0.993104947682
0.988121555279
-0.0049719140632
-0.0386020805398
-0.0049866524109
0.993607362854
0.988379736151
0.997485082358
0.99064408635
-0.0385586966063
-0.00498892185903
-0.038579083231
-0.0054820756131
0.988379277898
0.997485173855
0.990643857584
-0.0049890300901
-0.0385797506272
-0.00548224695531
0.990109855558
0.989892484933
0.990556646214
1.01557762
0.992414426645
1.01173818719
0.992133810955
1.00476219282
0.997666560695
1.00583887855
0.997532521171
1.00461536994
0.997853938087
1.00513001765
1.01985153826
1.01331130988
1.02010699882
1.012122842
1.01968976936
1.01248139828
1.01979580815
1.03500888872
1.02697257953
1.03450852652
1.0273774835
1.03574489227
1.02720812208
1.0355988839
1.05436771067
1.04411100323
1.05656593457
1.04512724393
1.05555994052
1.04570821948
1.05803863553
-0.14505657267
-0.172247146829
-0.147687209373
-0.16208001322
-0.145891769919
-0.170067791168
-0.148576098935
-0.116655407955
-0.129781830106
-0.116347139938
-0.13081654301
-0.117686592865
-0.131389694969
-0.117629334253
-0.0955357028593
-0.105370592253
-0.0957124860048
-0.106261948604
-0.0957557524962
-0.106217578405
-0.0959119192266
-0.0756432388899
-0.0865951492919
-0.0771080964713
-0.085625154809
-0.0749784990456
-0.0861636444131
-0.0758313365597
-0.0498400697604
-0.0656712350137
-0.0510561419433
-0.0632075553093
-0.0499534576872
-0.0641369345566
-0.0504917164599
-0.0114935405725
-0.0329425499773
-0.0112895411622
-0.0356734353229
-0.00647791376529
-0.0358682430425
-0.00681667682968
0.991713337275
0.990797645979
0.992770512282
1.01133283618
0.992062105708
1.01138583151
0.992375934435
1.09680114377
1.07172069732
1.08867771096
1.07581203789
1.09323041026
1.07398448783
1.08528295378
-0.0117383498025
-0.0355093619648
-0.0122865541385
-0.0359571238174
-0.00670685516548
-0.0363840292508
-0.00672496329931
0.992770489295
0.990133373077
0.991713373633
1.01138585735
0.992375891026
1.01133308896
0.992062117853
1.08867781762
1.07475714561
1.09680146193
1.07398456303
1.08528310095
1.07581228899
1.09323075977
-0.0122865736773
-0.0342351367592
-0.011738331277
-0.0363840262368
-0.00672497013953
-0.0359571146299
-0.0067067700403
0.990556650755
0.991034917126
0.990109897026
1.01173842361
0.992133809153
1.01557808176
0.992414502676
1.0058386051
0.996529546663
1.00476184137
0.997853818361
1.0051297323
0.99753243485
1.00461512662
1.02010656421
1.01249663152
1.0198509515
1.0124810102
1.01979532297
1.01212246862
1.01968929255
1.03450810482
1.02713878979
1.03500837402
1.0272075788
1.03559851116
1.02737687998
1.03574437952
1.05656590133
1.04393779874
1.05436777801
1.04570796691
1.05803872764
1.04512695908
1.05556006369
-0.147686273336
-0.16425723997
-0.14505526941
-0.170066613822
-0.148575019128
-0.162078385299
-0.145890446644
-0.116346563219
-0.129541809897
-0.11665465918
-0.131388856762
-0.117628709606
-0.130815419705
-0.117685854271
-0.0957124706969
-0.105644960618
-0.0955357067413
-0.106217360646
-0.0959119278536
-0.106261641885
-0.0957557342175
-0.0771083878252
-0.085857519362
-0.0756436481067
-0.086163839391
-0.0758315278609
-0.0856253687554
-0.0749788221246
-0.0510563648057
-0.0640099818673
-0.0498404629312
-0.0641371507369
-0.0504918106235
-0.0632079111836
-0.0499537411966
-0.0112896035096
-0.0327909877717
-0.0114936893801
-0.0358683438392
-0.00681666837407
-0.0356737195777
-0.00647801888375
1.00098588866
1.00985075984
1.03336097905
1.00138596957
1.02156772713
0.997526830851
1.005698089
0.994078539464
0.99368102917
0.994356601591
0.994556602037
0.99339686555
0.99386285958
0.995470939143
0.998162034908
0.996240029659
0.995810747719
0.998476019643
0.995592731661
0.998580952731
0.998441352374
1.00182876637
1.00581926919
1.00549696117
1.00204801879
1.00545482233
1.00240900987
1.00169783428
1.01321470152
1.00988600553
1.00922977777
1.01340558907
1.00939488156
1.01349292418
1.01324944359
1.01713152464
1.02114251325
1.02103160319
1.01732660757
1.02093288939
1.01752452686
1.01702235791
1.0286144673
1.02513945137
1.02478121501
1.02901868057
1.02477798542
1.02885737905
1.02883990649
1.0325415595
1.03696900388
1.03688563733
1.03311822787
1.036471869
1.03303337808
1.03269673955
1.04437006752
1.0413486921
1.04084103504
1.04614630063
1.04041218271
1.04549562459
1.04514238826
1.04833925488
1.05465395007
1.05384720672
1.0507274712
1.05269081027
1.05007219328
1.04924541441
1.0618531692
1.05970564598
1.05805088893
1.06468343919
1.05713595699
1.06486911796
1.06231581576
1.06558495221
1.06872929403
1.06896937454
1.06562275132
-0.168776064839
-0.168043609024
-0.164592143772
-0.171126525186
-0.164857786909
-0.172361545009
-0.16813649382
-0.151098257005
-0.161650551857
-0.158857207482
-0.154202925576
-0.158636851578
-0.153880626669
-0.152028715432
-0.143692947379
-0.138823021957
-0.137986412242
-0.146756581818
-0.136899395448
-0.145756246169
-0.145032345456
-0.1247866366
-0.131928646372
-0.131623691254
-0.126178901505
-0.130737007795
-0.125840487754
-0.125323332463
-0.1189994633
-0.114011504311
-0.113709940778
-0.119983438736
-0.113436142453
-0.119552444574
-0.119526467925
-0.102827699245
-0.108310330635
-0.10837551561
-0.103233342099
-0.108051019687
-0.103209877207
-0.102935653142
-0.0976646575267
-0.0929464952501
-0.0926002839715
-0.0979867688332
-0.0926059042922
-0.0978278405821
-0.0978648267841
-0.0823609343754
-0.0876841334314
-0.0875976613226
-0.0825502791396
-0.0875170906252
-0.0827339107375
-0.0822325784592
-0.0769831498048
-0.071846408091
-0.071198704987
-0.0771337331291
-0.0714387855584
-0.0771815605992
-0.0769592949561
-0.0594530969968
-0.0657438901295
-0.0654374374437
-0.0594270053035
-0.0655725961251
-0.0598185928889
-0.0590930881872
-0.0529055016446
-0.0464211972723
-0.0455607139531
-0.0528528114575
-0.0460424837475
-0.0529844965293
-0.0526760354007
-0.0289959475658
-0.0388014445165
-0.0378602099761
-0.0291737920914
-0.0385291643791
-0.0300632038565
-0.0277570482051
-0.0177939871205
-0.0062049077693
-0.0054171217897
-0.0179055756275
-0.00580523636561
-0.0188348887231
-0.0166678508857
1.07616241231
1.07833235492
1.07281242562
1.08394847133
1.07240965976
1.08493510267
1.07675295552
1.10987837044
1.09917208482
1.10114069714
-0.186187591331
-0.172199691061
-0.176560229332
-0.176908147329
-0.17822588609
-0.177830863784
-0.184969473002
1.13571642891
1.11302941901
1.12528370451
1.10516986731
1.13215903651
1.10928715615
1.12328998895
1.07927636607
0.66713977941
0.946473274565
0.935978812526
1.08208841611
0.439949287581
0.271338169094
0.262116253157
-0.0444087642041
0.112430112206
0.10475714415
-0.344760071898
-0.29414774415
-0.300447141644
-0.330270366964
-0.381835179037
-0.198288871457
-0.270262481968
-0.276731257088
-0.361116386802
1.07927663041
0.667140416896
0.946473371826
0.935978704495
1.08208872415
1.1357166091
1.11302972317
1.10517001551
1.12528396749
1.1092872877
1.13215946469
1.12329014254
0.439949654984
0.271338116906
0.262115942053
-0.0444087822237
0.112430109693
0.10475731368
-0.381835044991
-0.198289758504
-0.270262264463
-0.276731709204
-0.361115920959
-0.344759927101
-0.29414704629
-0.300446886459
-0.330269913012
1.07616332987
1.07833357711
1.08394983183
1.07281311318
1.08493641004
1.07241019303
1.07675418553
1.10987910982
1.09917298065
1.10114159102
-0.186185469628
-0.172197861133
-0.176906380266
-0.17655877387
-0.177828666289
-0.178224021687
-0.184967297277
1.00098636416
1.00985121084
1.00138654645
1.03336161519
0.99752721781
1.02156841615
1.0056985718
0.994078961222
0.993681177268
0.994557123297
0.994356921411
0.993863159297
0.993397038436
0.99547152666
0.998161839173
0.996239986024
0.998475976944
0.995810837876
0.998580653026
0.995592601359
0.998441254393
1.00182855833
1.0058189953
1.00204787591
1.00549687191
1.00240878692
1.0054545174
1.00169771075
1.01321443277
1.00988567937
1.01340534661
1.00922972288
1.01349249855
1.00939458548
1.01324938041
1.0171313125
1.02114205939
1.01732632099
1.02103134178
1.01752411898
1.0209324261
1.01702220208
1.02861384946
1.02513895328
1.02901799087
1.02478074597
1.02885678327
1.02477753845
1.0288391849
1.03254100025
1.03696852807
1.03311757356
1.03688509019
1.03303281002
1.03647120015
1.03269609157
1.04436986995
1.04134834391
1.0461460556
1.04084064434
1.04549543907
1.04041188405
1.04514224879
1.04833942588
1.05465406248
1.05072754635
1.05384756481
1.05007246189
1.05269097243
1.04924559724
1.06185380871
1.05970592329
1.0646839854
1.05805151466
1.06486934135
1.05713592494
1.06231702548
1.06558557968
1.06872981017
1.0689692623
1.06562442659
-0.168774476288
-0.168041887104
-0.171124991923
-0.164590445133
-0.172360610476
-0.164856521759
-0.168133470909
-0.151096125307
-0.161648277921
-0.154200918174
-0.158855518093
-0.153878712805
-0.158634686141
-0.152026346256
-0.143691108937
-0.13882137555
-0.146754934129
-0.137984860464
-0.145754469897
-0.136897686287
-0.145030513618
-0.124785564786
-0.131927449874
-0.126177843567
-0.131622443693
-0.125839330862
-0.130735779426
-0.125322399329
-0.118998657042
-0.114010842282
-0.119982729237
-0.113709476278
-0.119551666101
-0.113435556066
-0.119525736547
-0.102827446767
-0.108310031807
-0.103233115805
-0.108375242792
-0.103209605902
-0.108050682187
-0.102935479967
-0.0976645033797
-0.0929465204627
-0.0979867248217
-0.092600294584
-0.0978278123647
-0.0926060473409
-0.097864777442
-0.0823612557631
-0.087684347876
-0.0825504749883
-0.0875977567645
-0.0827341617144
-0.0875173284375
-0.0822328571606
-0.0769835028967
-0.071846792188
-0.0771340766366
-0.0711991226772
-0.0771819345209
-0.0714393620096
-0.0769595410176
-0.05945382241
-0.0657443660158
-0.0594274666391
-0.0654380224133
-0.0598190639888
-0.0655732172081
-0.059093756265
-0.0529062806816
-0.0464217789502
-0.0528533931082
-0.045561567706
-0.0529850938645
-0.0460432727704
-0.0526768819075
-0.0289966769273
-0.0388019936604
-0.0291742520743
-0.0378610502282
-0.0300636987522
-0.038529993333
-0.0277577226373
-0.0177945499099
-0.00620508938144
-0.0179059708573
-0.0054172841847
-0.0188353590352
-0.00580545304011
-0.0166683128952
0.990608241561
1.01063966737
0.991116847387
0.989336449086
0.98829803648
0.989031632225
0.989704966299
1.00366347146
0.996933953559
1.00443848253
0.995058285045
1.0038632699
0.996872437865
1.00523639927
1.01958306423
1.01207224411
1.01966903863
1.01204145537
1.01972159395
1.0129434065
1.01995896143
1.03644711372
1.02737450506
1.03608240956
1.02730361322
1.03554798284
1.02705384738
1.03484448471
1.05712595447
1.04652142267
1.05909896169
1.04498165626
1.05593863945
1.04473990379
1.05743820399
-0.146194955957
-0.16959192096
-0.148315107941
-0.163174678042
-0.145399254312
-0.171038545571
-0.147121007507
-0.118098719576
-0.131422173746
-0.117811779338
-0.129940462519
-0.116943935578
-0.129665311222
-0.116431016657
-0.0960183255194
-0.106443016759
-0.0961225961567
-0.105874910365
-0.0957491733721
-0.105525026179
-0.0958827632835
-0.0749846585126
-0.0863128848082
-0.0758606731265
-0.0860673353482
-0.0757729573863
-0.0867410570006
-0.077179128621
-0.0491914212123
-0.0639728843464
-0.0501062606384
-0.0638868599184
-0.0491757492615
-0.0655880831596
-0.0507675929929
-0.00609782329822
-0.0353886107733
-0.0067458392262
-0.0314266897443
-0.010659899662
-0.0325609359522
-0.0111451616566
0.991406671687
1.01078047195
0.991862640774
0.989595318041
0.99123099909
0.990378202899
0.99240880375
1.00509192321
0.998155859947
1.00584675842
0.998906965967
1.00662416934
1.0002350088
1.00776097456
1.01952685822
1.01279775263
1.01960694845
1.01369787798
1.01990693779
1.01438917821
1.02005138035
1.03494927351
1.02628566901
1.03416648175
1.0262998957
1.03313826042
1.02595882787
1.03207942046
1.05994698193
1.04450259855
1.05883918442
1.04263736607
1.05642477707
1.04108374397
1.05411700481
1.09418431926
1.07471189806
1.08614466652
1.07544705332
1.09761421061
1.07227025385
1.08939477272
1.12634468493
1.10616802615
1.12431865104
1.1367221514
1.11405325746
1.13319872567
1.11025490845
-0.291232720113
-0.325591638434
-0.335764289597
-0.296009709416
-0.148030371709
-0.174415935249
-0.143479391656
-0.178658831385
-0.145802206064
-0.172237465231
-0.140334206539
-0.116685897034
-0.12697126223
-0.115356829826
-0.127476652661
-0.115144684364
-0.124244624839
-0.113983372791
-0.0960601536698
-0.105421159658
-0.0960181067515
-0.104734298498
-0.0957683758266
-0.104212044968
-0.0958112331304
-0.0768337989632
-0.0871826349101
-0.0775330529519
-0.0872824938798
-0.0785685501573
-0.087649414312
-0.0794828700528
-0.0509484812135
-0.0662080649876
-0.0517779087979
-0.067661247466
-0.0530423436605
-0.0690162858214
-0.0545908943477
-0.00666596256532
-0.0363318888357
-0.00671379622495
-0.0341667873928
-0.0117423597247
-0.0355243308812
-0.0123153512079
0.99186258312
1.0104559757
0.991406477436
0.990378163991
0.992408716884
0.989595177947
0.991230797381
1.0058466926
0.997505199227
1.00509146241
1.00023490566
1.00776082721
0.998906699224
1.00662376119
1.01960683161
1.01238705655
1.01952630537
1.01438906062
1.02005127402
1.01369744167
1.01990640065
1.03416640431
1.02668777137
1.03494864878
1.02595869577
1.03207929193
1.02629937208
1.03313766163
1.05883912017
1.04558557739
1.0599465654
1.04108357951
1.05411693702
1.04263681572
1.05642433108
1.08614462831
1.07669005254
1.09418432418
1.07227015413
1.08939481397
1.07544677047
1.09761426734
0.273054341775
0.441091143871
0.263682309652
-0.266022599795
-0.3563552849
-0.375300261074
-0.194544639723
-0.272195434273
-0.143479314393
-0.176199865358
-0.148030319816
-0.172237518394
-0.140334226072
-0.178658939536
-0.145802263117
-0.115356811074
-0.129833603906
-0.116686185263
-0.124244642493
-0.113983343638
-0.127476704758
-0.115144857423
-0.0960182608876
-0.105894442751
-0.09606094161
-0.104212082363
-0.0958113479315
-0.10473467119
-0.095768981099
-0.077533268421
-0.0867984127215
-0.0768348204413
-0.087649583354
-0.0794830787876
-0.087283227751
-0.0785693300546
-0.0517780805966
-0.0652007824017
-0.050949274784
-0.0690165028142
-0.0545910711196
-0.0676620169426
-0.0530429848595
-0.00671383209179
-0.0357905507001
-0.00666608113907
-0.0355244948576
-0.0123153742418
-0.0341672584559
-0.0117424809403
0.991116431817
1.01287761289
0.990607728337
0.989031385169
0.98970456544
0.989336101607
0.988297422133
1.00443774092
0.996069346996
1.00366237845
0.996871839516
1.00523562664
0.995057413307
1.00386208215
1.01966809541
1.01162859868
1.01958154453
1.01294251521
1.01995798356
1.01204003804
1.01971998167
1.03608136615
1.02764490708
1.03644554539
1.02705278077
1.03484344931
1.02730193722
1.03554634251
1.05909817359
1.04632162522
1.05712483723
1.04473892379
1.05743742057
1.0449802401
1.05593749991
1.10037605496
1.11096363115
1.10231109433
-0.148314935136
-0.161841886431
-0.146194802777
-0.171038468675
-0.147120808466
-0.163174285271
-0.145398883804
-0.11781201444
-0.131277310152
-0.118099215031
-0.129665259894
-0.116431219702
-0.129940324308
-0.116944150685
-0.0961236518625
-0.106596923404
-0.0960197131924
-0.105525601953
-0.0958837140028
-0.10587564619
-0.0957503480065
-0.075862117721
-0.085799720872
-0.0749865607337
-0.0867422322022
-0.077180382218
-0.0860688314497
-0.0757746559923
-0.0501074670854
-0.0629069183413
-0.0491929854147
-0.0655893187232
-0.0507685941448
-0.0638885491006
-0.0491771808686
-0.0067460005423
-0.034550501133
-0.00609802574688
-0.0325616372746
-0.0111453535412
-0.0314275886144
-0.0106601889403
0.998493728062
1.02964329141
1.00646491687
1.00216950332
1.01749272185
0.996694353197
0.994030976799
0.996572989494
0.992998789633
0.996299967465
0.99617786006
0.993585274983
0.996706576381
0.992418210238
1.01287090068
1.00843522076
1.01269493547
1.01274078363
1.00902384214
1.01302288327
1.00848996749
1.02940226064
1.02498400928
1.02925094884
1.02904714039
1.02521382307
1.02928910163
1.02483274721
1.04774009228
1.04227132966
1.04694409277
1.04631583084
1.04262853751
1.04738518526
1.04172738632
1.06649555469
1.06015284168
1.06431690051
1.06398144308
1.06199745284
1.06674088313
1.05958018821
-0.154733127646
-0.159461832657
-0.152998649263
-0.152665873509
-0.161823729255
-0.154928589721
-0.159424888942
-0.126942316807
-0.132831297949
-0.126306675152
-0.125747201391
-0.133211194821
-0.126606585611
-0.132223219772
-0.103620337774
-0.108836156881
-0.103349551608
-0.103120188646
-0.108801681207
-0.103470444542
-0.108560329564
-0.0826978229029
-0.0877698156238
-0.0823668876334
-0.0824050678752
-0.0879631044826
-0.082801126288
-0.0877685178282
-0.0588790752912
-0.0650306449643
-0.0584000365153
-0.0586911274075
-0.0655726233887
-0.0591810229218
-0.0653048067416
-0.0275928329351
-0.0354550534293
-0.0255930908712
-0.0253885889452
-0.0365786610205
-0.0272345160115
-0.0353284948873
0.99419812837
1.00312422329
0.994429828286
1.0035804365
1.01129626675
1.01906996767
1.01165133875
1.01923332705
1.02645443954
1.03410136232
1.02633916643
1.03372291921
1.04194921473
1.05022898621
1.04131541351
1.0495551038
1.05903883243
1.05797218895
-0.17327564189
-0.175094893542
-0.164334219502
-0.138805950361
-0.165383740144
-0.138084780594
-0.126465428999
-0.114942936107
-0.125710134548
-0.114267719268
-0.104662816125
-0.0948536829786
-0.104210777634
-0.0946240076628
-0.0853819320341
-0.0752301388373
-0.0854485147829
-0.0755669510238
-0.0640258143659
-0.051110286028
-0.0646100645604
-0.0517714305968
0.986852624788
0.986915500747
0.989164136636
0.985565243218
0.98651891861
0.986388890036
0.989432479836
1.00438350262
0.997663180588
1.00642037016
0.995177139065
1.00514650515
0.998533191327
1.00755132708
1.01992219244
1.01391463604
1.02037626742
1.01318769066
1.02023743881
1.01483351798
1.02086064347
1.03463310617
1.02682149502
1.03377104778
1.02686525816
1.0340374235
1.02682582663
1.03311620811
1.05460645151
1.04282218654
1.05563383741
1.04247374925
1.05361107808
1.04153683505
1.05426700678
1.08335127053
1.07129703733
1.10640011139
1.06638928928
1.08432250066
1.07031301776
1.10804543472
1.12171930708
1.12514265131
-0.186312029971
-0.207358504156
-0.186851751461
-0.206056113131
-0.144553077359
-0.17271418776
-0.14549883649
-0.166529850829
-0.14373436943
-0.1723258242
-0.144212109639
-0.115537155583
-0.127676074053
-0.114391131794
-0.127293688208
-0.114485409311
-0.126213865818
-0.113095328612
-0.0953114525961
-0.104160298453
-0.0951960882607
-0.104246926328
-0.0949747315543
-0.10321263083
-0.0947714003402
-0.0765832849005
-0.086974592702
-0.0784221854993
-0.0864064356337
-0.0772195596993
-0.0871060265466
-0.0793015506926
-0.0498844201478
-0.0675694937473
-0.0523115408452
-0.0660783866962
-0.0507147516971
-0.0689579504386
-0.0536937000321
-0.00994014065642
-0.0323447674909
-0.010593815293
-0.031018421037
-0.0100683064511
-0.0332911751869
-0.010972453711
0.992618182887
0.989706015742
0.994773500018
0.988457035002
0.993853893393
0.99039259369
0.996676036047
1.10559890775
0.664172418845
1.13214633785
1.10890892049
0.665875315328
0.424602558968
-0.0691019995237
0.421805336555
-0.0774387182921
-0.233267065346
-0.232279130839
-0.237900787325
-0.230462228356
-0.239384298535
-0.236050023757
-0.0118413121765
-0.0389764493913
-0.0129366333343
-0.0385215847098
-0.0127283137224
-0.0418571127563
-0.0142077247847
0.99477343438
0.988302777028
0.99261799798
0.990392500434
0.996675936186
0.988456904528
0.993853678339
0.664172572761
1.12808249861
1.10890883013
0.665875405899
1.13214644562
-0.0691016419
0.421805360162
-0.0774386319925
-0.237900778499
-0.233267441652
-0.239384132434
-0.236049963037
-0.230462627996
-0.0129366428577
-0.0363840496172
-0.0118413490419
-0.0418572054964
-0.0142077307339
-0.0385218266763
-0.0127283320308
0.989163758012
0.986608164822
0.986852112407
0.986388689011
0.989432085431
0.985564960001
0.986518431456
1.00641967095
0.994814531411
1.00438237865
0.998532685144
1.00755066122
0.995176315843
1.00514541863
1.02037537219
1.01258629151
1.0199206946
1.01483273941
1.02085984361
1.01318645161
1.0202360411
1.03377007008
1.0270119727
1.03463155065
1.02682489757
1.03311533262
1.02686384076
1.03403608953
1.05563313498
1.04353911873
1.05460536512
1.04153596331
1.05426633521
1.0424725112
1.05361015144
1.10640032908
1.06693600796
1.0833511538
1.07031252701
1.10804546261
1.06638868521
1.08432255032
1.12514279557
-0.207358396082
-0.18631150541
-0.206055992024
-0.18685102765
-0.145498628222
-0.166046024493
-0.144552461366
-0.172325613296
-0.144211837936
-0.166529128376
-0.143733655715
-0.114391121069
-0.128402994844
-0.115537053378
-0.126213664752
-0.113095144112
-0.127293158839
-0.114485115863
-0.0951966517706
-0.104935087888
-0.0953122606814
-0.10321272133
-0.094771722417
-0.104247129379
-0.0949752703835
-0.078423085129
-0.0862369312506
-0.0765846076791
-0.0871066132379
-0.0793022201991
-0.0864073422615
-0.0772206003479
-0.0523122632915
-0.065059369351
-0.0498856229978
-0.0689586618746
-0.0536942499187
-0.0660794774244
-0.0507156410769
-0.0105939692424
-0.0306551287854
-0.00994038493448
-0.0332915307711
-0.0109725333085
-0.0310190217285
-0.0100685028271
1.00611221997
0.993722107635
1.00502302245
0.988733365844
0.987672362305
0.989515485299
0.986699735057
1.00312273799
0.994428807498
1.00357903371
1.0190679174
1.01164978115
1.01923156608
1.03409940473
1.02633742269
1.03372121616
1.0502277472
1.04131396641
1.04955399433
1.05797146436
-0.173274590521
-0.175093417881
-0.138804910177
-0.16538230636
-0.138083649059
-0.114942737655
-0.125709296886
-0.114267340228
-0.0948545507361
-0.10421085008
-0.0946246031293
-0.0752316678272
-0.0854494678652
-0.0755681917163
-0.051111801447
-0.0646113262981
-0.051772644602
-0.0265614195468
-0.0258235828262
-0.0373097374188
-0.0381492922933
-0.0259656734857
-0.0261608343721
-0.0382661845798
0.994535088884
1.00380669835
0.994691464016
1.00390469028
1.01184703626
1.01932619631
1.01190086984
1.01934551532
1.02628143561
1.03351876953
1.02626988996
1.03347357571
1.04099991238
1.04925441714
1.04091935889
1.04914489916
1.05784265961
1.05764810434
-0.175165439434
-0.174845769332
-0.16543193369
-0.137813407307
-0.1651873906
-0.137742984326
-0.125327101126
-0.113887070153
-0.12527445497
-0.113848831946
-0.10393088615
-0.094471543527
-0.103898895101
-0.0944382766807
-0.0854610692525
-0.0757299537393
-0.0854224763703
-0.0756876912781
-0.0648699749422
-0.051982883781
-0.0648298297658
-0.0519545836047
0.986582824467
0.986379959776
0.989708973635
0.985600004776
0.98678487392
0.986548272484
0.989846982919
1.00553839732
0.999035165768
1.00810618714
0.99560918691
1.00562659478
0.999136927317
1.00817370133
1.02040400483
1.01526222014
1.0211308521
1.01354307808
1.02042264954
1.0153049405
1.02115497532
1.03377527395
1.02687866651
1.03291029684
1.02680840437
1.03373533085
1.02688260641
1.03289173311
1.05314425377
1.04104085906
1.05371677984
1.0419327872
1.05303298848
1.04099431682
1.05363759545
1.08433504963
1.06990362731
1.10820487133
1.06591305192
1.0840569373
1.06978745602
1.10798405753
1.12548344606
1.12524529185
-0.186829156377
-0.205541811813
-0.186593466345
-0.205340762844
-0.143314977379
-0.171866852355
-0.143542262497
-0.166307028478
-0.143240826666
-0.17177198985
-0.143501608151
-0.113955869774
-0.12551978447
-0.112433064009
-0.126702100005
-0.11391588824
-0.125487202183
-0.112402825681
-0.0947734627635
-0.102718792938
-0.0944810901243
-0.103837616942
-0.0947403313536
-0.102689681316
-0.0944511679395
-0.0775014301373
-0.0871077801294
-0.0796170007165
-0.0864191395273
-0.0774693353804
-0.0870793993694
-0.079591339261
-0.0510956354368
-0.069512924422
-0.0542014853678
-0.0665068422094
-0.051095375282
-0.0694967421656
-0.0541989947742
-0.010207502644
-0.0336646426185
-0.0111877604756
-0.0313016605257
-0.0102188844484
-0.0336698905135
-0.0111864446188
0.994294982729
0.990800416985
0.9973094072
0.988776933777
0.994372828529
0.990877282859
0.997357889131
1.11003507707
0.666001899491
1.13230298289
1.10990409027
0.665840692029
0.421480350468
-0.0781863476699
0.421297142089
-0.0784815068997
-0.229444020342
-0.239786841627
-0.235024635977
-0.229306433381
-0.240052210985
-0.234930477715
-0.0130109238332
-0.0423374414938
-0.0146092741262
-0.0388246339941
-0.0130033467433
-0.0423223360341
-0.0145999433084
0.997309369527
0.988668193371
0.994294807572
0.990877233923
0.997357834084
0.988776859741
0.99437271571
0.666001803764
1.1325238759
1.10990402792
0.66584067113
1.13230332964
-0.078185743374
0.421297089253
-0.0784812087946
-0.235024575545
-0.229444390907
-0.240052225759
-0.234930275814
-0.229306637085
-0.0146092431744
-0.0388344802819
-0.0130109387897
-0.0423223950425
-0.0145999397815
-0.0388248111993
-0.0130033950999
0.989708667195
0.985358189072
0.986582383071
0.986548248991
0.989846832905
0.985599762558
0.986784590639
1.00810561902
0.995462929919
1.0055375163
0.999136641676
1.00817321648
0.995608651075
1.00562585168
1.02113012916
1.01349420167
1.02040292328
1.01530434707
1.02115436315
1.01354217708
1.02042167642
1.0329095792
1.02681591265
1.03377421582
1.0268819687
1.03289112356
1.02680745057
1.03373448398
1.0537162484
1.04200782303
1.0531435294
1.04099377794
1.05363714484
1.04193200182
1.05303244153
1.10820490064
1.06605758001
1.08433526974
1.06978717129
1.10798426348
1.06591278172
1.08405739882
1.12524571992
-0.205541693113
-0.186828322338
-0.205340484069
-0.18659244035
-0.143541925931
-0.166439702644
-0.143314138716
-0.171771643837
-0.143501270513
-0.166306142626
-0.143239999393
-0.11243278613
-0.126754014253
-0.113955415958
-0.125486928564
-0.112402576622
-0.126701461717
-0.113915408947
-0.0944812474414
-0.103871397993
-0.0947737771995
-0.102689635776
-0.0944512982764
-0.103837483203
-0.0947405189237
-0.0796175053985
-0.0864539578326
-0.0775022291187
-0.0870797781233
-0.079591812555
-0.0864197427011
-0.0774700476003
-0.0542018733527
-0.0665292703836
-0.0510963260716
-0.0694972485179
-0.0541993873278
-0.0665076649572
-0.0510959879129
-0.0111877748873
-0.0312803175395
-0.01020763527
-0.0336701279896
-0.011186520281
-0.0313021184935
-0.0102190325647
1.00387803234
0.992637710388
1.00390236473
0.987824391013
0.985766872952
0.98780368517
0.985772837738
1.00380548958
0.99469070217
1.00390368385
1.01932469667
1.01189970047
1.01934429748
1.03351737874
1.02626871461
1.03347257197
1.04925353344
1.04091852542
1.04914429592
1.05764771198
-0.175163976155
-0.174843888326
-0.137812242225
-0.16518582801
-0.137741783932
-0.113886566734
-0.125273555999
-0.113848208945
-0.0944719167409
-0.103898728891
-0.094438490011
-0.07573096228
-0.0854231057517
-0.0756885706831
-0.0519838744789
-0.0648307693887
-0.0519554941685
-0.0270950766204
-0.0265976760132
-0.0386627660428
-0.0386396593781
-0.0270616789709
-0.0266410691989
-0.0386801585725
0.994973211563
1.00390590564
0.995567436251
1.00384554228
1.0118290764
1.01930137961
1.01168156509
1.01922739835
1.02631235038
1.03358880057
1.02644286259
1.03388664483
1.04105843812
1.04918903025
1.04146567751
1.04940247197
1.05761714205
1.05756037517
-0.17453481131
-0.172617146452
-0.164970785088
-0.137863230831
-0.163717999737
-0.138285496751
-0.125560296698
-0.114174463944
-0.126240674668
-0.114876203935
-0.104135342623
-0.0945377569987
-0.104615736675
-0.0947644639101
-0.0853359944045
-0.0754356634056
-0.0852107703755
-0.0750076618656
-0.0644835912913
-0.0517070915485
-0.0638137165382
-0.0511983662856
0.987191331298
0.98689245213
0.989860773685
0.988008852843
0.988194800107
0.987702258992
0.989872346537
1.00543964844
0.998860863939
1.00777584347
0.995821342847
1.00497285537
0.998244535291
1.00683179297
1.02029519013
1.0149732886
1.02093505976
1.01289134219
1.02002475197
1.01416804949
1.0204939896
1.03389620705
1.02682909954
1.03304208938
1.02693238779
1.03432768442
1.02679734002
1.03358553227
1.05321885388
1.04136593881
1.05399480841
1.04295027208
1.05374640687
1.04244669326
1.05508059913
1.08384698224
1.06993141464
1.10766671857
1.06599752632
1.08223101777
1.07060833233
1.10559354694
1.12474268898
1.12088420543
-0.186040740265
-0.205232996373
-0.184673413394
-0.20464665033
-0.143518451707
-0.172053789937
-0.144110225242
-0.16571625696
-0.144242535652
-0.172429592207
-0.145513816047
-0.114365465534
-0.126120186967
-0.112998486191
-0.128142158298
-0.115348152455
-0.127621886617
-0.114277232531
-0.0948772860868
-0.103119784396
-0.094678109051
-0.104781707445
-0.0951608623295
-0.10402824066
-0.0950563648796
-0.0771284551576
-0.0870223746469
-0.0792322958399
-0.0860775760445
-0.0764539677466
-0.0868503613525
-0.0783350855003
-0.0507638948003
-0.0689267724139
-0.0537153191529
-0.0650502696727
-0.050162086203
-0.067569523874
-0.0524405468643
-0.0101561961548
-0.0333442628481
-0.0109866493803
-0.0312728845312
-0.0103024774636
-0.0325424719555
-0.0106711518226
0.994111118725
0.990618303979
0.996852154269
0.988771059445
0.993000967403
0.990042888934
0.995033126531
1.1085159433
0.665605555027
1.12730003562
1.10495716747
0.663591888414
0.421496574985
-0.0779886008187
0.423901113379
-0.070747947531
-0.230090227056
-0.239926059462
-0.236044687998
-0.23278194187
-0.234401976218
-0.238997328237
-0.0127130407777
-0.0418266827861
-0.0141847088095
-0.036398473473
-0.0118275429485
-0.0389388266285
-0.0129040602116
0.996852142887
0.988774987483
0.994111076071
0.990042900786
0.995033134895
0.988771085236
0.993000955312
0.665605792527
1.13177266375
1.10495720283
0.663592022749
1.12730014965
-0.0779879179999
0.423901448097
-0.0707480975008
-0.236044569302
-0.230090425267
-0.234402051935
-0.238997313503
-0.232781883395
-0.0141847027637
-0.0385130630588
-0.0127131694253
-0.0389388544414
-0.0129040878565
-0.036398630283
-0.0118276001366
0.989860706781
0.986340959005
0.987191150983
0.987702327644
0.989872311568
0.988008902322
0.988194710633
1.00777549831
0.995668324907
1.00543908221
0.998244365347
1.0068314863
0.995821077741
1.00497234969
1.02093458246
1.01334224373
1.02029442415
1.01416760353
1.02049353542
1.01289073108
1.02002404889
1.03304161703
1.02683057043
1.03389558027
1.02679682242
1.03358509601
1.02693170643
1.0343270805
1.05399451602
1.04220257797
1.05321858723
1.0424463433
1.05508045431
1.04294984196
1.05374625479
1.10766702777
1.06590997556
1.0838475536
1.07060842542
1.10559388231
1.0659976618
1.08223166386
1.12088463392
-0.205232640811
-0.186039533615
-0.204646069276
-0.184672009385
-0.144109730491
-0.166158114294
-0.143517460519
-0.172428952986
-0.145513154517
-0.165714965399
-0.144241437502
-0.112998156017
-0.12713273636
-0.114364900451
-0.127621418898
-0.114276789492
-0.128141217672
-0.115347561182
-0.0946781393756
-0.10414739166
-0.0948773872454
-0.104028115517
-0.0950563607794
-0.104781490792
-0.0951609654417
-0.0792326807493
-0.0863064606382
-0.0771290927881
-0.0868506351874
-0.0783353855167
-0.0860779889419
-0.0764545515835
-0.053715670924
-0.0660327695969
-0.0507644880469
-0.0675699281181
-0.052440828733
-0.0650509355371
-0.0501626235261
-0.0109867299775
-0.0311715447003
-0.0101563234499
-0.032542688435
-0.010671209512
-0.0312733015655
-0.0103026507958
1.00500470073
0.994432346872
1.00594571777
0.989654064535
0.986609600393
0.988808205744
0.987331049714
1.00390507145
0.995566982308
1.00384488304
1.0193003408
1.01168077913
1.01922660132
1.03358797239
1.02644208287
1.03388596619
1.04918865166
1.04146523982
1.04940227894
1.05756047525
-0.174532829196
-0.172615020941
-0.137861964827
-0.16371597665
-0.138284046761
-0.114173862108
-0.126239567614
-0.114875472163
-0.0945379759745
-0.104615446905
-0.0947646019811
-0.0754364902177
-0.0852112850361
-0.0750083945667
-0.051707955784
-0.0638145080154
-0.0511991750519
-0.0271912906444
-0.0266206324946
-0.0386289711017
-0.0385385488818
-0.0271081391715
-0.02665046189
-0.0386540345967
1.00703895831
1.00057931998
1.00808924707
0.998126990786
1.00561350446
0.998649055135
1.00628151592
1.02007958034
1.01464578048
1.02023048912
1.0127402697
1.01968735072
1.01311769356
1.01978390583
1.03299360688
1.02601736571
1.03202326739
1.02662925271
1.03466374324
1.0262874583
1.0339887918
1.05592003872
1.04088049726
1.05376371447
1.04506311926
1.05922375141
1.04413027106
1.05828565571
-0.358721721044
-0.308119712281
-0.360272288762
-0.307254876048
-0.146116685819
-0.174112912947
-0.141002687631
-0.176522111311
-0.148391437542
-0.176501059449
-0.144189351632
-0.115149690766
-0.124371040701
-0.113927921811
-0.129953915212
-0.116616714524
-0.127090190581
-0.115273893263
-0.095623547754
-0.104095688933
-0.0956719569564
-0.105735441226
-0.0958834484536
-0.105267444946
-0.0958513791642
-0.0784833164541
-0.0875262157996
-0.0793857188444
-0.0866580850385
-0.0767698969774
-0.0870446203983
-0.0774479824277
-0.053105887672
-0.0689688153937
-0.0545737832381
-0.0652468202449
-0.0510929505926
-0.0661949435074
-0.0518183521187
1.00808917813
0.999369032857
1.00703876939
0.998649000995
1.00628145645
0.998126891048
1.00561329372
1.02023041541
1.01399365735
1.02007932429
1.01311756743
1.01978382155
1.01273997064
1.0196870085
1.03202321587
1.02631344009
1.03299333007
1.02628735708
1.03398870471
1.02662895496
1.0346634816
1.05376371638
1.04230478615
1.05592000446
1.0441302666
1.05828565705
1.04506295805
1.05922383397
0.246535568258
0.431490677938
0.253290520155
-0.404572825403
-0.304692388696
-0.215681948451
-0.413264595705
-0.295028432999
-0.141002504983
-0.175766581439
-0.146116229809
-0.176500722769
-0.144189108434
-0.176521374739
-0.148390733333
-0.113927786722
-0.127720615857
-0.115149291599
-0.12708993046
-0.115273729327
-0.129953303021
-0.116616286014
-0.0956719253692
-0.10463215063
-0.0956235092723
-0.105267392674
-0.0958513596187
-0.105735267388
-0.0958834520332
-0.0793857736536
-0.0871555110308
-0.0784834135654
-0.0870446606895
-0.0774480256379
-0.0866581811627
-0.0767700443125
-0.0545737952701
-0.0676566599946
-0.0531059426656
-0.0661949719867
-0.0518183929155
-0.0652469303942
-0.051092924184
0.996369149929
0.992907776007
1.01127807189
1.00249935113
0.99412937036
0.994867802621
1.01441166999
1.06138880923
1.06439288343
1.055369335
1.05826860235
1.06108887191
1.06454655152
1.05606108219
-0.149530021891
-0.152452479711
-0.158587926787
-0.162269284255
-0.148926513395
-0.152760082775
-0.158424893838
0.996368907215
1.01127793719
0.992907793314
1.00249893841
0.994129339278
1.01441131642
0.994867613036
1.06138798146
1.05536896078
1.06439239732
1.05826799812
1.06108818132
1.05606071299
1.0645454771
1.06572429876
1.06993441777
1.06586495679
1.06952940213
-0.169727590401
-0.166297667791
-0.17579507076
-0.170090161996
-0.170874577271
-0.165495328622
-0.174226288939
-0.149532087255
-0.158590286127
-0.152454395336
-0.16227139565
-0.148928617305
-0.158427146597
-0.152761813472
-0.0193556601641
-0.00604938793731
-0.0193355355606
-0.00632556942149
-0.0192946885166
-0.00618792308269
-0.0198254883222
1.08257376853
1.0966632396
1.08713092252
1.10178709153
1.0835495405
1.09478925714
1.08638918146
1.08084274454
1.09950910149
1.09125555574
1.08457714371
1.09254014029
1.08525721203
1.08153489882
-0.199294141063
-0.198251006189
-0.186447994991
-0.222261540607
-0.186767296273
-0.221355985178
-0.199072607918
1.09730055215
0.951364865673
0.663525684969
1.10757686516
0.945740771337
0.246535573326
0.431490376902
0.253290472918
0.0881331962721
-0.0551348910911
0.0958407297381
-0.287778548888
-0.256793224726
-0.220949271333
-0.213472173969
-0.282700685682
-0.259469046144
-0.222945143763
-0.404572551531
-0.304692266327
-0.215682120222
-0.413264339326
-0.295028400981
-0.282353756992
-0.21323686335
-0.25594670941
-0.22092556203
-0.258139493673
-0.221729054568
-0.275238323326
1.09730106269
0.951364982536
0.663526193496
1.10757720421
0.945740663292
0.088133239834
-0.0551348478885
0.0958405856647
-0.358721480331
-0.30811968419
-0.360272132307
-0.307254867038
-0.287778513479
-0.220949090643
-0.256792876015
-0.21347168213
-0.282700767589
-0.222944714103
-0.259468493929
-0.282353281401
-0.213235850956
-0.220924939161
-0.255945577916
-0.221728549111
-0.25813859753
-0.275238047071
1.08257444813
1.08713135426
1.09666389238
1.10178771952
1.08355005483
1.0863897704
1.09479015639
1.08084348443
1.09950976033
1.08457785476
1.09125623003
1.08525775382
1.09254090075
1.08153575438
-0.199292644345
-0.198249656847
-0.222260123361
-0.186446470279
-0.22135461723
-0.186765758483
-0.199070778868
1.06572503264
1.06993505194
1.06586570327
1.06953029549
-0.169725330203
-0.175792705289
-0.166295128363
-0.170087867186
-0.170871609974
-0.174224324502
-0.165492989249
-0.0193563092274
-0.0193360378987
-0.00604963745584
-0.00632577008231
-0.019295238269
-0.0198259580741
-0.00618818121314
1.02964384999
0.998494256803
1.00646535977
1.0021701453
1.01749324067
0.996695020438
0.994031563588
0.990911921175
0.991916018531
0.992073940339
0.989478317663
0.990624334057
0.989656022084
0.990402672627
0.999519202642
1.00786394248
1.01080774946
0.992750958965
0.988996604808
0.990820492219
0.990829128682
0.987089969837
0.988859021645
0.987330892022
0.986571121616
0.988124918107
0.988047313487
0.985815700484
0.992999695184
0.996573979295
0.996301075906
0.996178893557
0.993586174367
0.992419113774
0.996707617021
1.00432464722
1.00063374415
1.00013062868
1.00016546974
1.00478437215
1.00442094194
1.00084804375
0.995931505091
0.992453955007
0.991455326095
0.996213658634
0.991574841448
0.99621504135
0.995917993276
1.00018243445
1.00481224872
1.00455582914
1.00110594991
1.00445759747
1.00077710111
1.0004972647
1.00843689982
1.0128726292
1.01269691599
1.01274300427
1.00902557297
1.00849196487
1.01302477667
1.02095911665
1.01708610765
1.01675933676
1.01673535461
1.02112569616
1.0209049729
1.01716733363
1.01272999259
1.00909253907
1.00874306064
1.01315328042
1.00851727239
1.01305971029
1.01275025779
1.01667922761
1.02103427315
1.02067847928
1.01731676939
1.02077742771
1.01716101474
1.01680610852
1.02498640138
1.02940437141
1.02925328722
1.02904963183
1.02521611445
1.02483529783
1.0292912345
1.0379056046
1.03381400175
1.03342999972
1.03311001547
1.0379983741
1.03750657684
1.03361343744
1.02870484448
1.02498815925
1.02451886751
1.02860743324
1.02459920021
1.02894393531
1.02836979508
1.03263129796
1.03735655311
1.03626559229
1.0327629856
1.0368741924
1.03311729935
1.03231677578
1.04227307751
1.04774157611
1.04694570391
1.04631745023
1.04263028589
1.04172915744
1.04738674793
1.05601570538
1.05260668539
1.05138091609
1.05066141187
1.0572755926
1.05534883634
1.05228186779
1.0452921003
1.04177695031
1.04021740753
1.04527880654
1.04089025633
1.04640201049
1.04426442458
1.0494947745
1.05631430657
1.05299342069
1.05003606065
1.05424579936
1.05120903815
1.04840539143
1.06015405335
1.06649640349
1.06431775326
1.06398214062
1.06199857888
1.05958123338
1.06674164265
1.0704561315
1.0674760792
1.06741188807
1.07064578017
1.06347857747
1.06122398668
1.05770498261
1.06616092658
1.05866077606
1.06645477994
1.06301543766
1.06741223619
1.07136610043
1.07107961682
1.06742162683
-0.164936093977
-0.171283004465
-0.168315926915
-0.16887061768
-0.167793905272
-0.165164770644
-0.172195419385
-0.169955732587
-0.16896366772
-0.166857739209
-0.17585618069
-0.165838822041
-0.173793184623
-0.171382995349
-0.159461888894
-0.154733378616
-0.152998767689
-0.152666343087
-0.161823989729
-0.15942532543
-0.154929055256
-0.139388873596
-0.147584251585
-0.146322171263
-0.145790881859
-0.140226715163
-0.13873401744
-0.147508925421
-0.15206964004
-0.162251777761
-0.159730825071
-0.154249615295
-0.159465425513
-0.154659508841
-0.15135435271
-0.144759523178
-0.139151492725
-0.136225417169
-0.14538385092
-0.137524456499
-0.146691320526
-0.143381560765
-0.132831129021
-0.12694208933
-0.126306337776
-0.125747000109
-0.133211090928
-0.132223172902
-0.126606421339
-0.114326666331
-0.120589946523
-0.12026865467
-0.119821368581
-0.114425479815
-0.113938799615
-0.120296238608
-0.124791183061
-0.132189156331
-0.129962390692
-0.124869646828
-0.131123895673
-0.125656568862
-0.123955097319
-0.119026710553
-0.113729339576
-0.112710412668
-0.118648762004
-0.113278211823
-0.119489087274
-0.118191971939
-0.108835213362
-0.103619216892
-0.103348463035
-0.103119222512
-0.108800728289
-0.108559590567
-0.103469371442
-0.0928841488197
-0.0982714796586
-0.0981686997621
-0.0980319768595
-0.093114512264
-0.0927857950078
-0.0981925088957
-0.102730942547
-0.108295197531
-0.107511476933
-0.102792958698
-0.108060765691
-0.103072395034
-0.10242795292
-0.0977554846383
-0.0929489481992
-0.0925159069802
-0.0975896044903
-0.0926090720514
-0.0979194955756
-0.0974176014028
-0.0877681666691
-0.0826958296028
-0.0823648798852
-0.08240320413
-0.087961371909
-0.0877669504659
-0.0827992859435
-0.0710643724841
-0.0771268393713
-0.076935823668
-0.0770683633214
-0.071690730244
-0.0712403263377
-0.0773136819747
-0.0824638735351
-0.0879596052881
-0.0876471256629
-0.0831162393896
-0.0877225276579
-0.0829134980325
-0.0826465453998
-0.0772438441358
-0.0720403123377
-0.0719931157123
-0.0777178372448
-0.071539737329
-0.0775480639279
-0.0774092852821
-0.0650279807158
-0.0588768333689
-0.0583973924024
-0.0586885289426
-0.065570316742
-0.0653022168039
-0.0591788002143
-0.043783956621
-0.0519067861312
-0.0514699033441
-0.0517441749384
-0.0447083478042
-0.0438381391974
-0.0521184746081
-0.0593052622964
-0.0660376416074
-0.0662784635159
-0.0605308327756
-0.0657625100599
-0.0597050783518
-0.0602183492469
-0.0524083176329
-0.044647668823
-0.0453957213777
-0.0532290452275
-0.0442465725257
-0.0524839479742
-0.0534436136068
-0.0354536210013
-0.027591895746
-0.025592059655
-0.0253875134618
-0.0365773428071
-0.0353270718376
-0.0272335424354
-0.00477697214897
-0.0166219424371
-0.00529197412592
-0.0150368024308
-0.00465919647683
-0.0149085422069
-0.0164264985069
-0.0253825577048
-0.0359379422061
-0.0360812358335
-0.0258309187386
-0.0354596521583
-0.0263068549294
-0.0255374605984
-0.0051181898604
-0.00443037689867
-0.00455622143712
-0.0149029236886
-0.0152035865006
-0.0157359644224
-0.0148693111425
1.07440956085
1.08533301665
1.07816876372
1.0775480565
1.07984945439
1.07399087329
1.08627345107
1.09250484335
1.08569917579
1.08280082294
1.08206658009
1.10058344921
1.09374786092
1.08632682809
1.08369082064
1.10279284359
1.09767984558
1.08800532888
1.0959113167
1.08736329557
1.08455169006
1.10037586297
1.1109633895
1.10231094342
-0.176916544581
-0.177315528716
-0.186162275919
-0.188001166935
-0.171362140113
-0.17821126104
-0.17786566441
-0.187019877599
-0.223547985809
-0.201036059825
-0.203831858031
-0.200706665387
-0.187729686218
-0.227215227454
-0.190925167738
-0.173184817373
-0.183155356841
-0.182401458799
-0.180556673984
-0.179975456822
-0.193201819595
-0.207762658604
-0.205169357779
-0.192659881164
-0.229284661192
-0.190761428299
-0.231350915578
-0.208761596484
0.947451338987
1.08310794232
1.08026170308
0.668048735416
0.936904631772
1.14615797097
1.11996834971
1.14849818072
1.12091733626
1.1418979339
1.1163736233
1.15321888927
1.09823866851
0.66431982883
0.952137082437
0.946599483336
1.10843635292
0.273054487211
0.44109125254
0.263682418894
0.114737816675
-0.0415887422296
0.106879280039
0.432477891606
0.247681530183
0.254646703454
-0.0527864704399
0.0896592366227
0.0976599530224
-0.254599243063
-0.21912770706
-0.271839921241
-0.273318539738
-0.214281674352
-0.256281807771
-0.220326474673
-0.26602264908
-0.356354897487
-0.375300240332
-0.194544594516
-0.272195276934
-0.337323621909
-0.29738850619
-0.296608700639
-0.339949378892
-0.396387950006
-0.212745527315
-0.302131590675
-0.291736663876
-0.405937245587
0.947451620107
1.08310819417
1.08026217999
0.668048884528
0.936904754918
1.10616819036
1.12634506237
1.12431900132
1.13672254162
1.11405339075
1.11025497958
1.13319899929
1.09823886565
0.6643201484
0.952137247494
0.946599836735
1.10843657592
1.14615818698
1.11996863854
1.12091754434
1.14849852923
1.11637389547
1.14189816539
1.15321912697
0.114738045802
-0.041588208103
0.106879381934
0.432477943922
0.247681302778
0.254646053543
-0.0527859938006
0.089658902829
0.0976599085826
-0.291232965423
-0.325592088987
-0.335764560171
-0.29601009583
-0.219127924646
-0.254599152017
-0.271839898282
-0.273318722657
-0.214282021604
-0.220326819214
-0.256281817649
-0.396388083625
-0.212745536421
-0.302131497017
-0.291736689937
-0.405937701066
-0.337323976584
-0.297388902502
-0.296609116933
-0.339949790518
1.0856988922
1.0925049151
1.08280051128
1.08206620401
1.10058354504
1.08632650504
1.09374788022
1.0853327198
1.07440901953
1.07816831742
1.07754760872
1.07984923623
1.08627323881
1.07399028869
1.08369064391
1.10279288297
1.08800514724
1.09767991691
1.0873630686
1.09591135908
1.08455138905
-0.22354800343
-0.187019715513
-0.201035748598
-0.203831642924
-0.200706612288
-0.227215248786
-0.187729558219
-0.177315018003
-0.176916018038
-0.186161646966
-0.188000814477
-0.17136183819
-0.17786522943
-0.178210779043
-0.20776258148
-0.205169327639
-0.229284769065
-0.192659819376
-0.231350811406
-0.190761461175
-0.208761627386
-0.19092485796
-0.173184494742
-0.182401076693
-0.183154918965
-0.179975230092
-0.18055621435
-0.193201541566
0.991915366132
0.990911128067
0.992073305967
0.989477708977
0.990623514379
0.990402061739
0.98965534794
0.999518842255
1.00786363765
1.0108073158
0.992750541892
0.988996130832
0.990820078704
0.990828772327
0.987089485563
0.988858350082
0.986570622709
0.987330257485
0.988046745444
0.988124183803
0.98581527614
1.0006325673
1.00432313259
1.00012930677
1.00016406006
1.00478276473
1.00084681741
1.00441923718
0.995930321218
0.992453190884
0.99621245616
0.991454438648
0.996213980984
0.991573943238
0.995916762038
1.00018081732
1.0048107042
1.00110463262
1.004553961
1.00077580224
1.00445569293
1.00049575119
1.01708426071
1.02095682475
1.0167571194
1.01673297909
1.02112337737
1.01716535778
1.02090245229
1.01272756482
1.00909076318
1.01315130461
1.00874090661
1.01305774333
1.0085150336
1.012747973
1.01667658561
1.0210320594
1.01731469839
1.02067589388
1.01715892604
1.02077470934
1.0168036398
1.03381202588
1.03790377168
1.03342782803
1.03310777661
1.03799638054
1.03361141183
1.03750466017
1.02870219546
1.02498592503
1.02860531214
1.02451630695
1.02894180044
1.02459644966
1.02836733407
1.03262895199
1.03735465903
1.03276080517
1.0362634606
1.03311515222
1.03687210436
1.03231439444
1.0526053458
1.05601444285
1.05137939881
1.05065985246
1.05727426594
1.05228046323
1.0553475961
1.04529027131
1.041775133
1.04527716139
1.04021543057
1.04640047168
1.04088830662
1.04426266454
1.04949321426
1.05631315546
1.05003450026
1.05299227837
1.05120765469
1.05424455793
1.04840379934
1.07045543705
1.06747539124
1.06741134574
1.07064520925
1.06347801427
1.06122307618
1.06616034629
1.0577040464
1.06645416068
1.05865987102
1.0630149712
1.06741190298
1.071365851
1.07107938101
1.06742139767
-0.171282642628
-0.164935840744
-0.168315622138
-0.168870045336
-0.167793412662
-0.172194924204
-0.165164169583
-0.169954774113
-0.168962965744
-0.175855263335
-0.166856418838
-0.173792605866
-0.165837946766
-0.171381778201
-0.147584219641
-0.139388802852
-0.146322200998
-0.145790601443
-0.140226499078
-0.14750878712
-0.138733841717
-0.152068845175
-0.162251267662
-0.154248654438
-0.159729464307
-0.154658872623
-0.159464590099
-0.151353119024
-0.144759012331
-0.139151050156
-0.145383071324
-0.136224619218
-0.146690853954
-0.137524060562
-0.143380678509
-0.120590446705
-0.114327349792
-0.120269310679
-0.119821779689
-0.114426250249
-0.120296718281
-0.113939391876
-0.124791160139
-0.132188983276
-0.124869317859
-0.129961998273
-0.125656524193
-0.131123759989
-0.123954692146
-0.119026983429
-0.11372970585
-0.118648804149
-0.112710494707
-0.119489333305
-0.113278576753
-0.118191996648
-0.0982727789662
-0.092885545693
-0.0981699249231
-0.0980331910184
-0.0931161437941
-0.0981937441628
-0.0927871479762
-0.1027318375
-0.108295792569
-0.102793597492
-0.107511865404
-0.10307326801
-0.108061347943
-0.102428582264
-0.0977566662497
-0.092950272591
-0.0975906585022
-0.092517159469
-0.0979206896547
-0.0926104606181
-0.0974186512072
-0.0771289812693
-0.0710668811325
-0.0769381532016
-0.0770706120246
-0.0716930933043
-0.0773157473148
-0.0712427047687
-0.0824657257419
-0.087961214307
-0.083117796181
-0.0876485992693
-0.082915302647
-0.0877242296047
-0.082648208863
-0.0772459474203
-0.0720423982401
-0.0777196613431
-0.0719950777608
-0.0775500826901
-0.0715420446245
-0.0774111544066
-0.0519088773737
-0.0437858284485
-0.0514722675656
-0.0517465459048
-0.0447102740121
-0.0521205507315
-0.0438399749503
-0.0593077205507
-0.0660398868487
-0.0605327310125
-0.0662805157575
-0.0597072467602
-0.0657650274707
-0.0602204046932
-0.0524104902392
-0.0446492868633
-0.0532308935227
-0.0453974937262
-0.0524858993918
-0.0442483844983
-0.0534455256092
-0.0166225151272
-0.00477720152533
-0.00529217637057
-0.0150373923819
-0.00465940487511
-0.0149091426746
-0.0164269905811
-0.0253835242475
-0.0359392089429
-0.0258319874748
-0.0360827375416
-0.0263077746292
-0.0354610709183
-0.0255385634393
-0.00511840970469
-0.00443067555573
-0.00455645499505
-0.0149035613668
-0.0152041844224
-0.0157364500717
-0.0148700170651
1.00611237564
0.993722326441
1.0050229832
0.988733382141
0.987672670918
0.989515621259
0.986699944342
0.98462494364
0.986657493149
0.985613172017
0.988131589153
0.984914218037
0.986680380311
0.985089295022
0.993109630908
1.00402191114
1.00436704237
0.988220947512
0.98585727224
0.98618946732
0.987932695877
0.984337469312
0.988016483233
0.986330513167
0.984577485856
0.986543519556
0.984810833772
0.984128088467
-0.0265599401791
-0.0373081897493
-0.0258225158284
-0.0381480417219
-0.0259643391505
-0.0382647259284
-0.0261597398076
-0.00443352573041
-0.00481583612345
-0.00452656623775
-0.0152573281106
-0.0150350692978
-0.0149823596777
-0.0151602978912
-0.0268431744762
-0.0383980547164
-0.0386346351733
-0.0265119480218
-0.0385177920784
-0.026366287487
-0.0269964973794
-0.00487812356718
-0.00466316730704
-0.00460557763606
-0.0154509643698
-0.015422795981
-0.0153041764756
-0.0155800158248
0.984624726465
0.985612841701
0.986656886044
0.988130826162
0.984914001973
0.985088875351
0.986679745597
0.993109517516
1.00402183945
1.0043670679
0.988220908554
0.985856924685
0.986189237892
0.987932544216
0.98433711124
0.988015848353
0.984577079994
0.986329785088
0.984810451333
0.986542762338
0.984127693988
-0.0044339531412
-0.00481620143456
-0.00452697903814
-0.0152585055593
-0.0150357678235
-0.0149833996697
-0.0151610449788
-0.0268444686403
-0.0383991555239
-0.0265128603147
-0.0386358456807
-0.0263673124058
-0.0385191233272
-0.0269976816736
-0.00487842799294
-0.00466359543199
-0.00460606757143
-0.0154520232324
-0.0154234261425
-0.0153048796282
-0.0155810264806
1.00387818787
0.992638049762
1.00390289666
0.987825023418
0.985767133807
0.987804153592
0.985773295055
0.984056434678
0.986291068014
0.984545168614
0.987840287818
0.984035828895
0.98629657159
0.984561316934
0.992802003301
1.00441290416
1.00407536403
0.987980022144
0.986178300479
0.98591794203
0.98827979781
0.984190776314
0.987953466059
0.986606682745
0.98490329122
0.986408731009
0.984693252424
0.984438255083
-0.0270939898868
-0.0386615727726
-0.0265968251448
-0.0386388573054
-0.0270605580198
-0.0386792318173
-0.0266403169666
-0.00469299831452
-0.00499042053377
-0.00470877346516
-0.0156807775715
-0.0154984444016
-0.0156458549067
-0.0155371889158
-0.0271028623809
-0.0386423627694
-0.0386450293794
-0.026627377312
-0.0386750656374
-0.0266541069968
-0.02709106069
-0.004996944478
-0.00471338376013
-0.00471478515102
-0.0156938179338
-0.0155342470346
-0.0155511302754
-0.0156916669227
0.984055711511
0.984544643895
0.986290223512
0.987839578073
0.984035281014
0.984560777551
0.986295776082
0.99280154838
1.00441228866
1.00407471785
0.98797930621
0.986177862723
0.985917526561
0.988279121229
0.984189994516
0.987952861916
0.984902816586
0.98660602306
0.984692740502
0.986407968277
0.984437667861
-0.00469338741212
-0.00499058290707
-0.00470911201778
-0.0156816856209
-0.0154989738857
-0.0156467636758
-0.0155376974383
-0.0271037390824
-0.0386431948399
-0.0266279858401
-0.0386458303731
-0.026654785183
-0.0386760824045
-0.0270916677956
-0.00499711184965
-0.00471352615638
-0.0047150507001
-0.0156944644871
-0.015534524243
-0.0155515419148
-0.015692075812
1.00500521787
0.994432584604
1.00594605327
0.989654464614
0.9866098901
0.988808834938
0.987331243152
0.985572301685
0.986903765024
0.985246480973
0.988890176287
0.984869181471
0.987520592938
0.985827396946
0.995674928415
1.00945610365
0.990448770973
1.00745278715
0.99313361364
0.991092990138
0.988488196563
0.989887576695
0.988464254714
0.989173476382
0.986859257856
0.989633166137
0.98842065758
0.986779690959
-0.0271907705634
-0.0386282343056
-0.0266201879007
-0.0385379139062
-0.027107606072
-0.0386533310392
-0.0266499512748
-0.00472842477063
-0.00499991806756
-0.00477996957027
-0.0158343217341
-0.0155374197558
-0.0157210654586
-0.0155889361637
-0.0388031205317
-0.0281165924109
-0.0287092520528
-0.0275940287267
-0.0386401322126
-0.0388148884185
-0.0269423318166
-0.00512827717319
-0.00546097320125
-0.0170628730042
-0.00499083209846
-0.0174670830007
-0.0162887805515
-0.015900768645
0.985571882733
0.985246154194
0.986903119954
0.988889783734
0.984868698097
0.985827193316
0.987520162095
0.995674875885
0.990448807823
1.00945622524
1.00745261857
0.993133564746
0.991092775624
0.988488116026
0.988464174059
0.989887298452
0.989173362404
0.986858911871
0.989632879922
0.986779577597
0.988420242431
-0.00472846701112
-0.00499999072831
-0.00478006933768
-0.0158345642459
-0.0155376543367
-0.015721263397
-0.0155892482968
-0.0281171810103
-0.0388038784119
-0.0287099649715
-0.0275946408997
-0.0386407790533
-0.0269428551047
-0.0388156363593
-0.00512841934841
-0.017063353042
-0.00546122788634
-0.0049909712038
-0.0174676738758
-0.0162892050334
-0.0159011309731
1.00316919904
0.997267135222
1.01350030106
0.995262522065
1.0010089821
0.994331897045
0.995974609364
0.999467160213
1.01242002797
1.0001070685
0.993714351349
0.994458567181
0.993101797607
0.995188061299
-0.00647432672386
-0.0197895294925
-0.0068036606727
-0.0200846421354
-0.00658297552017
-0.020559647879
-0.0207527569864
-0.00658737338401
-0.00682091271498
-0.00653876541519
-0.0204972877654
-0.0205951027969
-0.0205979933004
-0.0206302063735
0.999237903443
1.01128061172
0.999285285164
0.993011636826
0.994132275729
0.992968457123
0.994053879598
0.999564538762
1.01131792151
0.999459814596
0.993230506437
0.994208449335
0.993327097329
0.994150727727
-0.00654858452589
-0.0067122543379
-0.00663979530904
-0.0207663845762
-0.0202954209099
-0.020569085867
-0.0203355677862
-0.0067473094416
-0.00670741756156
-0.00669867179787
-0.0209441680982
-0.0204258101586
-0.0210531988411
-0.0203665293721
0.999564552518
1.01131800323
0.999459763645
0.993230532538
0.994208556718
0.993327037832
0.994150713315
0.999238015517
1.01128065107
0.999285531476
0.993011686094
0.994132353814
0.992968641753
0.994054060159
-0.00674729607662
-0.00670732344813
-0.00669865862343
-0.0209441665519
-0.020425724607
-0.0210531948052
-0.020366609176
-0.00654861111967
-0.00671228188422
-0.00663976601077
-0.0207663974327
-0.0202953746098
-0.0205690491808
-0.0203354602538
0.999467404042
1.01242033895
1.00010736292
0.993714583887
0.994458771098
0.993101888961
0.995188257171
1.00316958605
1.01350061072
0.997267515298
1.00100926727
0.995262798655
0.994332093253
0.995974817232
-0.00658733762578
-0.00682085392168
-0.00653875641298
-0.0204973069441
-0.0205949513692
-0.0205979711178
-0.0206302406664
-0.00647441956383
-0.0068036826707
-0.01978976242
-0.00658300332408
-0.0200849400201
-0.0205598492613
-0.0207528979377
0.994920793585
1.0115577199
1.00049451135
0.994290250922
0.992802521735
0.999165822021
0.992726131985
1.01054253779
0.993311120254
0.998455747499
0.993346101171
0.998620934803
0.992400391271
0.992266572598
1.0106713757
0.993625738947
0.999021836918
0.993533015892
0.998882748975
0.992700781161
0.992824790249
1.01100631856
0.993436030029
0.998468347362
0.993932252736
0.998823695107
0.992609137532
0.992207072082
-0.296989507902
-0.340667419562
-0.341222713079
-0.297082359128
0.243020153902
0.423152310929
0.24000911226
-0.308597129649
-0.411327273017
-0.413420930831
-0.236426465128
-0.311604327038
1.06597552505
1.05692043152
1.06275370635
1.06239496293
1.05837066863
1.06568946698
1.05628920315
-0.153663884345
-0.160113465699
-0.150235549257
-0.149799071032
-0.164942980169
-0.153470893735
-0.160386369844
-0.339371856704
-0.295253691273
-0.339495174706
-0.295143677812
0.236339647525
0.421286365789
0.236002075885
-0.412455157778
-0.311940980798
-0.239985599081
-0.412565378368
-0.311908687498
1.06198633884
1.06530535669
1.05587932222
1.05776901176
1.06206584538
1.06522124357
1.05581345111
-0.149709728761
-0.153458867989
-0.160895217984
-0.165402340693
-0.149726942604
-0.153426863005
-0.160887806186
-0.339711193073
-0.295077857949
-0.339636975408
-0.294950443535
0.236602779854
0.4219123245
0.237569743686
-0.413197378719
-0.31251672082
-0.239277105323
-0.413170492858
-0.31233202625
1.06157436928
1.06497354355
1.05562653906
1.05758881834
1.06169815171
1.06489047033
1.05555039867
-0.149323865843
-0.153217328271
-0.160404822286
-0.164698318261
-0.149477286556
-0.15310197
-0.160090511623
1.01100649571
0.993436363479
0.9984686498
0.993932443577
0.998823813894
0.992609467565
0.992207376966
-0.0188391416822
-0.00659717889501
-0.00587142809452
-0.0201749912586
-0.0186950761818
-0.006288013461
-0.0198245142384
-0.00670869191224
-0.020352093262
-0.00652562140266
-0.0202619537082
-0.0064153024692
-0.0201203725414
-0.0203779959413
1.01067139321
0.993625777813
0.99902187967
0.993532964326
0.998882657213
0.992700888338
0.992824724825
-0.00668585865426
-0.0201520754701
-0.00652598119848
-0.0202446693207
-0.00662891192162
-0.0207065621704
-0.02046324144
-0.00669225587681
-0.0203890004441
-0.00674848325363
-0.0203156250896
-0.00669783628282
-0.0209206620774
-0.0210400330572
1.01054247598
0.993310946535
0.998455618011
0.993345925764
0.998620819992
0.992400273356
0.992266310318
-0.00669228227081
-0.0203889993087
-0.00674854684015
-0.0203158801897
-0.00669795757292
-0.0209208716259
-0.0210401463979
-0.00668603086151
-0.0201524605835
-0.00652611917281
-0.0202448142013
-0.00662905097528
-0.0207068098772
-0.0204635699657
1.01155744944
0.994920248181
1.00049408187
0.994289792779
0.999165425766
0.992802043663
0.992725697008
-0.00670875911227
-0.0203524528233
-0.00652585430116
-0.0202625072143
-0.00641551797998
-0.0201209325382
-0.0203784671991
-0.00659728423828
-0.0188396988822
-0.00587158058174
-0.0201754214444
-0.00628819131869
-0.0186955530738
-0.0198250489481
1.05692130956
1.06597597433
1.06275400992
1.06239534342
1.0583715834
1.05629006629
1.06568998605
1.06224371317
1.05809487498
1.05597152192
1.06541045492
1.05606436249
1.06552667154
1.06214010491
-0.168009120623
-0.178128335964
-0.172768997127
-0.173819853711
-0.174433193481
-0.168802903451
-0.179403092134
-0.174496319972
-0.17490202434
-0.169583371227
-0.18026175939
-0.169326146697
-0.179995318687
-0.174830660502
-0.160115039656
-0.153664863842
-0.150236761422
-0.149800580784
-0.164944167309
-0.160388136464
-0.153472079642
-0.149702509482
-0.165264493986
-0.160801418196
-0.153480997337
-0.160655482314
-0.153467409944
-0.149725083392
0.957433248307
1.11595503955
1.12028853739
0.664986135977
0.960498625677
1.12282299534
0.665615066794
0.963431581071
0.962392613407
1.12428220266
0.243020235489
0.423152050834
0.240009238255
0.0837483155156
-0.0734754371114
0.0797958523046
0.422351698563
0.237001347141
0.238149877149
-0.0760051614584
0.0758722797167
0.0773389415036
-0.308597278721
-0.411327049226
-0.413420611517
-0.23642664677
-0.311604282495
-0.340130566715
-0.295698706303
-0.295851054602
-0.339998346
-0.412957542424
-0.238373406747
-0.312226421778
-0.311810132756
-0.413059428596
0.957433348603
1.1159553056
1.12028891793
0.664986481675
0.960498671297
1.12282322286
0.665615346581
0.963431671025
0.962392848584
1.12428245176
0.0837482684652
-0.0734755764443
0.0797955607702
0.422351832291
0.237001282522
0.238149697214
-0.0760054355765
0.0758726825382
0.0773390767951
-0.296989698913
-0.340667789935
-0.341223243142
-0.29708316662
-0.41295765487
-0.238373403742
-0.312226329874
-0.311809845597
-0.413059747739
-0.340130742211
-0.295699250431
-0.295851301468
-0.339998912327
1.06224334667
1.05809408244
1.06541001889
1.05597066299
1.06552625367
1.05606363601
1.06213974508
-0.1781273166
-0.168007524751
-0.172767459692
-0.173818115601
-0.17443187847
-0.179401882143
-0.168801234246
-0.174494442232
-0.17490066368
-0.180260275683
-0.169581293017
-0.179994092159
-0.169324299832
-0.174828782255
-0.14970080168
-0.165263241347
-0.153479654048
-0.160799481878
-0.153466172325
-0.160653564209
-0.149723422688
1.0619867232
1.0558799829
1.0653057861
1.05776962699
1.0620663012
1.05581401803
1.06522161934
1.06190209745
1.05769408431
1.05567912855
1.06506387594
1.05574237386
1.06513500991
1.06181425665
-0.175013002255
-0.169729587513
-0.180365387744
-0.175138992275
-0.175005219935
-0.169730893167
-0.18034795605
-0.174903441841
-0.175032049756
-0.16942817438
-0.180008080544
-0.16963225544
-0.180229016228
-0.174672394953
-0.149711243999
-0.160897215281
-0.153460146918
-0.165403687354
-0.149728527831
-0.16088956727
-0.153428106165
-0.149659570964
-0.165319632371
-0.160658885142
-0.153297990384
-0.160811064834
-0.153370024111
-0.149570531916
1.12536982078
0.96398332611
0.666008159139
1.12504937595
0.964199016324
1.12529408283
0.6659541223
0.963797768421
0.964132091214
1.12483935324
0.236340092013
0.421286549884
0.23600227593
0.0750523951099
-0.0785461674444
0.0746500315231
0.421226371855
0.236109079902
0.235926867959
-0.0786393178606
0.0747748005003
0.0745605620383
-0.412454884938
-0.311941076902
-0.239985899709
-0.412565312167
-0.311908579534
-0.339324511021
-0.294951567594
-0.295059465035
-0.339309987463
-0.412465756668
-0.240068454254
-0.312033504054
-0.311938725451
-0.412563495661
1.12536968022
0.963983222123
0.66600810449
1.12504913786
0.964198903588
1.12529401192
0.665953961981
0.963797725766
0.964132332103
1.12483951287
0.0750525957227
-0.0785456588507
0.0746501769546
0.421226383344
0.236108833609
0.235926626009
-0.0786391018724
0.0747751801622
0.0745606532555
-0.33937221729
-0.295253920728
-0.339495665804
-0.295144267571
-0.412465445809
-0.240068425328
-0.312033490554
-0.311938291627
-0.412563772171
-0.339324621246
-0.294951908839
-0.295060161697
-0.339310399387
1.0619018376
1.05769362988
1.06506363289
1.05567875416
1.06513477666
1.05574190803
1.06181406444
-0.175010721387
-0.180363905329
-0.169727588676
-0.175137454593
-0.175003180843
-0.180346313258
-0.169728756116
-0.174901013223
-0.175030378828
-0.180006118373
-0.169425673562
-0.180227162029
-0.169629948784
-0.174669744708
-0.149657995499
-0.16531813549
-0.15329657439
-0.160656787093
-0.153368611022
-0.16080904763
-0.149568794584
1.06157433758
1.05562667393
1.06497359183
1.05758892663
1.06169823362
1.05555048926
1.0648904167
1.05539223009
1.06461665227
1.06122785066
1.06138664825
1.05757200461
1.05547398778
1.06475001293
-0.173739972738
-0.169079100026
-0.179633172427
-0.174111680274
-0.174275306301
-0.16862386501
-0.179107545561
-0.167193871345
-0.177258933844
-0.172018478348
-0.172954076298
-0.173451737106
-0.167957922286
-0.178292180481
-0.149325942963
-0.160407203841
-0.153218795709
-0.164700212534
-0.149479002847
-0.160093056189
-0.153103618469
-0.159136093655
-0.152738543813
-0.148986071429
-0.149196409192
-0.164269802081
-0.159643289605
-0.152971027494
1.12233212369
0.963113259105
0.665240133952
1.12392250832
0.961957990542
0.956765765095
1.11520601645
1.11965557018
0.664507851693
0.959937914435
0.236603455738
0.421912658139
0.237569906993
0.0753807214196
-0.0768711527381
0.076600136636
0.242062710711
0.422583129025
0.239240274879
0.082470327631
-0.0747295376981
0.0787854247213
-0.413197188074
-0.312516767979
-0.239276813273
-0.413170412676
-0.312331548389
-0.299927619761
-0.346366026999
-0.341527895008
-0.296406029987
-0.310867076578
-0.415063858663
-0.414385189979
-0.237879225312
-0.312709587021
1.12233240534
0.963113441709
0.665240513704
1.12392264113
0.961958178899
0.956766044975
1.11520654626
1.11965612408
0.664507674254
0.959938309794
0.0753808534975
-0.0768704674442
0.0766000835809
0.242062922735
0.422583245167
0.239240413516
0.0824703997256
-0.0747295475744
0.0787856097054
-0.339711521949
-0.295078079645
-0.339637097879
-0.294951034333
-0.310866729249
-0.415064334615
-0.414385317866
-0.237879467908
-0.312709717487
-0.299927466831
-0.346366038879
-0.341527955626
-0.296406326152
1.06461687165
1.0553924321
1.06122816805
1.06138684741
1.05757206488
1.06475014812
1.05547407588
-0.173736905576
-0.179631010242
-0.169076459865
-0.174109375846
-0.174272553296
-0.179105106122
-0.168620993798
-0.177256624357
-0.167191132522
-0.172015668411
-0.172951119268
-0.173449481078
-0.178289910321
-0.167955102648
-0.152736695292
-0.159133516602
-0.148983979696
-0.149194164986
-0.164267714485
-0.152969327527
-0.159640531931
1.09968465388
1.06753128569
1.09064379678
1.07048814956
1.09986487509
1.06477779441
1.09038819686
1.15384893188
1.12472779873
1.15858574075
1.16188885911
1.13027209519
1.15706094912
1.12699206572
1.09064379515
1.07240208484
1.09968475458
1.06477770593
1.09038819382
1.07048789725
1.09986481951
1.11058029296
1.12347797099
1.11210945158
1.10000892751
1.06428091873
1.0904393863
1.07004870259
1.09988946779
1.06422100259
1.09033869911
1.16596431156
1.16087197465
1.12933738474
1.13269672596
1.16568886303
1.16112341036
1.12953433883
1.09043928924
1.07013049009
1.10000883571
1.06422094957
1.0903387195
1.07004844423
1.09988944429
1.11389006909
1.12559452935
1.11396846178
1.09949327265
1.06457809167
1.09007615016
1.07192780659
1.09907062805
1.06716941548
1.09011812578
1.16333454365
1.15982041216
1.12859478622
1.13087574808
1.16467120481
1.15853323391
1.12765831171
1.09007616152
1.0702171453
1.09949341155
1.06716940247
1.09011815096
1.07192777695
1.09907087145
1.11317807838
1.12400356262
1.11249392328
1.14520200989
1.14758491471
1.12008850415
1.11900206132
1.15234040363
1.14090501997
1.11546706282
1.10712855698
1.11424615267
1.10427274501
1.07742277182
1.07419188218
1.08832327545
1.07977916989
1.07832165128
1.07346464959
1.08680854265
1.10712798506
1.11424556313
1.10427206743
1.14520218715
1.12008875407
1.14758513824
1.11900238274
1.15234063441
1.11546737711
1.14090537407
1.07742358094
1.08832406596
1.07419240851
1.0797803735
1.07832219026
1.08680950378
1.07346544375
1.07867774683
1.08118406869
1.0755267607
1.08942293408
1.07494113191
1.08802958693
1.07944643432
1.11527062733
1.10813553795
1.1053743705
1.07867747489
1.08118385407
1.08942301301
1.07552647474
1.08802957741
1.07494087809
1.07944619495
1.11527092242
1.10813594574
1.10537480154
1.07169611248
1.06752183832
1.06744570956
1.07174616092
1.06737877031
1.07165695685
1.071726589
1.06729203012
1.07612526286
1.09075305998
1.08029617769
1.080660352
1.0839159929
1.0763612395
1.09145572165
1.09935879477
1.08872063911
1.08566451349
1.08603073757
1.10731350393
1.10026534099
1.0889208556
1.08071203404
1.08421973854
1.07635096218
1.09200159597
1.07636751256
1.09185266599
1.08073375062
1.08606191258
1.1077670309
1.10105130522
1.08879139913
1.10079785571
1.08879486548
1.08608243908
1.11057970957
1.12347751082
1.11210890098
1.12455863994
1.11360087801
1.1130862383
1.16384963844
1.13139290659
1.16021179438
1.12894379394
1.15907603016
1.12813513561
1.16504502378
1.12472788912
1.15384946641
1.15858602616
1.1618891381
1.13027235218
1.1269920913
1.15706120634
1.16384964931
1.1313930274
1.12894376634
1.16021172049
1.12813515081
1.1590760284
1.16504478397
1.08872054252
1.09935904448
1.08566439459
1.08603055469
1.10731365847
1.08892070509
1.10026557841
1.09075314878
1.0761248243
1.08029590173
1.08066003655
1.08391592446
1.09145573153
1.0763608905
1.0860618107
1.10776709702
1.08879122787
1.10105143894
1.08879473681
1.10079814611
1.0860823879
1.0807118178
1.08421964185
1.0920017855
1.07635067322
1.0918526349
1.07636717904
1.08073356604
1.12455896629
1.11360134356
1.11308675761
1.07169592813
1.06752169273
1.06744555883
1.07174587034
1.06737853877
1.07165664605
1.07172633867
1.06729160813
1.06712833807
1.07157567205
1.06721546232
1.07148994132
1.06703711772
1.07130373807
1.07139885299
1.06693632961
1.08061163528
1.07626073574
1.09205321098
1.08428704602
1.08066008765
1.07619293232
1.09202455508
1.08601104997
1.10118419
1.08873968149
1.10825386523
1.08603966638
1.10120213987
1.08872715005
1.08052951976
1.08419511634
1.07600518332
1.09179338024
1.07610534964
1.09193854384
1.08042263135
1.08593377196
1.10817731222
1.10094029133
1.08854556057
1.10112038862
1.08865624652
1.08581902555
1.11388951997
1.12559431739
1.11396792252
1.12551419896
1.1136360272
1.11388404783
1.16588801563
1.13262099537
1.16063688869
1.12913522322
1.16104486293
1.12946184359
1.16546657004
1.16596419138
1.12933721672
1.16087163741
1.13269674511
1.16568841531
1.12953419594
1.16112342872
1.16588809974
1.13262122273
1.12913534915
1.16063720873
1.12946180164
1.16104494606
1.16546671514
1.08601107143
1.08873964046
1.10118456421
1.1082539212
1.08603962097
1.0887270129
1.10120251896
1.08061167954
1.09205347077
1.07626059144
1.08428738561
1.08066013335
1.09202496154
1.07619279128
1.08593388996
1.10817737044
1.08854556722
1.10094064861
1.08865633638
1.10112095259
1.08581929816
1.08052962537
1.08419547921
1.09179394532
1.07600520443
1.09193904692
1.07610541378
1.08042276879
1.12551440964
1.1136367188
1.11388462474
1.06712795695
1.07157537465
1.06721506108
1.07148967973
1.06703683249
1.0713036757
1.07139875755
1.06693615918
1.06665023483
1.07118211606
1.06680600272
1.07102905527
1.07044968471
1.06616656965
1.06642124263
1.07078153954
1.08011722455
1.07590259334
1.09156142104
1.08353367796
1.08031831924
1.07571567991
1.0912250722
1.08551683681
1.10063774143
1.08844365321
1.10724174756
1.08569638308
1.100215113
1.08831467565
1.07498367664
1.08976404709
1.07930083615
1.07986542029
1.08301208365
1.07546799331
1.09064487949
1.09845489744
1.08795755371
1.08478113611
1.08530906158
1.10663682537
1.09951594175
1.08828672569
1.11317741676
1.1240032183
1.11249327767
1.10968310482
1.12277328306
1.11135685248
1.15303701696
1.12400155132
1.15781070825
1.16123339272
1.12961223028
1.15637557712
1.12637732614
1.16333487659
1.1285949436
1.15982060262
1.1308760957
1.16467150317
1.12765839939
1.15853350585
1.12400187725
1.15303696552
1.15781078877
1.16123363197
1.12961248331
1.12637751435
1.15637584075
1.08551716262
1.08844392811
1.10063832117
1.10724208053
1.08569664761
1.08831485418
1.10021565821
1.08011756431
1.09156204888
1.07590288071
1.08353421866
1.08031869044
1.09122572517
1.07571591377
1.08795800819
1.098455424
1.08478157469
1.08530943783
1.10663708533
1.08828704796
1.09951656656
1.0897646978
1.07498413034
1.07930129313
1.07986584504
1.08301265461
1.09064552938
1.07546832736
1.10968356593
1.12277360257
1.11135744555
1.0666502741
1.07118221403
1.0668058903
1.07102920965
1.07045007364
1.06616697407
1.06642144638
1.07078181168
)
;

boundaryField
{
    walls
    {
        type            zeroGradient;
    }
    inlet0
    {
        type            zeroGradient;
    }
    inlet1
    {
        type            fixedValue;
        value           uniform 0;
    }
}


// ************************************************************************* //
