/*--------------------------------*- C++ -*----------------------------------*\
  =========                 |
  \\      /  F ield         | OpenFOAM: The Open Source CFD Toolbox
   \\    /   O peration     | Website:  https://openfoam.org
    \\  /    A nd           | Version:  7
     \\/     M anipulation  |
\*---------------------------------------------------------------------------*/
FoamFile
{
    version     2.0;
    format      ascii;
    class       labelList;
    note        "nPoints:8415  nCells:5218  nFaces:18621  nInternalFaces:14871";
    location    "constant/polyMesh";
    object      neighbour;
}
// * * * * * * * * * * * * * * * * * * * * * * * * * * * * * * * * * * * * * //


14871
(
462
4182
4183
4184
466
1269
1276
1277
1279
2997
3000
3002
470
1276
1283
1284
1286
3025
3028
3030
474
1283
1290
1291
1293
3053
3056
3058
478
1290
1297
1298
1300
3081
3084
3086
482
511
513
1297
3109
3112
3114
3312
3314
3315
3317
486
519
1304
1305
1307
3145
3148
3150
3337
3340
3342
490
1304
1311
1312
1314
3173
3176
3178
494
1311
1318
1319
1321
3201
3204
3206
498
1318
1325
1326
1328
3229
3232
3234
502
1325
1332
1333
1335
3257
3260
3262
506
1332
1340
1342
3285
3288
3290
4295
4298
4299
4301
1270
4189
4190
4191
1277
1346
1353
1354
1356
1284
1353
1360
1361
1363
1291
1360
1367
1368
1370
1298
1367
1374
1375
1377
511
1374
1381
1382
1384
517
1381
1388
1389
1392
532
1305
1399
1400
1402
3394
3397
3399
1312
1399
1406
1407
1409
1319
1406
1413
1414
1416
1326
1413
1420
1421
1423
1333
1420
1427
1428
1430
1340
1427
1435
1437
4317
4319
4321
4322
1347
4196
4197
4198
1354
1441
1448
1449
1451
1361
1448
1455
1456
1458
1368
1455
1462
1463
1465
1375
1462
1469
1470
1472
1382
1469
1476
1477
1479
523
540
1476
3414
3415
3416
3418
3419
3421
3422
3424
528
538
1483
1484
533
543
1486
1489
546
1400
1491
1492
1494
1407
1491
1498
1499
1501
1414
1498
1505
1506
1508
1421
1505
1512
1513
1515
1428
1512
1519
1520
1522
1435
1519
1527
1529
4338
4340
4342
4343
1442
4203
4204
4205
1449
1533
1540
1541
1543
1456
1540
1547
1548
1550
1463
1547
1554
1555
1557
1470
1554
1561
1562
1564
552
554
1477
1561
3467
3469
3470
3472
539
551
1568
1569
559
1492
1571
1572
1574
3489
3492
3494
1499
1571
1578
1579
1581
1506
1578
1585
1586
1588
1513
1585
1592
1593
1595
1520
1592
1599
1600
1602
1527
1599
1607
1609
4359
4361
4363
4364
1534
1613
1614
1615
563
1541
1620
1621
1624
566
1548
1627
1628
1631
569
1555
1634
1635
1638
572
1562
1641
1642
1645
552
575
1648
1649
1652
579
1572
1655
1656
1659
581
1579
1662
1663
1666
584
1586
1669
1670
1673
587
1593
1676
1677
1680
590
1600
1683
1684
1687
593
1607
1690
1691
1694
599
1272
1737
1738
1740
3777
3780
3782
1279
1697
1737
1744
1745
1747
1286
1701
1744
1751
1752
1754
1293
1705
1751
1758
1759
1761
1300
1709
1758
1765
1766
1768
513
1713
1765
1773
1775
4373
4376
4378
4920
4922
4923
4925
1307
1717
1781
1785
1786
1788
4401
4404
4406
1314
1721
1785
1792
1793
1795
1321
1725
1792
1799
1800
1802
1328
1729
1799
1806
1807
1809
1335
1733
1806
1813
1814
1816
603
1342
1813
1820
1821
1823
3806
3807
3810
1349
1738
1827
1828
1830
79
91
143
1356
1357
1358
1359
1745
1746
1749
1750
1827
1829
1831
1833
80
92
144
1363
1364
1365
1366
1752
1753
1756
1757
81
93
145
1370
1371
1372
1373
1759
1760
1763
1764
82
94
146
1377
1378
1379
1380
1766
1767
1770
1771
4787
4789
4791
1384
1773
4786
4787
4789
525
1779
4786
4793
4794
4797
85
99
149
1402
1403
1404
1405
1786
1787
1790
1791
1843
1845
1846
1848
86
100
150
1409
1410
1411
1412
1793
1794
1797
1798
87
101
151
1416
1417
1418
1419
1800
1801
1804
1805
88
102
152
1423
1424
1425
1426
1807
1808
1811
1812
89
103
153
1430
1431
1432
1433
1814
1815
1818
1819
1850
1852
1854
1437
1821
1849
1850
1852
1444
1828
1856
1857
1859
92
106
156
1451
1452
1453
1454
1856
1858
1860
1862
1890
1893
1894
93
107
157
1458
1459
1460
1461
1897
1900
1901
94
108
158
1465
1466
1467
1468
1904
1907
1908
95
109
159
1472
1473
1474
1475
1911
1914
1915
4801
4803
4805
1479
4787
4800
4801
4803
540
1834
1865
4450
4451
4452
4454
4800
4961
4963
4964
4966
544
1839
1863
4214
4215
548
1844
1868
4217
4220
100
112
164
1494
1495
1496
1497
1871
1872
1874
1875
1930
1933
1934
101
113
165
1501
1502
1503
1504
1937
1940
1941
102
114
166
1508
1509
1510
1511
1944
1947
1948
103
115
167
1515
1516
1517
1518
1951
1954
1955
104
116
168
1522
1523
1524
1525
1877
1879
1881
1958
1961
1962
1529
1850
1876
1877
1879
1536
1857
1883
1884
1886
1543
1883
1890
1891
1893
1550
1890
1897
1898
1900
1557
1897
1904
1905
1907
1564
1904
1911
1912
1914
554
1911
1919
1921
4801
4975
4977
4978
4980
558
1864
1918
4807
4808
1574
1926
1930
1931
1933
1581
1930
1937
1938
1940
1588
1937
1944
1945
1947
1595
1944
1951
1952
1954
1602
1951
1958
1959
1961
1609
1877
1958
1965
1966
1968
564
1884
1972
1973
1976
567
607
1891
1979
1980
3546
3547
3550
3834
3835
3838
570
1898
1979
1982
1983
3567
3568
3571
573
1905
1982
1985
1986
3588
3589
3592
576
1912
1985
1988
1989
3609
3610
3613
578
1919
1988
4222
4223
4226
582
1931
1992
4229
4230
4233
585
1938
1994
1997
1998
3680
3681
3684
588
1945
1997
2000
2001
3701
3702
3705
591
1952
2000
2003
2004
3722
3723
3726
594
1959
2003
2006
2007
3743
3744
3747
597
1966
2006
2010
2011
2012
613
1740
2056
2057
2059
3875
3878
3880
1747
2016
2056
2063
2064
2066
1754
2020
2063
2070
2071
2073
1761
2024
2070
2077
2078
2080
1768
2028
2077
2084
2085
2087
1775
2032
2084
2092
2094
4512
4513
4516
5022
5023
5026
5027
1788
2036
2100
2104
2105
2107
4540
4541
4544
1795
2040
2104
2111
2112
2114
1802
2044
2111
2118
2119
2121
1809
2048
2118
2125
2126
2128
1816
2052
2125
2132
2133
2135
617
1823
2132
2139
2140
2142
3904
3905
3908
1830
2057
2146
2147
2149
144
156
208
2064
2065
2068
2069
2146
2148
2150
2152
145
157
209
2071
2072
2075
2076
146
158
210
2078
2079
2082
2083
147
159
211
2085
2086
2089
2090
4811
4813
4815
2092
4789
4810
4811
4813
1836
2098
4810
4818
4819
4820
150
164
214
2105
2106
2109
2110
2162
2164
2165
2167
151
165
215
2112
2113
2116
2117
152
166
216
2119
2120
2123
2124
153
167
217
2126
2127
2130
2131
154
168
218
2133
2134
2137
2138
2169
2171
2173
1852
2140
2168
2169
2171
1859
2147
2175
2176
2178
157
171
221
2175
2177
2179
2181
2209
2212
2213
158
172
222
2216
2219
2220
159
173
223
2223
2226
2227
160
174
224
2230
2233
2234
4825
4827
4829
4803
4811
4824
4825
4827
1865
2153
2184
4588
4589
4591
4592
4824
5063
5064
5067
5068
1869
2158
2182
4240
4241
1873
2163
2187
4244
4245
165
177
229
2190
2191
2193
2194
2249
2252
2253
166
178
230
2256
2259
2260
167
179
231
2263
2266
2267
168
180
232
2270
2273
2274
169
181
233
2196
2198
2200
2277
2280
2281
1879
2169
2195
2196
2198
1886
2176
2202
2203
2205
1893
2202
2209
2210
2212
1900
2209
2216
2217
2219
1907
2216
2223
2224
2226
1914
2223
2230
2231
2233
1921
2230
2238
2240
4825
5077
5078
5081
5082
1925
2183
2237
4831
4832
1933
2245
2249
2250
2252
1940
2249
2256
2257
2259
1947
2256
2263
2264
2266
1954
2263
2270
2271
2273
1961
2270
2277
2278
2280
1968
2196
2277
2284
2285
2287
608
2203
2291
2292
2295
621
1980
2210
2298
2299
3932
3933
3936
1983
2217
2298
2301
2302
1986
2224
2301
2304
2305
1989
2231
2304
2307
2308
1991
2238
2307
4249
4250
4251
1995
2250
2311
4256
4257
4258
1998
2257
2313
2316
2317
2001
2264
2316
2319
2320
2004
2271
2319
2322
2323
2007
2278
2322
2325
2326
611
2285
2325
2329
2330
2331
627
2059
2375
2376
2378
3973
3976
3978
2066
2335
2375
2382
2383
2385
2073
2339
2382
2389
2390
2392
2080
2343
2389
2396
2397
2399
2087
2347
2396
2403
2404
2406
2094
2351
2403
2411
2413
4650
4651
4654
5124
5125
5128
5129
2107
2355
2419
2423
2424
2426
4678
4679
4682
2114
2359
2423
2430
2431
2433
2121
2363
2430
2437
2438
2440
2128
2367
2437
2444
2445
2447
2135
2371
2444
2451
2452
2454
631
2142
2451
2458
2459
2461
4002
4003
4006
2149
2376
2465
2466
2468
209
221
273
2383
2384
2387
2388
2465
2467
2469
2471
2654
2655
2656
210
222
274
2390
2391
2394
2395
2661
2662
2663
211
223
275
2397
2398
2401
2402
2668
2669
2670
212
224
276
2404
2405
2408
2409
2675
2676
2677
4835
4837
4839
2411
4813
4834
4835
4837
2155
2417
4834
4842
4843
4844
215
229
279
2424
2425
2428
2429
2481
2483
2484
2486
2686
2687
2688
216
230
280
2431
2432
2435
2436
2693
2694
2695
217
231
281
2438
2439
2442
2443
2700
2701
2702
218
232
282
2445
2446
2449
2450
2707
2708
2709
219
233
283
2452
2453
2456
2457
2488
2490
2492
2714
2715
2716
2171
2459
2487
2488
2490
2178
2466
2494
2495
2497
222
236
286
2494
2496
2498
2500
2528
2531
2532
2721
2722
2723
223
237
287
2535
2538
2539
2728
2729
2730
224
238
288
2542
2545
2546
2735
2736
2737
225
239
289
2549
2552
2553
2742
2743
2744
4849
4851
4853
4827
4835
4848
4849
4851
2184
2472
2503
4726
4727
4729
4730
4848
5165
5166
5169
5170
2188
2477
2501
4266
4267
2192
2482
2506
4270
4271
230
242
294
2509
2510
2512
2513
2568
2571
2572
2757
2758
2759
231
243
295
2575
2578
2579
2764
2765
2766
232
244
296
2582
2585
2586
2771
2772
2773
233
245
297
2589
2592
2593
2778
2779
2780
234
246
298
2515
2517
2519
2596
2599
2600
2785
2786
2787
2198
2488
2514
2515
2517
2205
2495
2521
2522
2524
2212
2521
2528
2529
2531
2219
2528
2535
2536
2538
2226
2535
2542
2543
2545
2233
2542
2549
2550
2552
2240
2549
2557
2559
4849
5179
5180
5183
5184
2244
2502
2556
4855
4856
2252
2564
2568
2569
2571
2259
2568
2575
2576
2578
2266
2575
2582
2583
2585
2273
2582
2589
2590
2592
2280
2589
2596
2597
2599
2287
2515
2596
2603
2604
2606
622
2522
2610
2611
2614
635
2299
2529
2617
2618
4030
4031
4034
2302
2536
2617
2620
2621
2305
2543
2620
2623
2624
2308
2550
2623
2626
2627
2310
2557
2626
4275
4276
4277
2314
2569
2630
4282
4283
4284
2317
2576
2632
2635
2636
2320
2583
2635
2638
2639
2323
2590
2638
2641
2642
2326
2597
2641
2644
2645
625
2604
2644
2648
2649
2650
325
641
642
2378
2815
2816
2819
4070
4073
4074
4075
329
641
648
649
651
2385
333
648
655
656
658
2392
337
655
662
663
665
2399
341
662
669
670
672
2406
345
374
376
669
2413
2822
2823
2826
4868
4869
4872
4873
349
382
676
677
679
2426
2840
2841
2844
353
676
683
684
686
2433
357
683
690
691
693
2440
361
690
697
698
700
2447
365
697
704
705
707
2454
369
704
711
712
714
2461
642
718
719
2468
4098
4100
4101
4103
649
718
2654
2655
2657
656
2654
2661
2662
2664
663
2661
2668
2669
2671
670
2668
2675
2676
2678
374
725
726
728
2675
4837
380
725
2474
4859
4860
4861
395
677
2686
2687
2689
2886
2887
2890
684
2686
2693
2694
2696
691
2693
2700
2701
2703
698
2700
2707
2708
2710
705
2707
2714
2715
2717
712
732
733
735
2490
2714
719
739
740
2497
4126
4128
4129
4131
739
2655
2721
2722
2724
2662
2721
2728
2729
2731
2669
2728
2735
2736
2738
2676
2735
2742
2743
2745
726
746
747
749
2742
4851
386
403
746
2503
2903
2904
2906
2907
4878
4879
4882
4883
391
401
2507
2749
2750
396
406
2511
2753
2754
409
2687
2757
2758
2760
2694
2757
2764
2765
2767
2701
2764
2771
2772
2774
2708
2771
2778
2779
2781
2715
2778
2785
2786
2788
733
753
754
756
2517
2785
740
760
761
2524
4154
4156
4157
4159
760
767
768
770
2531
2722
767
774
775
777
2538
2729
774
781
782
784
2545
2736
781
788
789
791
2552
2743
415
417
747
788
2559
2929
2930
2933
2934
402
414
2563
4865
4866
422
795
796
798
2571
2758
795
802
803
805
2578
2765
802
809
810
812
2585
2772
809
816
817
819
2592
2779
816
823
824
826
2599
2786
754
823
830
831
833
2606
636
761
2793
2794
2795
426
429
768
1111
1112
1115
1116
2618
429
432
775
1125
1126
1129
1130
2621
432
435
782
1139
1140
1143
1144
2624
435
438
789
1153
1154
1157
1158
2627
415
438
2629
2800
2801
2802
442
796
2633
2807
2808
2809
444
447
803
1199
1200
1203
1204
2636
447
450
810
1213
1214
1217
1218
2639
450
453
817
1227
1228
1231
1232
2642
453
456
824
1241
1242
1245
1246
2645
456
639
831
1255
1256
1259
1260
2961
2962
2965
2966
4056
4057
4058
629
2814
2815
2816
329
630
641
844
845
848
849
2813
2815
2817
2819
3993
3994
3995
644
838
839
840
331
645
845
846
847
330
851
852
855
856
2337
333
648
858
859
862
863
2338
651
852
853
854
335
652
859
860
861
334
865
866
869
870
2341
337
655
872
873
876
877
2342
658
866
867
868
339
659
873
874
875
338
879
880
883
884
2345
341
662
886
887
890
891
2346
665
880
881
882
343
666
887
888
889
342
893
894
897
898
2349
345
669
900
901
904
905
2350
2821
2823
2825
672
894
895
896
346
673
901
902
903
2352
2821
2822
2823
376
908
909
910
349
382
2354
2832
2833
2834
351
384
919
920
921
2357
2839
2840
2841
353
676
932
933
936
937
2358
2838
2840
2842
2844
679
926
927
928
355
680
933
934
935
354
939
940
943
944
2361
357
683
946
947
950
951
2362
686
940
941
942
359
687
947
948
949
358
953
954
957
958
2365
361
690
960
961
964
965
2366
693
954
955
956
363
694
961
962
963
362
967
968
971
972
2369
365
697
974
975
978
979
2370
700
968
969
970
367
701
975
976
977
366
981
982
985
986
2373
369
704
988
989
992
993
2374
707
982
983
984
371
708
989
990
991
633
995
996
999
1000
2845
2847
2849
2851
4014
4015
4016
634
711
2846
2847
2848
714
996
997
998
715
1003
1004
1005
2414
4869
4870
4871
378
671
2415
2852
2854
2856
2858
380
725
2416
2853
2854
2855
378
673
908
910
912
1009
1011
1013
1015
1010
1011
1012
675
728
2859
2862
2864
2865
381
729
2860
2861
2862
2418
4875
4876
388
1016
1017
383
1019
1020
1023
1024
2421
2833
2834
2837
395
677
2422
2866
2867
2870
2871
2885
2887
2889
679
1020
1021
1022
398
681
2867
2868
2869
389
727
2475
2873
2874
2876
2877
4858
4860
4862
4864
391
401
2476
2874
2875
729
1027
1028
1029
403
731
1026
1029
1031
1032
1033
1035
1036
1037
393
404
1034
1035
2479
2878
2879
396
406
2480
2881
2882
407
1038
1039
399
408
1041
1042
2484
2885
2886
2887
2485
2892
2893
400
409
2486
2687
2884
2886
2888
2890
2891
2892
2894
2895
2689
2897
2898
2899
411
1049
1050
412
1048
1050
1051
1052
2691
2896
2899
2901
2902
2504
2904
2905
748
2505
4879
4880
4881
750
1053
1055
1056
1057
1058
1060
1062
1064
407
1054
1055
421
752
1059
1060
1061
2508
2908
2909
1065
1066
411
1068
1069
412
2512
2752
2753
2755
2756
2915
2916
2919
2920
422
2513
2758
2916
2917
2918
1072
1073
1071
1073
1074
1075
2760
2922
2924
2926
2928
424
2762
2923
2924
2925
748
2560
2930
2931
2932
419
790
2561
2800
2802
2804
4885
4887
4889
4891
2562
4886
4887
4888
419
751
792
2936
2938
2940
2942
421
752
2937
2938
2939
441
794
1080
1083
1085
1086
1168
1169
1171
1081
1082
1083
1087
1088
423
2566
2917
2918
2921
2943
2944
2947
2948
442
796
1090
1091
1094
1095
2567
2955
2957
2959
798
2944
2945
2946
443
800
1091
1092
1093
637
762
1104
1105
1108
1109
2792
2793
2796
2797
4042
4043
4044
765
1098
1099
1100
430
766
1105
1106
1107
769
1118
1119
1122
1123
2619
772
1112
1113
1114
433
773
1119
1120
1121
776
1132
1133
1136
1137
2622
779
1126
1127
1128
436
780
1133
1134
1135
783
1146
1147
1150
1151
2625
786
1140
1141
1142
439
787
1147
1148
1149
790
1160
1161
1164
1165
2628
2801
2802
2805
793
1154
1155
1156
441
794
1161
1162
1163
1168
1169
1170
2631
2955
2956
2957
445
1179
1180
1181
797
1192
1193
1196
1197
2634
2806
2807
2810
2811
800
1186
1187
1188
448
801
1193
1194
1195
804
1206
1207
1210
1211
2637
807
1200
1201
1202
451
808
1207
1208
1209
811
1220
1221
1224
1225
2640
814
1214
1215
1216
454
815
1221
1222
1223
818
1234
1235
1238
1239
2643
821
1228
1229
1230
457
822
1235
1236
1237
825
1248
1249
1252
1253
2646
828
1242
1243
1244
460
829
1249
1250
1251
640
832
2962
2963
2964
835
1256
1257
1258
836
1263
1264
1265
2968
2969
2970
466
1269
2975
2976
2979
599
1272
2982
2983
2986
468
600
1273
2990
2991
2992
2996
2997
3000
470
1276
3003
3004
3007
1279
1697
3011
3012
3013
472
1280
1698
3018
3019
3020
3024
3025
3028
474
1283
3031
3032
3035
1286
1701
3039
3040
3041
476
1287
1702
3046
3047
3048
3052
3053
3056
478
1290
3059
3060
3063
1293
1705
3067
3068
3069
480
1294
1706
3074
3075
3076
3080
3081
3084
482
1297
3087
3088
3091
1300
1709
3095
3096
3097
483
1301
1710
3102
3103
3104
3108
3109
3112
513
1713
3120
3121
3122
486
519
3130
3131
3134
488
521
1715
3138
3139
3140
3144
3145
3148
490
1304
3151
3152
3155
1307
1717
3159
3160
3161
492
1308
1718
3166
3167
3168
3172
3173
3176
494
1311
3179
3180
3183
1314
1721
3187
3188
3189
496
1315
1722
3194
3195
3196
3200
3201
3204
498
1318
3207
3208
3211
1321
1725
3215
3216
3217
500
1322
1726
3222
3223
3224
3228
3229
3232
502
1325
3235
3236
3239
1328
1729
3243
3244
3245
504
1329
1730
3250
3251
3252
3256
3257
3260
506
1332
3263
3264
3267
1335
1733
3271
3272
3273
508
1336
1734
3278
3279
3280
3284
3285
3288
1339
3291
3292
3293
603
1342
3299
3300
3301
604
1343
3305
3306
3309
3312
3313
3316
515
1299
3320
3321
3322
3325
517
1381
3319
3320
3323
515
1301
3120
3122
3124
4892
4894
4896
4898
1772
4893
4894
4895
1303
1384
1773
3326
3329
3331
3332
518
1385
1774
3327
3328
3329
3333
3334
525
1779
4899
4900
3336
3337
3340
532
1305
3343
3344
3347
1307
1781
3351
3352
3353
535
1309
1782
3358
3359
3360
526
1383
1389
1390
1391
1394
3364
3365
3366
3368
528
538
3364
3367
1385
3370
3371
3372
540
1387
1834
3369
3372
3374
3375
3376
3378
3379
3380
530
541
1835
3377
3378
3381
3382
533
543
3384
3385
544
1839
3387
3388
536
545
1840
3390
3391
3393
3394
3397
3400
3403
537
546
1400
3394
3395
3396
3399
3400
3401
3402
3404
537
1402
1843
3358
3360
3362
3396
3397
3398
3399
3405
3406
3407
3408
548
1844
3410
3411
549
1404
1845
3409
3411
3412
3413
3414
3417
1478
3419
3420
3423
1480
3426
3428
3429
3430
3431
3433
3435
3437
544
1863
3427
3428
558
1482
1864
3432
3433
3434
3438
3439
3441
3442
548
1868
3444
3445
549
1486
1487
1488
1490
3451
3453
3454
3456
559
1492
3451
3452
3455
3459
3460
550
1494
1871
3458
3460
3461
3462
561
1496
1872
3454
3455
3456
3457
3463
3464
3465
3466
3503
3504
3506
1478
3467
3468
3471
556
1563
1648
1652
1653
3475
3476
3477
3480
3474
3475
3478
556
1481
1565
3481
3483
3485
3487
558
1482
1918
3482
3483
3484
578
1567
1919
3626
3627
3629
4902
4905
4907
4908
1920
4903
4904
4905
4909
4910
3488
3489
3492
579
1572
3495
3496
3499
1574
1926
3503
3504
3505
580
1576
1927
3510
3511
3512
1535
3516
3517
3520
1538
3523
3524
3527
567
607
1539
3531
3532
3533
1542
3537
3538
3541
1545
3545
3546
3547
570
1546
1979
3552
3553
3554
1549
3558
3559
3562
1552
3566
3567
3568
573
1553
1982
3573
3574
3575
1556
3579
3580
3583
1559
3587
3588
3589
576
1560
1985
3594
3595
3596
1563
3600
3601
3604
1566
3608
3609
3610
578
1567
1988
3615
3616
3617
3626
3627
3628
3636
3637
3640
582
1992
3644
3645
3646
1573
3650
3651
3654
1576
3658
3659
3660
585
1577
1994
3665
3666
3667
1580
3671
3672
3675
1583
3679
3680
3681
588
1584
1997
3686
3687
3688
1587
3692
3693
3696
1590
3700
3701
3702
591
1591
2000
3707
3708
3709
1594
3713
3714
3717
1597
3721
3722
3723
594
1598
2003
3728
3729
3730
1601
3734
3735
3738
1604
3742
3743
3744
597
1605
2006
3749
3750
3751
1608
3755
3756
3757
1611
3763
3764
3765
610
1612
3769
3770
3773
3776
3777
3780
1697
1737
3784
3785
3786
613
1740
3790
3791
3794
614
1699
1741
3798
3799
3800
1734
3805
3806
3807
1820
3811
3812
3815
617
1736
1823
3819
3820
3821
618
1824
3825
3826
3829
1885
3833
3834
3835
1888
3839
3840
3843
621
1889
1980
3847
3848
3849
1967
3853
3854
3857
1970
2008
3861
3862
3863
624
1971
3867
3868
3871
3874
3875
3878
2016
2056
3882
3883
3884
627
2059
3888
3889
3892
628
2018
2060
3896
3897
3898
2053
3903
3904
3905
2139
3909
3910
3913
631
2055
2142
3917
3918
3919
632
2143
3923
3924
3927
2204
3931
3932
3933
2207
3937
3938
3941
635
2208
2299
3945
3946
3947
2286
3951
3952
3955
2289
2327
3959
3960
3961
638
2290
3965
3966
3969
3972
3973
3976
2335
2375
3980
3981
3982
2378
3986
3987
3988
2337
2379
3993
3994
3997
2372
4001
4002
4003
2458
4007
4008
4011
2374
2461
4014
4015
4018
2462
4021
4022
4023
2523
4029
4030
4031
2526
4035
4036
4037
2527
2618
4042
4043
4046
2605
4049
4050
4053
2608
2646
4056
4057
4060
2609
4063
4064
4065
643
645
2379
643
2380
4077
4079
4080
4082
647
649
718
2381
4070
4071
4072
647
651
845
847
849
4071
4073
4075
4076
721
4077
4078
4081
653
722
4080
4081
4082
4083
650
652
2386
650
653
2387
654
656
2388
2654
652
653
852
854
856
654
658
859
861
863
654
2657
660
2658
657
659
2393
657
660
2394
661
663
2395
2661
659
660
866
868
870
661
665
873
875
877
661
2664
667
2665
664
666
2400
664
667
2401
668
670
2402
2668
666
667
880
882
884
668
672
887
889
891
668
2671
674
2672
671
673
2407
671
674
2408
675
2409
2675
673
674
894
896
898
675
901
903
905
675
2678
2679
678
680
2427
678
681
2428
682
684
2429
2686
680
681
926
928
930
1020
1022
1024
682
686
933
935
937
682
2689
2867
2868
2870
688
2690
685
687
2434
685
688
2435
689
691
2436
2693
687
688
940
942
944
689
693
947
949
951
689
2696
695
2697
692
694
2441
692
695
2442
696
698
2443
2700
694
695
954
956
958
696
700
961
963
965
696
2703
702
2704
699
701
2448
699
702
2449
703
705
2450
2707
701
702
968
970
972
703
707
975
977
979
703
2710
709
2711
706
708
2455
706
709
2456
710
712
2457
2714
708
709
982
984
986
710
714
989
991
993
710
2717
716
2718
713
2462
2847
2848
2851
4084
4087
4088
4089
713
716
2463
732
2464
4091
4093
4094
4096
716
996
998
1000
4085
4087
4089
4090
4084
4085
4086
735
4094
4095
4096
4097
736
4091
4092
4095
720
722
2469
720
2470
4105
4107
4108
4110
724
739
2471
2655
4098
4099
4102
724
2657
4101
4102
4103
4104
742
4105
4106
4109
743
2659
4108
4109
4110
4111
727
729
2854
2855
2858
4838
4860
4861
4864
727
730
2677
4839
731
746
4840
729
730
2679
731
1027
1029
1031
2860
2862
2864
731
749
2681
750
734
2491
4112
4114
4115
4117
734
737
2492
2716
753
2493
4119
4121
4122
4124
737
2718
4115
4116
4117
4118
4112
4113
4116
756
2720
4122
4123
4124
4125
757
4119
4120
4123
741
743
2498
741
2499
4133
4135
4136
4138
745
760
2500
2722
4126
4127
4130
745
2724
4129
4130
4131
4132
763
4133
4134
4137
764
2726
4136
4137
4138
4139
748
750
4852
748
751
2744
4853
752
2930
2932
2934
4854
4879
4881
4883
750
751
2746
752
752
2748
1059
1060
1062
2937
2938
2940
755
2518
4140
4142
4143
4145
755
758
2519
2787
830
2520
4147
4149
4150
4152
758
2789
4143
4144
4145
4146
4140
4141
4144
833
2791
4150
4151
4152
4153
834
4147
4148
4151
762
764
2525
762
2526
2793
2795
2797
4161
4164
4165
4166
766
768
2527
4154
4155
4158
766
770
4157
4158
4159
4160
4161
4162
4163
772
1105
1106
1108
4163
4165
4166
4167
769
771
2532
2723
769
772
2533
773
775
2534
771
772
2726
773
777
2727
773
1112
1113
1115
779
1119
1120
1122
776
778
2539
2730
776
779
2540
780
782
2541
778
779
2733
780
784
2734
780
1126
1127
1129
786
1133
1134
1136
783
785
2546
2737
783
786
2547
787
789
2548
785
786
2740
787
791
2741
787
1140
1141
1143
793
1147
1148
1150
790
792
2553
2744
790
793
2554
794
2555
792
793
2747
794
2748
794
1154
1155
1157
1161
1162
1164
797
799
2572
2759
797
800
2573
2807
2809
2811
801
803
2574
799
800
2762
2944
2946
2948
801
805
2763
801
1091
1092
1094
1186
1187
1189
807
1193
1194
1196
804
806
2579
2766
804
807
2580
808
810
2581
806
807
2769
808
812
2770
808
1200
1201
1203
814
1207
1208
1210
811
813
2586
2773
811
814
2587
815
817
2588
813
814
2776
815
819
2777
815
1214
1215
1217
821
1221
1222
1224
818
820
2593
2780
818
821
2594
822
824
2595
820
821
2783
822
826
2784
822
1228
1229
1231
828
1235
1236
1238
825
827
2600
2787
825
828
2601
829
831
2602
827
828
2790
829
833
2791
829
1242
1243
1245
835
1249
1250
1252
832
2607
4168
4170
4171
4173
832
835
2608
2609
2962
2964
2966
4175
4178
4179
4180
835
4171
4172
4173
4174
4168
4169
4172
1256
1257
1259
4177
4179
4180
4181
4175
4176
4177
841
842
843
844
2813
841
842
2816
4070
841
843
842
843
847
4071
2818
849
2819
4073
850
848
849
850
848
849
852
848
850
853
849
850
855
855
856
857
858
855
856
855
857
856
857
861
863
864
862
863
864
862
863
866
862
864
867
863
864
869
869
870
871
872
869
870
869
871
870
871
875
877
878
876
877
878
876
877
880
876
878
881
877
878
883
883
884
885
886
883
884
883
885
884
885
889
891
892
890
891
892
890
891
894
890
892
895
891
892
897
897
898
899
900
897
898
897
899
898
899
903
905
906
904
905
906
904
905
908
904
906
909
905
906
911
911
912
913
914
2820
911
912
2823
911
913
912
913
915
2825
916
2826
917
916
917
2827
916
917
1011
1013
2830
922
923
924
2831
922
923
926
1020
2834
922
924
927
923
924
1021
929
2836
1023
2837
929
930
931
932
2838
929
930
2841
929
931
930
931
935
2843
937
2844
938
936
937
938
936
937
940
936
938
941
937
938
943
943
944
945
946
943
944
943
945
944
945
949
951
952
950
951
952
950
951
954
950
952
955
951
952
957
957
958
959
960
957
958
957
959
958
959
963
965
966
964
965
966
964
965
968
964
966
969
965
966
971
971
972
973
974
971
972
971
973
972
973
977
979
980
978
979
980
978
979
982
978
980
983
979
980
985
985
986
987
988
985
986
985
987
986
987
991
993
994
992
993
994
992
993
996
992
994
997
993
994
999
999
1000
1001
1002
999
1000
999
1001
1000
1001
1005
1007
1008
1006
1007
1008
2845
1006
1007
2848
4084
1006
1008
1007
1008
4085
2850
2851
4087
1013
1014
1015
2859
4868
1013
1014
4871
1013
1015
1014
1015
2861
4873
2863
4874
2865
1018
1027
2860
4876
1018
2861
2863
4877
1023
1024
1025
2866
1023
1024
1023
1025
1024
1025
2868
2870
2872
1030
1031
1032
4858
1030
1031
4861
1030
1032
1031
1032
4863
4864
1036
1037
2873
1036
1038
1054
2875
1036
1037
1055
1056
2877
1040
1065
2879
1040
1042
1066
1043
1067
2880
1043
1049
1068
2882
1043
1069
1070
2883
1046
1047
1048
2682
2896
1046
1047
2898
2685
2900
1052
2902
1051
1052
2891
1051
1072
2893
1051
1052
1073
1074
2895
1056
1057
2903
1056
1065
2905
1056
1057
2907
1062
1063
1064
4878
1062
1063
1087
4881
1062
1064
1063
1064
4883
4884
1067
2750
1067
1069
1070
2751
1070
1072
2909
1070
2910
1074
1075
1076
2752
1074
2754
1074
1075
2756
1079
1078
1079
2911
2922
1078
1079
2925
2914
2927
2928
1084
1085
1086
2936
4885
1084
1085
4888
1084
1086
2939
1085
1086
1175
2941
4890
1176
4891
2942
1089
2937
4866
1089
2939
2941
4867
1094
1095
1096
2943
1094
1095
1179
1094
1096
2946
1095
1096
1180
2948
1182
2949
1101
1102
1103
1104
2792
1101
1102
2795
4161
1101
1103
1106
4163
1102
1103
1108
2797
4165
2798
1110
1108
1109
1110
1108
1109
1112
1108
1110
1109
1110
1114
1116
1115
1116
1117
1118
1115
1116
1115
1117
1120
1116
1117
1122
1124
1122
1123
1124
1122
1123
1126
1122
1124
1123
1124
1128
1130
1129
1130
1131
1132
1129
1130
1129
1131
1134
1130
1131
1136
1138
1136
1137
1138
1136
1137
1140
1136
1138
1137
1138
1142
1144
1143
1144
1145
1146
1143
1144
1143
1145
1148
1144
1145
1150
1152
1150
1151
1152
1150
1151
1154
1150
1152
1151
1152
1156
1158
1157
1158
1159
1160
1157
1158
1157
1159
1162
1158
1159
1164
1166
1164
1165
1166
1164
1165
1168
1164
1166
1165
1166
1170
1172
1171
1172
1173
1174
2799
1171
1172
2802
1171
1173
1175
1172
1173
1176
2804
2805
1177
1176
1177
2950
1176
1177
2953
1182
1183
1184
2954
1182
1183
1186
2957
1182
1184
1183
1184
1188
2959
1190
2960
1189
1190
1191
1192
2806
1189
1190
2809
1189
1191
1194
1190
1191
1196
2811
2812
1198
1196
1197
1198
1196
1197
1200
1196
1198
1197
1198
1202
1204
1203
1204
1205
1206
1203
1204
1203
1205
1208
1204
1205
1210
1212
1210
1211
1212
1210
1211
1214
1210
1212
1211
1212
1216
1218
1217
1218
1219
1220
1217
1218
1217
1219
1222
1218
1219
1224
1226
1224
1225
1226
1224
1225
1228
1224
1226
1225
1226
1230
1232
1231
1232
1233
1234
1231
1232
1231
1233
1236
1232
1233
1238
1240
1238
1239
1240
1238
1239
1242
1238
1240
1239
1240
1244
1246
1245
1246
1247
1248
1245
1246
1245
1247
1250
1246
1247
1252
1254
1252
1253
1254
1252
1253
1256
1252
1254
1253
1254
1258
1260
1259
1260
1261
1262
1259
1260
1259
1261
1264
1260
1261
1266
1268
1266
1267
1268
2961
1266
1267
2964
4175
1266
1268
4177
1267
1268
2966
4179
2967
1271
1273
2976
2979
2981
4182
4185
4186
4188
4288
4289
4290
1275
1277
1346
4289
4291
4293
4294
1273
1274
2982
2986
2987
4184
4186
4187
4188
1275
1279
1737
2990
2992
2994
1275
1349
1738
4290
4292
4293
4294
1281
1350
1739
1278
1280
3004
3007
3009
1278
1281
1282
1284
1353
1280
1281
3011
3013
3015
1282
1286
1744
3018
3020
3022
1282
1356
1745
1288
1357
1746
1285
1287
3032
3035
3037
1285
1288
1289
1291
1360
1287
1288
3039
3041
3043
1289
1293
1751
3046
3048
3050
1289
1363
1752
1295
1364
1753
1292
1294
3060
3063
3065
1292
1295
1296
1298
1367
1294
1295
3067
3069
3071
1296
1300
1758
3074
3076
3078
1296
1370
1759
1302
1371
1760
1299
1301
3088
3091
3093
1299
1302
1303
1374
1301
1302
3095
3097
3099
1303
1765
3102
3104
3106
1303
1377
1766
1378
1767
1306
1308
3152
3155
3157
1306
1309
3343
3347
3348
1310
1312
1399
1308
1309
3159
3161
3163
3351
3353
3355
1310
1314
1785
3166
3168
3170
1310
1402
1786
3358
3359
3361
1316
1403
1787
1313
1315
3180
3183
3185
1313
1316
1317
1319
1406
1315
1316
3187
3189
3191
1317
1321
1792
3194
3196
3198
1317
1409
1793
1323
1410
1794
1320
1322
3208
3211
3213
1320
1323
1324
1326
1413
1322
1323
3215
3217
3219
1324
1328
1799
3222
3224
3226
1324
1416
1800
1330
1417
1801
1327
1329
3236
3239
3241
1327
1330
1331
1333
1420
1329
1330
3243
3245
3247
1331
1335
1806
3250
3252
3254
1331
1423
1807
1337
1424
1808
1334
1336
3264
3267
3269
1334
1337
1338
1340
1427
1336
1337
3271
3273
3275
1338
1342
1813
3278
3280
3282
1338
1430
1814
1344
1431
1815
4295
4296
4297
1344
4303
4305
4307
4308
1434
4302
4303
4304
1343
1344
3299
3301
3303
1345
1820
3305
3309
3310
4297
4299
4300
4301
1345
1437
1821
1438
1822
4304
4306
4307
4308
1348
1350
4190
4192
4194
4195
4309
4310
4311
1352
1354
1441
4310
4312
4314
4315
1350
1351
4191
4193
4194
4195
1352
1356
1827
1352
1444
1828
4311
4313
4314
4315
1358
1445
1829
1355
1357
1355
1358
1359
1361
1448
1357
1358
1359
1363
1359
1451
1365
1452
1362
1364
1362
1365
1366
1368
1455
1364
1365
1366
1370
1366
1458
1372
1459
1369
1371
1369
1372
1373
1375
1462
1371
1372
1373
1377
1373
1465
1379
1466
1376
1378
1376
1379
1380
1382
1469
1378
1379
1380
1384
1380
1472
1386
1473
1383
1385
1389
1392
1394
3320
3323
3325
1383
1386
1387
1476
1385
1386
1387
3327
3329
3331
3370
3372
3374
4786
1387
1479
4787
1480
4788
1390
1393
1390
1394
1391
1393
1394
3369
1393
1394
3334
3370
3373
3374
1396
1398
3393
1397
3395
3401
1398
3396
3402
3405
3398
3407
1401
1403
1401
1404
1405
1407
1491
1403
1404
1405
1409
1405
1494
1411
1495
1408
1410
1408
1411
1412
1414
1498
1410
1411
1412
1416
1412
1501
1418
1502
1415
1417
1415
1418
1419
1421
1505
1417
1418
1419
1423
1419
1508
1425
1509
1422
1424
1422
1425
1426
1428
1512
1424
1425
1426
1430
1426
1515
1432
1516
1429
1431
1429
1432
1433
1435
1519
1431
1432
1433
1437
1433
1522
1439
1523
4316
4317
4318
1439
4324
4326
4328
4329
1526
4323
4324
4325
1438
1439
1440
1849
4318
4320
4321
4322
1440
1529
1850
1530
1851
4325
4327
4328
4329
1443
1445
4197
4199
4201
4202
4330
4331
4332
1447
1449
1533
4331
4333
4335
4336
1445
1446
4198
4200
4201
4202
1447
1451
1856
1447
1536
1857
4332
4334
4335
4336
1453
1537
1858
1450
1452
1450
1453
1454
1456
1540
1452
1453
1454
1458
1454
1543
1460
1544
1457
1459
1457
1460
1461
1463
1547
1459
1460
1461
1465
1461
1550
1467
1551
1464
1466
1464
1467
1468
1470
1554
1466
1467
1468
1472
1468
1557
1474
1558
1471
1473
1471
1474
1475
1477
1561
1473
1474
1475
1479
1475
1564
1481
1565
1478
1480
1478
1481
1482
3419
3423
3424
3467
3471
3472
1480
1481
1482
4800
1482
4801
3432
3433
3435
3482
3483
3485
4802
1485
3381
3438
1485
3382
3417
3441
3383
3440
3443
1487
1490
3400
1488
3448
1490
3449
3458
1490
3403
3439
3459
3404
3461
1493
1495
1493
1496
3451
3455
3456
1497
1499
1571
1495
1496
1497
1501
1497
1574
1503
1575
1500
1502
1500
1503
1504
1506
1578
1502
1503
1504
1508
1504
1581
1510
1582
1507
1509
1507
1510
1511
1513
1585
1509
1510
1511
1515
1511
1588
1517
1589
1514
1516
1514
1517
1518
1520
1592
1516
1517
1518
1522
1518
1595
1524
1596
1521
1523
1521
1524
1525
1527
1599
1523
1524
1525
1529
1525
1602
1531
1603
4337
4338
4339
1531
4345
4347
4349
4350
1606
4344
4345
4346
1530
1531
1532
1876
4339
4341
4342
4343
1532
1609
1877
1610
1878
4346
4348
4349
4350
1535
1537
4204
4206
4208
4209
4351
4352
4353
1539
1541
3516
3520
3521
4352
4354
4356
4357
1537
1538
4205
4207
4208
4209
1539
1543
1883
1539
1884
3523
3527
3528
4353
4355
4356
4357
1545
1885
3531
3532
3534
1542
1544
1542
1545
1620
1624
1625
1546
1548
3537
3541
3542
1544
1545
1546
1550
1890
1546
1891
3545
3546
3548
1552
1892
3552
3553
3555
1549
1551
1549
1552
1627
1631
1632
1553
1555
3558
3562
3563
1551
1552
1553
1557
1897
1553
1898
3566
3567
3569
1559
1899
3573
3574
3576
1556
1558
1556
1559
1634
1638
1639
1560
1562
3579
3583
3584
1558
1559
1560
1564
1904
1560
1905
3587
3588
3590
1566
1906
3594
3595
3597
1563
1565
1563
1566
1641
1645
1646
1567
3600
3604
3605
1565
1566
1567
1911
1567
1912
3608
3609
3611
1913
3615
3616
3618
1570
3468
1570
3423
3471
4909
3473
4911
1573
1575
1573
1576
1655
1659
1660
3495
3499
3500
1577
1579
3650
3654
3655
1575
1576
3503
3505
3507
1577
1581
1930
1577
1931
3510
3511
3513
3658
3659
3661
1583
1932
3665
3666
3668
1580
1582
1580
1583
1662
1666
1667
1584
1586
3671
3675
3676
1582
1583
1584
1588
1937
1584
1938
3679
3680
3682
1590
1939
3686
3687
3689
1587
1589
1587
1590
1669
1673
1674
1591
1593
3692
3696
3697
1589
1590
1591
1595
1944
1591
1945
3700
3701
3703
1597
1946
3707
3708
3710
1594
1596
1594
1597
1676
1680
1681
1598
1600
3713
3717
3718
1596
1597
1598
1602
1951
1598
1952
3721
3722
3724
1604
1953
3728
3729
3731
1601
1603
1601
1604
1683
1687
1688
1605
1607
3734
3738
3739
1603
1604
1605
1609
1958
1605
1959
3742
3743
3745
1611
1960
3749
3750
3752
4358
4359
4360
1611
1690
1694
1695
4366
4368
4370
4371
4365
4366
4367
1610
1611
1612
1965
4360
4362
4363
4364
1612
1966
3763
3764
3766
1967
3769
3773
3774
4367
4369
4370
4371
1616
1619
3516
4352
1616
1617
1617
1619
3523
4353
1618
3518
1618
3525
1619
3519
3526
3521
3528
4356
1622
1625
3537
1622
1626
3517
1623
3539
1625
1626
3540
3544
1625
1626
3520
3545
3542
3548
3522
3549
1629
1632
3558
1629
1633
3538
1630
3560
1632
1633
3561
3565
1632
1633
3541
3566
3563
3569
3543
3570
1636
1639
3579
1636
1640
3559
1637
3581
1639
1640
3582
3586
1639
1640
3562
3587
3584
3590
3564
3591
1643
1646
3600
1643
1647
3580
1644
3602
1646
1647
3603
3607
1646
1647
3583
3608
3605
3611
3585
3612
1650
1653
3621
1650
1654
3601
1651
3622
1653
1654
3623
3625
1653
1654
3604
3626
3624
3629
3606
3630
1657
1660
3650
1657
1661
3637
1658
3652
1660
1661
3653
3657
1660
1661
3640
3658
3655
3661
3642
3662
1664
1667
3671
1664
1668
3651
1665
3673
1667
1668
3674
3678
1667
1668
3654
3679
3676
3682
3656
3683
1671
1674
3692
1671
1675
3672
1672
3694
1674
1675
3695
3699
1674
1675
3675
3700
3697
3703
3677
3704
1678
1681
3713
1678
1682
3693
1679
3715
1681
1682
3716
3720
1681
1682
3696
3721
3718
3724
3698
3725
1685
1688
3734
1685
1689
3714
1686
3736
1688
1689
3737
3741
1688
1689
3717
3742
3739
3745
3719
3746
1692
1695
3755
1692
1696
3735
1693
3758
1695
1696
3760
3762
1695
1696
3738
3763
3761
3766
3740
3767
1698
1699
3012
3013
3016
3784
3786
3788
1700
1701
1744
3019
3020
3023
1700
1747
2016
3798
3799
3801
1703
1748
2017
1702
1703
3040
3041
3044
1704
1705
1751
3047
3048
3051
1704
1754
2020
1707
1755
2021
1706
1707
3068
3069
3072
1708
1709
1758
3075
3076
3079
1708
1761
2024
1711
1762
2025
1710
1711
3096
3097
3100
1712
1713
1765
3103
3104
3107
4372
4376
4377
1712
1768
2028
1714
1769
2029
4380
4381
4383
4372
4373
4376
1775
2032
4380
4381
4382
1717
1781
4386
4387
4390
1719
1783
2034
4394
4395
4396
4400
4401
4404
1720
1721
1785
3167
3168
3171
4401
4402
4403
4406
1788
2036
4408
4409
4410
1723
1789
2037
4407
4410
4412
4413
1722
1723
3188
3189
3192
1724
1725
1792
3195
3196
3199
1724
1795
2040
1727
1796
2041
1726
1727
3216
3217
3220
1728
1729
1799
3223
3224
3227
1728
1802
2044
1731
1803
2045
1730
1731
3244
3245
3248
1732
1733
1806
3251
3252
3255
1732
1809
2048
1735
1810
2049
1734
1735
3272
3273
3276
1736
1813
3279
3280
3283
3805
3807
3809
1736
1816
2052
1817
2053
3819
3820
3822
1739
1741
3785
3786
3789
1739
1742
1743
1745
1827
1741
1742
3790
3794
3795
1743
1747
2056
3798
3800
3802
1743
1830
2057
1749
1831
2058
1746
1748
1746
1749
1750
1752
1748
1749
1750
1754
2063
1750
2064
1756
2065
1753
1755
1753
1756
1757
1759
1755
1756
1757
1761
2070
1757
2071
1763
2072
1760
1762
1760
1763
1764
1766
1762
1763
1764
1768
2077
1764
2078
1770
2079
1767
1769
1767
1770
1771
1773
1769
1770
1771
1775
2084
1771
2085
1777
2086
4920
4921
4924
1777
4928
4929
4930
4933
1779
4786
4927
4928
4931
1777
4380
4382
4384
4934
4936
4938
4940
2091
4935
4936
4937
2092
4789
4941
4944
4946
4947
1780
2093
4790
4942
4943
4944
4948
4949
1836
2098
4951
4952
1782
1783
3352
3353
3356
4387
4390
4392
1784
1786
1843
3359
3360
3363
1784
1788
2100
4394
4396
4398
1790
1846
2101
1787
1789
1787
1790
1791
1793
1789
1790
4408
4410
4412
1791
1795
2104
1791
2105
1797
2106
1794
1796
1794
1797
1798
1800
1796
1797
1798
1802
2111
1798
2112
1804
2113
1801
1803
1801
1804
1805
1807
1803
1804
1805
1809
2118
1805
2119
1811
2120
1808
1810
1808
1811
1812
1814
1810
1811
1812
1816
2125
1812
2126
1818
2127
1815
1817
1815
1818
1819
1821
1817
1818
1819
1823
2132
1819
2133
1825
2134
1822
1824
3812
3815
3817
1822
1825
1826
1849
1824
1825
3819
3821
3823
1826
2139
3825
3829
3830
1826
1852
2140
1853
2141
1829
1831
1829
1832
1833
1856
1831
1832
1833
2146
1833
1859
2147
1860
2148
1837
4414
4415
4416
4418
4788
4794
4795
4796
4799
1839
1863
4414
4417
4790
4955
4956
4957
1865
2153
4419
4421
4422
4423
4792
4954
4957
4959
4960
1841
1866
2154
4420
4421
4424
4425
1844
1868
4427
4428
1869
2158
4430
4431
1847
1870
2159
4433
4434
1845
1846
4210
4211
4212
4213
4436
4439
1848
1871
4436
4437
4438
4440
1848
2162
4441
4442
4443
4444
1873
2163
4446
4447
1874
2164
4445
4447
4448
4449
1851
1853
1851
1854
1855
1876
1853
1854
1855
2168
1855
1879
2169
1880
2170
1858
1860
1858
1861
1862
1883
1860
1861
1862
2175
1862
1886
2176
1887
2177
4450
4453
4802
4961
4962
4965
4455
4457
4458
4459
4804
4968
4970
4972
4974
1869
2182
4456
4457
1925
2183
4806
4969
4970
4971
4460
4461
4463
4464
1873
2187
4466
4467
1872
1874
4217
4218
4219
4221
1875
1926
4469
4470
4471
4472
4474
4475
1875
2190
4473
4475
4476
4477
1928
2191
4478
4479
4480
4481
1878
1880
1878
1881
1882
1965
1880
1881
1882
2195
1882
1968
2196
1969
2197
1885
1887
1885
1888
1973
1976
1978
1889
1891
3833
3835
3837
1887
1888
1889
1893
2202
1889
2203
3839
3843
3844
1895
2204
3847
3848
3850
1892
1894
1892
1895
1896
1898
1979
1894
1895
1896
1900
2209
1896
1980
2210
1902
1981
2211
1899
1901
1899
1902
1903
1905
1982
1901
1902
1903
1907
2216
1903
1983
2217
1909
1984
2218
1906
1908
1906
1909
1910
1912
1985
1908
1909
1910
1914
2223
1910
1986
2224
1916
1987
2225
1913
1915
1913
1916
1917
1919
1988
1915
1916
1917
1921
2230
1917
1989
2231
1923
1990
2232
4802
4975
4976
4979
1923
4222
4226
4227
4983
4984
4985
4988
4982
4983
4986
1923
4805
4989
4991
4993
4995
1925
2237
4806
4990
4991
4992
1991
2238
4483
4484
4486
4996
4999
5001
5002
2239
4997
4998
4999
5003
5004
1927
1928
3504
3505
3508
1929
1931
1992
3511
3512
3515
4489
4493
4494
1929
1933
2245
1935
1993
2246
4497
4498
4500
1932
1934
1932
1935
4229
4233
4234
1936
1938
1994
1934
1935
1936
1940
2249
1936
1995
2250
4504
4505
4507
1942
1996
2251
1939
1941
1939
1942
1943
1945
1997
1941
1942
1943
1947
2256
1943
1998
2257
1949
1999
2258
1946
1948
1946
1949
1950
1952
2000
1948
1949
1950
1954
2263
1950
2001
2264
1956
2002
2265
1953
1955
1953
1956
1957
1959
2003
1955
1956
1957
1961
2270
1957
2004
2271
1963
2005
2272
1960
1962
1960
1963
1964
1966
2006
1962
1963
1964
1968
2277
1964
2007
2278
1970
2008
2279
1967
1969
1967
1970
2010
2012
2014
1971
3854
3857
3859
1969
1970
1971
2284
1971
2285
3861
3862
3864
2286
3867
3871
3872
1974
1977
3524
1974
1978
3839
1975
3841
1977
1978
3832
3842
1977
1978
3527
3833
3529
3836
3837
3844
1981
3553
3554
3557
1981
3847
3849
3851
1983
2298
1984
3574
3575
3578
1984
1986
2301
1987
3595
3596
3599
1987
1989
2304
1990
3616
3617
3620
4223
4226
4228
1990
1991
2307
4483
4485
4487
4483
4484
4485
4489
4490
4493
1995
2311
4497
4498
4499
1996
3666
3667
3670
4229
4231
4232
4234
4504
4505
4506
1998
2313
4503
4505
4507
4509
1999
3687
3688
3691
1999
2001
2316
2002
3708
3709
3712
2002
2004
2319
2005
3729
3730
3733
2005
2007
2322
2008
2011
2012
2015
3750
3751
3754
2008
2325
3861
3863
3865
2013
2014
2015
3856
3860
2013
2014
3764
3857
2013
2015
3765
2014
2015
3861
3768
3858
3859
3864
3865
2017
2018
3882
3884
3886
2019
2020
2063
2019
2066
2335
3896
3897
3899
2022
2067
2336
2021
2022
2023
2024
2070
2023
2073
2339
2026
2074
2340
2025
2026
2027
2028
2077
2027
2080
2343
2030
2081
2344
2029
2030
2031
2032
2084
4511
4513
4515
2031
2087
2347
2033
2088
2348
4518
4519
4521
4511
4512
4513
2094
2351
4518
4519
4520
2036
2100
4525
4526
4527
2038
2102
2353
4532
4533
4534
4539
4540
4541
2039
2040
2104
4538
4540
4542
4544
2107
2355
4546
4547
4548
2042
2108
2356
4545
4548
4550
4551
2041
2042
2043
2044
2111
2043
2114
2359
2046
2115
2360
2045
2046
2047
2048
2118
2047
2121
2363
2050
2122
2364
2049
2050
2051
2052
2125
2051
2128
2367
2054
2129
2368
2053
2054
2055
2132
3903
3905
3907
2055
2135
2371
2136
2372
3917
3918
3920
2058
2060
3883
3884
3887
2058
2061
2062
2064
2146
2060
2061
3888
3892
3893
2062
2066
2375
3896
3898
3900
2062
2149
2376
2068
2150
2377
2065
2067
2065
2068
2069
2071
2067
2068
2069
2073
2382
2069
2383
2075
2384
2072
2074
2072
2075
2076
2078
2074
2075
2076
2080
2389
2076
2390
2082
2391
2079
2081
2079
2082
2083
2085
2081
2082
2083
2087
2396
2083
2397
2089
2398
2086
2088
2086
2089
2090
2092
2088
2089
2090
2094
2403
2090
2404
2096
2405
5023
5024
5025
2096
5029
5031
5033
5035
2098
4810
5030
5031
5032
2096
4518
4520
4522
5036
5038
5040
5042
2410
5037
5038
5039
2411
4813
5043
5046
5048
5049
2099
2412
4814
5044
5045
5046
5050
5051
2155
2417
5053
5054
2101
2102
4526
4527
4530
2103
2105
2162
2103
2107
2419
4532
4534
4536
2109
2165
2420
2106
2108
2106
2109
2110
2112
2108
2109
4546
4548
4550
2110
2114
2423
2110
2424
2116
2425
2113
2115
2113
2116
2117
2119
2115
2116
2117
2121
2430
2117
2431
2123
2432
2120
2122
2120
2123
2124
2126
2122
2123
2124
2128
2437
2124
2438
2130
2439
2127
2129
2127
2130
2131
2133
2129
2130
2131
2135
2444
2131
2445
2137
2446
2134
2136
2134
2137
2138
2140
2136
2137
2138
2142
2451
2138
2452
2144
2453
2141
2143
3910
3913
3915
2141
2144
2145
2168
2143
2144
3917
3919
3921
2145
2458
3923
3927
3928
2145
2171
2459
2172
2460
2148
2150
2148
2151
2152
2175
2150
2151
2152
2465
2152
2178
2466
2179
2467
2156
4552
4553
4555
4556
4812
4817
4819
4821
4823
2158
2182
4553
4554
4814
5057
5058
5059
2184
2472
4557
4559
4560
4561
4816
5056
5059
5061
5062
2160
2185
2473
4558
4559
4562
4563
2163
2187
4565
4566
2188
2477
4568
4569
2166
2189
2478
4571
4572
2164
2165
4236
4237
4238
4239
4575
4576
2167
2190
4574
4575
4577
4578
2167
2481
4579
4580
4581
4582
2192
2482
4584
4585
2193
2483
4583
4585
4586
4587
2170
2172
2170
2173
2174
2195
2172
2173
2174
2487
2174
2198
2488
2199
2489
2177
2179
2177
2180
2181
2202
2179
2180
2181
2494
2181
2205
2495
2206
2496
4589
4590
4826
5064
5065
5066
4593
4595
4596
4597
4828
5070
5072
5074
5076
2188
2501
4594
4595
2244
2502
4830
5071
5072
5073
4598
4599
4601
4602
2192
2506
4604
4605
2191
2193
4243
4244
4246
4247
2194
2245
4607
4608
4609
4610
4612
4613
2194
2509
4611
4613
4614
4615
2247
2510
4616
4617
4618
4619
2197
2199
2197
2200
2201
2284
2199
2200
2201
2514
2201
2287
2515
2288
2516
2204
2206
2204
2207
2292
2295
2297
2208
2210
3931
3933
3935
2206
2207
2208
2212
2521
2208
2522
3937
3941
3942
2214
2523
3945
3946
3948
2211
2213
2211
2214
2215
2217
2298
2213
2214
2215
2219
2528
2215
2299
2529
2221
2300
2530
2218
2220
2218
2221
2222
2224
2301
2220
2221
2222
2226
2535
2222
2302
2536
2228
2303
2537
2225
2227
2225
2228
2229
2231
2304
2227
2228
2229
2233
2542
2229
2305
2543
2235
2306
2544
2232
2234
2232
2235
2236
2238
2307
2234
2235
2236
2240
2549
2236
2308
2550
2242
2309
2551
4826
5078
5079
5080
2242
4249
4251
4253
5084
5086
5088
5090
5085
5086
5087
2242
4829
5091
5093
5095
5097
2244
2556
4830
5092
5093
5094
2310
2557
4621
4622
4624
5098
5101
5103
5104
2558
5099
5100
5101
5105
5106
2246
2247
2248
2250
2311
4628
4630
4632
2248
2252
2564
2254
2312
2565
4635
4636
4638
2251
2253
2251
2254
4256
4258
4260
2255
2257
2313
2253
2254
2255
2259
2568
2255
2314
2569
4642
4643
4645
2261
2315
2570
2258
2260
2258
2261
2262
2264
2316
2260
2261
2262
2266
2575
2262
2317
2576
2268
2318
2577
2265
2267
2265
2268
2269
2271
2319
2267
2268
2269
2273
2582
2269
2320
2583
2275
2321
2584
2272
2274
2272
2275
2276
2278
2322
2274
2275
2276
2280
2589
2276
2323
2590
2282
2324
2591
2279
2281
2279
2282
2283
2285
2325
2281
2282
2283
2287
2596
2283
2326
2597
2289
2327
2598
2286
2288
2286
2289
2329
2331
2333
2290
3952
3955
3957
2288
2289
2290
2603
2290
2604
3959
3960
3962
2605
3965
3969
3970
2293
2296
3840
2293
2297
3937
2294
3939
2296
2297
3930
3940
2296
2297
3843
3931
3845
3934
3935
3942
2300
2300
3945
3947
3949
2302
2617
2303
2303
2305
2620
2306
2306
2308
2623
2309
4250
4251
4254
2309
2310
2626
4621
4623
4625
4621
4622
4623
4628
4629
4630
2314
2630
4635
4636
4637
2315
4255
4256
4259
4260
4642
4643
4644
2317
2632
4641
4643
4645
4647
2318
2318
2320
2635
2321
2321
2323
2638
2324
2324
2326
2641
2327
2330
2331
2334
2327
2644
3959
3961
3963
2332
2333
2334
3954
3958
2332
2333
3862
3955
2332
2334
3863
2333
2334
3959
3866
3956
3957
3962
3963
2336
2337
3980
3982
3984
2338
2339
2382
2338
2385
3993
3997
3998
2341
2386
2340
2341
2342
2343
2389
2342
2392
2345
2393
2344
2345
2346
2347
2396
2346
2399
2349
2400
2348
2349
2350
2351
2403
4649
4651
4653
2350
2406
2352
2407
4655
4659
4660
4649
4650
4651
2413
4655
4656
4659
2355
2419
4663
4664
4665
2357
2421
4669
4670
4673
4677
4678
4679
2358
2359
2423
4676
4678
4680
4682
2426
4683
4684
4687
2361
2427
4684
4685
4686
4689
2360
2361
2362
2363
2430
2362
2433
2365
2434
2364
2365
2366
2367
2437
2366
2440
2369
2441
2368
2369
2370
2371
2444
2370
2447
2373
2448
2372
2373
2374
2451
4001
4003
4005
2374
2454
2455
4014
4018
4019
2377
2379
3981
3982
3985
2377
2380
2381
2383
2465
2379
2380
3986
3988
3992
2381
2385
3994
3997
3999
2381
2468
2387
2469
2384
2386
2384
2387
2388
2390
2386
2387
2388
2392
2388
2394
2391
2393
2391
2394
2395
2397
2393
2394
2395
2399
2395
2401
2398
2400
2398
2401
2402
2404
2400
2401
2402
2406
2402
2408
2405
2407
2405
2408
2409
2411
2407
2408
2409
2413
2409
2415
5125
5126
5127
2415
5131
5133
5135
5137
2417
4834
5132
5133
5134
2415
4656
4659
4661
5138
5140
5141
5143
5138
5139
5142
4837
5146
5147
5148
5151
2418
4838
5145
5146
5149
5152
5153
2474
5155
5156
2420
2421
4664
4665
4668
2422
2424
2481
2422
2426
4670
4673
4675
2428
2484
2425
2427
2425
2428
2429
2431
2427
2428
4684
4687
4689
2429
2433
2429
2435
2432
2434
2432
2435
2436
2438
2434
2435
2436
2440
2436
2442
2439
2441
2439
2442
2443
2445
2441
2442
2443
2447
2443
2449
2446
2448
2446
2449
2450
2452
2448
2449
2450
2454
2450
2456
2453
2455
2453
2456
2457
2459
2455
2456
2457
2461
2457
2463
2460
2462
4008
4011
4013
2460
2463
2464
2487
2462
2463
4015
4018
4020
2464
4021
4023
4027
2464
2490
2491
2467
2469
2467
2470
2471
2494
2469
2470
2471
2471
2497
2498
2475
4690
4691
4693
4694
4836
4841
4843
4845
4847
2477
2501
4691
4692
4838
5158
5159
5162
2503
4695
4696
4697
4699
4840
5159
5160
5161
5164
2479
2504
4695
4698
4700
4701
2482
2506
4703
4704
2507
4706
4707
2485
2508
4709
4710
2483
2484
4262
4263
4264
4265
4713
4714
2486
2509
4712
4713
4715
4716
2486
2885
2886
2888
4717
4718
4719
4720
2511
4721
4724
2512
4721
4722
4723
4725
2489
2491
2489
2492
2493
2514
2491
2492
2493
2493
2517
2518
2496
2498
2496
2499
2500
2521
2498
2499
2500
2500
2524
2525
4727
4728
4850
5166
5167
5168
4731
4732
4733
4735
4852
5172
5174
5175
5177
2507
4731
4734
2563
4854
5172
5173
5176
4736
4737
4739
4740
2511
4742
4743
2510
2512
4269
4270
4272
4273
2513
2564
4745
4746
4747
4748
4749
4752
2513
4749
4750
4751
4753
2566
2916
2917
2919
4754
4755
4756
4757
2516
2518
2516
2519
2520
2603
2518
2519
2520
2520
2606
2607
2523
2525
2523
2526
2611
2614
2616
2527
2529
4029
4031
4033
2525
2526
2527
2531
2527
4035
4036
4041
2533
4042
4046
4047
2530
2532
2530
2533
2534
2536
2617
2532
2533
2534
2538
2534
2618
2540
2619
2537
2539
2537
2540
2541
2543
2620
2539
2540
2541
2545
2541
2621
2547
2622
2544
2546
2544
2547
2548
2550
2623
2546
2547
2548
2552
2548
2624
2554
2625
2551
2553
2551
2554
2555
2557
2626
2553
2554
2555
2559
2555
2627
2561
2628
4850
5180
5181
5182
2561
4275
4277
4279
5186
5188
5190
5192
5187
5188
5189
2561
4853
5193
5195
5196
5198
2563
4854
5193
5194
5197
2629
4758
4762
4763
5201
5202
5203
5206
5200
5201
5204
5207
5208
2565
2566
2567
2569
2630
4766
4768
4770
2567
2571
2573
2631
4772
4776
4777
2570
2572
2570
2573
4282
4284
4286
2574
2576
2632
2572
2573
2574
2578
2574
2633
4779
4783
4784
2580
2634
2577
2579
2577
2580
2581
2583
2635
2579
2580
2581
2585
2581
2636
2587
2637
2584
2586
2584
2587
2588
2590
2638
2586
2587
2588
2592
2588
2639
2594
2640
2591
2593
2591
2594
2595
2597
2641
2593
2594
2595
2599
2595
2642
2601
2643
2598
2600
2598
2601
2602
2604
2644
2600
2601
2602
2606
2602
2645
2608
2646
2605
2607
2605
2608
2648
2650
2652
2609
4050
4053
4055
2607
2608
2609
2609
4056
4060
4061
4063
4064
4069
2612
2615
3938
2612
2616
4035
2613
4038
2615
2616
4028
4040
2615
2616
3941
4029
3943
4032
4033
4041
2619
2619
4043
4046
4048
2621
2622
2622
2624
2625
2625
2627
2628
4276
4277
4280
2628
2629
4759
4762
4764
4758
4759
4762
4766
4767
4768
2633
4772
4773
4776
2634
4281
4282
4285
4286
4779
4780
4783
2636
4779
4781
4782
4784
2637
2637
2639
2640
2640
2642
2643
2643
2645
2646
2649
2650
2653
2646
4057
4060
4062
2651
2652
2653
4052
4059
2651
2652
3960
4053
2651
2653
3961
2652
2653
4060
3964
4054
4055
4061
4062
2656
2658
2656
2659
2660
2662
2721
2658
2659
2660
2664
2660
2724
2666
2725
2663
2665
2663
2666
2667
2669
2728
2665
2666
2667
2671
2667
2731
2673
2732
2670
2672
2670
2673
2674
2676
2735
2672
2673
2674
2678
2674
2738
2680
2739
2677
2679
2677
2680
2681
2742
2679
2680
2681
2681
2745
2746
2684
2685
2884
2891
2684
2685
2885
4717
2888
2894
4718
2889
2688
2690
2688
2691
2692
2694
2757
2690
2691
2897
2899
2901
2692
2696
2692
2760
2698
2761
2695
2697
2695
2698
2699
2701
2764
2697
2698
2699
2703
2699
2767
2705
2768
2702
2704
2702
2705
2706
2708
2771
2704
2705
2706
2710
2706
2774
2712
2775
2709
2711
2709
2712
2713
2715
2778
2711
2712
2713
2717
2713
2781
2719
2782
2716
2718
2716
2719
2720
2785
2718
2719
2720
2720
2788
2789
2723
2725
2723
2726
2727
2729
2725
2726
2727
2731
2727
2733
2730
2732
2730
2733
2734
2736
2732
2733
2734
2738
2734
2740
2737
2739
2737
2740
2741
2743
2739
2740
2741
2745
2741
2747
2744
2746
2744
2747
2748
2746
2747
2748
2748
2751
2878
2908
4739
2751
2879
2905
2880
2910
2755
2756
2911
2755
2756
2892
4749
2756
2893
2909
2913
4750
2895
2759
2761
2759
2762
2916
2918
2920
2763
2765
2761
2762
2763
2767
2763
2923
2924
2926
2769
2766
2768
2766
2769
2770
2772
2768
2769
2770
2774
2770
2776
2773
2775
2773
2776
2777
2779
2775
2776
2777
2781
2777
2783
2780
2782
2780
2783
2784
2786
2782
2783
2784
2788
2784
2790
2787
2789
2787
2790
2791
2789
2790
2791
2791
2796
2797
2798
2796
2797
4036
2796
2798
4037
2797
2798
4039
2803
2804
2805
2950
2803
2804
2951
4758
2803
2805
4759
2804
2805
2952
4760
2953
2810
2811
2812
2810
2811
4779
2810
2812
2956
4780
2811
2812
2957
4781
2960
2817
2818
2819
2817
2818
3987
2817
2819
3988
2818
2819
3990
2824
2825
2826
2827
2824
2825
4655
2824
2826
2828
4656
2825
2826
2829
4657
2830
2829
2830
2829
2830
4869
5120
5121
4873
2835
2836
2837
2835
2836
2839
4669
2835
2837
4670
2836
2837
2841
4671
2843
2842
2843
2844
2842
2843
4683
2842
2844
4684
2843
2844
4685
2849
2850
2851
2849
2850
4022
2849
2851
4023
2850
2851
4025
2856
2857
2858
2859
4868
2856
2857
4870
4875
5145
2856
2858
5146
2857
2858
2860
4876
4872
5147
2863
4874
4877
2864
2863
2864
2865
2863
2864
2863
2865
2864
2865
2870
2871
2872
2870
2871
2897
2870
2872
2871
2872
2898
2900
2876
2877
2876
2877
2904
4695
2877
2879
2905
4696
2907
2880
2881
4706
2880
2883
2883
2908
4709
2883
2893
2909
2910
2888
2889
2890
2896
2888
2889
2888
2890
2889
2890
2897
2900
2901
2894
2895
2894
2895
4721
2895
4722
2900
2901
2902
2900
2901
2900
2902
2901
2902
2906
2907
2906
2907
4731
2907
4732
2910
4742
2910
2913
2914
2915
2913
2914
2917
4754
2919
4755
2921
2919
2920
2921
2922
2919
2920
2919
2921
2920
2921
2923
2926
2927
2926
2927
2928
2926
2927
2944
2926
2928
2927
2928
2945
2947
2933
2934
2935
2936
4885
2933
2934
5193
2933
2935
4865
4886
5194
2934
2935
2937
4866
4889
5195
2940
2941
4867
4890
2940
2941
2942
2940
2941
2940
2942
2941
2942
2947
2948
2949
2947
2948
2947
2949
2948
2949
2952
2953
2952
2953
4887
5214
5215
4891
2958
2959
2960
2958
2959
4772
2958
2960
4773
2959
2960
4774
2965
2966
2967
2965
2966
4064
2965
2967
4065
2966
2967
4067
2971
2972
2971
2974
2976
4182
2972
2974
2982
4184
2973
2977
2973
2984
2974
2978
2985
2981
2987
4186
2977
2980
2996
2977
2981
2978
2980
2981
2989
2980
2981
2990
3000
2993
3001
2994
2984
2987
2984
2988
3776
2985
2987
2988
2989
2987
2988
2992
3780
2994
2995
3781
2993
2994
2995
2993
2994
3011
2993
2995
3012
3784
2994
2995
3785
3014
3787
2998
3001
2998
3002
3004
2999
3005
3001
3002
3006
3010
3001
3002
3011
3014
3009
3015
3005
3008
3024
3005
3009
3006
3008
3009
3017
3008
3009
3018
3028
3021
3029
3022
3014
3015
3016
3017
3014
3015
3014
3016
3015
3016
3020
3022
3023
3021
3022
3023
3021
3022
3039
3021
3023
3040
3022
3023
3042
3026
3029
3026
3030
3032
3027
3033
3029
3030
3034
3038
3029
3030
3039
3042
3037
3043
3033
3036
3052
3033
3037
3034
3036
3037
3045
3036
3037
3046
3056
3049
3057
3050
3042
3043
3044
3045
3042
3043
3042
3044
3043
3044
3048
3050
3051
3049
3050
3051
3049
3050
3067
3049
3051
3068
3050
3051
3070
3054
3057
3054
3058
3060
3055
3061
3057
3058
3062
3066
3057
3058
3067
3070
3065
3071
3061
3064
3080
3061
3065
3062
3064
3065
3073
3064
3065
3074
3084
3077
3085
3078
3070
3071
3072
3073
3070
3071
3070
3072
3071
3072
3076
3078
3079
3077
3078
3079
3077
3078
3095
3077
3079
3096
3078
3079
3098
3082
3085
3082
3086
3088
3083
3089
3085
3086
3090
3094
3085
3086
3095
3098
3093
3099
3089
3092
3108
3089
3093
3090
3092
3093
3101
3092
3093
3102
3112
3105
3113
3106
3098
3099
3100
3101
3098
3099
3098
3100
3099
3100
3104
3106
3107
3105
3106
3107
3105
3106
3120
3105
3107
3121
3106
3107
3123
3110
3113
3110
3114
3115
3111
3116
3113
3114
3117
3119
3113
3114
3120
3123
3118
3124
3116
3118
3312
3117
3118
3126
3128
3317
3123
3124
3125
3126
3123
3124
3123
3125
4372
3124
3125
3127
4373
3128
3129
4374
3128
3129
3128
3129
4894
4912
4896
4913
3132
3135
3144
3132
3136
3336
3133
3135
3136
3137
3135
3136
3138
3148
3340
3141
3149
3142
3341
3141
3142
3143
3141
3142
3159
3351
3141
3143
3160
4386
3142
3143
3352
4387
3162
3354
4388
3146
3149
3146
3150
3152
3147
3153
3149
3150
3154
3158
3149
3150
3159
3162
3157
3163
3153
3156
3172
3153
3157
3154
3156
3157
3165
3156
3157
3166
3176
3169
3177
3170
3162
3163
3164
3165
3162
3163
3162
3164
4400
3163
3164
3168
4401
3170
3171
4402
3169
3170
3171
3169
3170
3187
3169
3171
3188
3170
3171
3190
3174
3177
3174
3178
3180
3175
3181
3177
3178
3182
3186
3177
3178
3187
3190
3185
3191
3181
3184
3200
3181
3185
3182
3184
3185
3193
3184
3185
3194
3204
3197
3205
3198
3190
3191
3192
3193
3190
3191
3190
3192
3191
3192
3196
3198
3199
3197
3198
3199
3197
3198
3215
3197
3199
3216
3198
3199
3218
3202
3205
3202
3206
3208
3203
3209
3205
3206
3210
3214
3205
3206
3215
3218
3213
3219
3209
3212
3228
3209
3213
3210
3212
3213
3221
3212
3213
3222
3232
3225
3233
3226
3218
3219
3220
3221
3218
3219
3218
3220
3219
3220
3224
3226
3227
3225
3226
3227
3225
3226
3243
3225
3227
3244
3226
3227
3246
3230
3233
3230
3234
3236
3231
3237
3233
3234
3238
3242
3233
3234
3243
3246
3241
3247
3237
3240
3256
3237
3241
3238
3240
3241
3249
3240
3241
3250
3260
3253
3261
3254
3246
3247
3248
3249
3246
3247
3246
3248
3247
3248
3252
3254
3255
3253
3254
3255
3253
3254
3271
3253
3255
3272
3254
3255
3274
3258
3261
3258
3262
3264
3259
3265
3261
3262
3266
3270
3261
3262
3271
3274
3269
3275
3265
3268
3284
3265
3269
3266
3268
3269
3277
3268
3269
3278
3288
3281
3289
3282
3274
3275
3276
3277
3274
3275
3274
3276
3275
3276
3280
3282
3283
3281
3282
3283
3281
3282
3299
3281
3283
3300
3282
3283
3302
3286
3289
3286
3290
3292
3287
3294
3289
3290
3296
3298
3289
3290
3299
3302
3297
3303
3294
3295
3294
3297
4295
3295
3297
3305
4297
3296
3296
3307
3297
3308
3310
4299
3302
3303
3304
3308
3302
3303
3302
3304
3805
3303
3304
3309
3806
3310
3311
3808
3307
3310
3307
3311
3811
3308
3310
3311
3310
3311
3815
3816
3314
3317
3314
3318
3319
3315
3321
3317
3318
3322
4892
3317
3318
4893
4896
3324
4897
3321
3324
3333
3321
3325
3322
3324
3325
3326
3324
3325
3327
3334
3330
3335
3331
3330
3331
3332
4892
3330
3331
4899
3330
3332
4895
4900
4927
3331
3332
4928
4897
4901
4898
4929
3335
3335
4899
4901
3338
3341
3338
3342
3343
3339
3345
3341
3342
3346
3350
3341
3342
3351
3354
3348
3355
3345
3348
3345
3349
3393
3346
3348
3349
3357
3348
3349
3358
3397
3361
3362
3398
3354
3355
3356
3357
3354
3355
3354
3356
3355
3356
3359
3361
3363
3361
3362
3363
3361
3362
3361
3363
3362
3363
3365
3368
3414
3366
3368
3376
3368
3377
3382
3417
3379
3418
3373
3374
3375
3373
3374
4899
3373
3375
4793
3374
3375
4794
4795
3379
3380
3379
3387
3427
3379
3380
3428
4414
3429
4415
3383
3384
3383
3387
3386
3389
3386
3438
3386
3390
3403
3439
3392
3440
3389
3441
3389
3391
3442
4424
3392
3443
3392
3410
3444
3392
3445
4427
3446
3395
3398
3395
3399
3396
3398
3399
3398
3399
3401
3404
3402
3404
3409
3404
3410
3412
3407
3408
3409
3407
3408
4210
3413
4211
3412
3413
3412
3459
3412
3413
3460
4436
3461
4437
3415
3418
3416
3418
3426
3418
3427
3429
3421
3424
3421
3425
3422
3424
3425
3431
3424
3425
3432
3435
3436
3429
3430
3429
3441
3429
3430
4450
4451
3435
3436
3437
3435
3436
4909
3435
3437
4961
3436
3437
4962
4963
3440
3440
3444
3446
3443
3443
3445
4214
3446
3446
3459
3446
4460
3448
3450
3452
3449
3453
3450
3454
3463
3457
3465
3453
3456
3453
3457
3488
3454
3456
3457
3456
3457
3492
3493
3461
3462
3463
3461
3461
3462
4217
3466
4218
3465
3466
3465
3466
4469
4470
3469
3472
3469
3473
3474
3470
3476
3472
3473
3477
3481
3472
3473
3482
3485
3479
3486
3476
3479
3476
3480
3621
3477
3479
3480
4902
3479
3480
4903
4906
3624
4907
3485
3486
3487
4902
3485
3486
4909
3485
3487
4975
3486
3487
4904
4910
4976
4906
4911
4908
4977
3490
3493
3490
3494
3495
3491
3497
3493
3494
3498
3502
3493
3494
3503
3506
3500
3507
3497
3500
3497
3501
3636
3498
3500
3501
3509
3500
3501
3510
3640
3513
3514
3641
3506
3507
3508
3509
3506
3507
3506
3508
3507
3508
3511
3513
3515
3513
3514
3515
3513
3514
3644
3513
3515
3514
3515
3645
3647
3518
3521
3518
3522
3519
3521
3522
3530
3521
3522
3531
3534
3535
3525
3528
3525
3529
3526
3528
3529
3530
3528
3529
3532
3534
3536
3534
3535
3536
3534
3535
3545
3534
3536
3833
3535
3536
3547
3834
3549
3836
3539
3542
3539
3543
3540
3542
3543
3551
3542
3543
3552
3555
3556
3548
3549
3550
3551
3548
3549
3548
3550
3553
3549
3550
3555
3557
3555
3556
3557
3555
3556
3566
3555
3557
3556
3557
3568
3570
3560
3563
3560
3564
3561
3563
3564
3572
3563
3564
3573
3576
3577
3569
3570
3571
3572
3569
3570
3569
3571
3574
3570
3571
3576
3578
3576
3577
3578
3576
3577
3587
3576
3578
3577
3578
3589
3591
3581
3584
3581
3585
3582
3584
3585
3593
3584
3585
3594
3597
3598
3590
3591
3592
3593
3590
3591
3590
3592
3595
3591
3592
3597
3599
3597
3598
3599
3597
3598
3608
3597
3599
3598
3599
3610
3612
3602
3605
3602
3606
3603
3605
3606
3614
3605
3606
3615
3618
3619
3611
3612
3613
3614
3611
3612
3611
3613
3616
3612
3613
3618
3620
3618
3619
3620
3618
3619
3626
3618
3620
3619
3620
3628
3630
3622
3624
3623
3624
3632
3634
3629
3630
3631
3632
3629
3630
3629
3631
3633
4222
3630
3631
4223
3634
3635
4224
3634
3635
3634
3635
4905
5006
4907
5007
3638
3641
3638
3642
3639
3641
3642
3643
3641
3642
3644
3647
3648
3647
3648
3649
3647
3648
3658
3647
3649
4489
3648
3649
3660
4490
3662
4491
3652
3655
3652
3656
3653
3655
3656
3664
3655
3656
3665
3668
3669
3661
3662
3663
3664
3661
3662
3661
3663
3666
4229
3662
3663
4230
3668
3670
4231
3668
3669
3670
3668
3669
3679
3668
3670
3669
3670
3681
3683
3673
3676
3673
3677
3674
3676
3677
3685
3676
3677
3686
3689
3690
3682
3683
3684
3685
3682
3683
3682
3684
3687
3683
3684
3689
3691
3689
3690
3691
3689
3690
3700
3689
3691
3690
3691
3702
3704
3694
3697
3694
3698
3695
3697
3698
3706
3697
3698
3707
3710
3711
3703
3704
3705
3706
3703
3704
3703
3705
3708
3704
3705
3710
3712
3710
3711
3712
3710
3711
3721
3710
3712
3711
3712
3723
3725
3715
3718
3715
3719
3716
3718
3719
3727
3718
3719
3728
3731
3732
3724
3725
3726
3727
3724
3725
3724
3726
3729
3725
3726
3731
3733
3731
3732
3733
3731
3732
3742
3731
3733
3732
3733
3744
3746
3736
3739
3736
3740
3737
3739
3740
3748
3739
3740
3749
3752
3753
3745
3746
3747
3748
3745
3746
3745
3747
3750
3746
3747
3752
3754
3752
3753
3754
3752
3753
3763
3752
3754
3753
3754
3765
3767
3758
3761
4366
3758
3759
3759
3761
3769
4367
3760
3760
3771
3761
3772
3774
4370
3766
3767
3768
3772
3766
3767
3766
3768
3773
3767
3768
3774
3775
3771
3774
3771
3775
3853
3772
3774
3775
3774
3775
3857
3858
3778
3781
3778
3782
3790
3779
3792
3781
3782
3783
3793
3781
3782
3785
3787
3789
3795
3787
3788
3789
3797
3787
3788
3787
3789
3788
3789
3798
3801
3802
3792
3795
3792
3796
3874
3793
3795
3796
3797
3795
3796
3800
3878
3802
3803
3879
3801
3802
3803
3801
3802
3801
3803
3882
3802
3803
3883
3885
3808
3809
3810
3814
3818
3808
3809
3808
3810
3815
3809
3810
3819
3816
3822
3817
3823
3813
3816
3813
3817
3825
3814
3827
3816
3817
3828
3816
3817
3830
3822
3823
3824
3828
3822
3823
3822
3824
3903
3823
3824
3829
3904
3830
3831
3906
3827
3830
3827
3831
3909
3828
3830
3831
3830
3831
3913
3914
3836
3837
3838
3846
3836
3837
3836
3838
3837
3838
3847
3850
3851
3841
3844
3841
3845
3842
3844
3845
3846
3844
3845
3848
3850
3852
3850
3851
3852
3850
3851
3850
3852
3931
3851
3852
3932
3934
3855
3858
3855
3859
3867
3856
3869
3858
3859
3870
3858
3859
3872
3864
3865
3866
3870
3864
3865
3864
3866
3871
3865
3866
3872
3873
3869
3872
3869
3873
3951
3870
3872
3873
3872
3873
3955
3956
3876
3879
3876
3880
3888
3877
3890
3879
3880
3881
3891
3879
3880
3883
3885
3887
3893
3885
3886
3887
3895
3885
3886
3885
3887
3886
3887
3896
3899
3900
3890
3893
3890
3894
3972
3891
3893
3894
3895
3893
3894
3898
3976
3900
3901
3977
3899
3900
3901
3899
3900
3899
3901
3980
3900
3901
3981
3983
3906
3907
3908
3912
3916
3906
3907
3906
3908
3913
3907
3908
3917
3914
3920
3915
3921
3911
3914
3911
3915
3923
3912
3925
3914
3915
3926
3914
3915
3928
3920
3921
3922
3926
3920
3921
3920
3922
4001
3921
3922
3927
4002
3928
3929
4004
3925
3928
3925
3929
4007
3926
3928
3929
3928
3929
4011
4012
3934
3935
3936
3944
3934
3935
3934
3936
3935
3936
3945
3948
3949
3939
3942
3939
3943
3940
3942
3943
3944
3942
3943
3946
3948
3950
3948
3949
3950
3948
3949
3948
3950
4029
3949
3950
4030
4032
3953
3956
3953
3957
3965
3954
3967
3956
3957
3968
3956
3957
3970
3962
3963
3964
3968
3962
3963
3962
3964
3969
3963
3964
3970
3971
3967
3970
3967
3971
4049
3968
3970
3971
3970
3971
4053
4054
3974
3977
3974
3978
3986
3975
3989
3977
3978
3979
3991
3977
3978
3981
3983
3985
3992
3983
3984
3985
3996
3983
3984
3983
3985
3984
3985
3997
3998
3999
3989
3992
3989
3990
3990
3992
3994
3991
3991
3995
3992
3996
3999
3995
3998
3995
3999
3996
3998
3999
3998
3999
4004
4005
4006
4010
4017
4004
4005
4004
4006
4011
4005
4006
4018
4012
4019
4013
4020
4009
4012
4009
4013
4021
4010
4024
4012
4013
4026
4012
4013
4027
4016
4019
4016
4020
4023
4017
4025
4019
4020
4026
4019
4020
4027
4024
4027
4024
4025
4025
4027
4026
4026
4027
4032
4033
4034
4045
4032
4033
4032
4034
4033
4034
4046
4047
4048
4038
4041
4039
4041
4042
4038
4039
4040
4040
4044
4041
4045
4047
4044
4047
4044
4048
4045
4047
4048
4047
4048
4051
4054
4051
4055
4063
4052
4066
4054
4055
4068
4054
4055
4069
4058
4061
4064
4058
4062
4059
4067
4061
4062
4068
4061
4062
4069
4066
4069
4067
4069
4066
4067
4068
4068
4069
4073
4074
4073
4076
4074
4076
4078
4075
4075
4079
4076
4080
4083
4079
4082
4098
4079
4083
4080
4082
4083
4082
4083
4102
4103
4087
4088
4087
4090
4088
4090
4092
4089
4089
4093
4090
4094
4097
4093
4096
4112
4093
4097
4094
4096
4097
4096
4097
4116
4117
4100
4103
4100
4104
4106
4101
4107
4103
4104
4108
4103
4104
4111
4107
4110
4126
4107
4111
4108
4110
4111
4110
4111
4130
4131
4114
4117
4114
4118
4120
4115
4121
4117
4118
4122
4117
4118
4125
4121
4124
4140
4121
4125
4122
4124
4125
4124
4125
4144
4145
4128
4131
4128
4132
4134
4129
4135
4131
4132
4136
4131
4132
4139
4135
4138
4154
4135
4139
4136
4138
4139
4138
4139
4158
4159
4142
4145
4142
4146
4148
4143
4149
4145
4146
4150
4145
4146
4153
4149
4152
4168
4149
4153
4150
4152
4153
4152
4153
4172
4173
4156
4159
4156
4160
4162
4157
4164
4159
4160
4166
4159
4160
4167
4164
4165
4164
4167
4165
4167
4166
4166
4167
4170
4173
4170
4174
4176
4171
4178
4173
4174
4180
4173
4174
4181
4178
4179
4178
4181
4179
4181
4180
4180
4181
4185
4186
4185
4187
4288
4186
4187
4188
4291
4188
4188
4292
4293
4192
4193
4309
4192
4195
4289
4193
4195
4290
4194
4312
4194
4313
4195
4314
4294
4199
4200
4330
4199
4202
4310
4200
4202
4311
4201
4333
4201
4334
4202
4335
4315
4206
4207
4351
4206
4209
4331
4207
4209
4332
4208
4354
4208
4355
4209
4357
4336
4211
4213
4212
4437
4213
4438
4441
4443
4216
4424
4460
4216
4425
4453
4463
4426
4462
4465
4218
4221
4436
4219
4470
4221
4471
4473
4221
4439
4461
4474
4440
4476
4224
4227
5006
4224
4228
4225
5007
4227
4228
4482
5008
4227
4228
4483
4486
5009
4487
4231
4234
4231
4235
4490
4232
4234
4235
4503
4234
4235
4493
4504
4507
4495
4508
4238
4239
4574
4579
4238
4239
4442
4444
4577
4581
4242
4464
4562
4598
4242
4563
4590
4601
4564
4600
4603
4246
4247
4607
4611
4246
4247
4475
4575
4247
4576
4599
4612
4477
4609
4578
4614
4252
4253
4254
4620
5108
4252
4253
4484
5109
4252
4254
4485
4253
4254
4621
4488
5110
4624
5111
4625
4259
4260
4261
4641
4259
4260
4505
4259
4261
4506
4629
4260
4261
4630
4642
4509
4645
4633
4646
4264
4265
4712
4719
4264
4265
4580
4582
4715
4720
4268
4602
4700
4736
4268
4701
4728
4740
4702
4738
4741
4272
4273
4745
4751
4272
4273
4613
4713
4273
4714
4737
4752
4615
4747
4716
4753
4278
4279
4280
4761
5210
4278
4279
4622
5211
4278
4280
4623
4279
4280
4762
4626
5212
4763
5213
4764
4285
4286
4287
4782
4285
4286
4643
4285
4287
4644
4767
4286
4287
4768
4783
4647
4784
4771
4785
4291
4292
4291
4294
4292
4294
4293
4293
4294
4298
4299
4298
4300
4302
4299
4300
4301
4305
4301
4301
4306
4307
4305
4306
4305
4308
4317
4306
4308
4318
4307
4307
4308
4322
4312
4313
4312
4315
4313
4315
4314
4314
4315
4319
4320
4323
4319
4322
4320
4322
4321
4326
4321
4327
4322
4328
4326
4327
4326
4329
4338
4327
4329
4339
4328
4328
4329
4343
4333
4334
4333
4336
4334
4336
4335
4335
4336
4340
4341
4344
4340
4343
4341
4343
4342
4347
4342
4348
4343
4349
4347
4348
4347
4350
4359
4348
4350
4360
4349
4349
4350
4364
4354
4355
4354
4356
4355
4356
4357
4357
4357
4361
4362
4365
4361
4364
4362
4364
4363
4368
4363
4369
4364
4371
4368
4369
4368
4370
4369
4370
4371
4371
4371
4374
4377
4374
4378
4912
4375
4913
4377
4378
4379
4914
4377
4378
4380
4383
4384
4915
4383
4384
4385
4916
4383
4384
4383
4385
4511
4384
4385
4512
4917
4918
4514
4919
4388
4391
4400
4388
4392
4389
4391
4392
4393
4391
4392
4394
4404
4397
4405
4398
4397
4398
4399
4397
4398
4408
4397
4399
4409
4525
4398
4399
4526
4411
4528
4402
4405
4402
4406
4403
4405
4406
4407
4405
4406
4408
4411
4412
4411
4412
4413
4411
4412
4411
4413
4539
4412
4413
4540
4542
4415
4418
4450
4416
4418
4419
4418
4420
4425
4453
4422
4454
4422
4423
4422
4430
4456
4422
4423
4457
4553
4458
4555
4426
4427
4426
4430
4429
4432
4429
4460
4429
4433
4439
4461
4435
4462
4432
4463
4432
4434
4464
4562
4435
4465
4435
4446
4466
4435
4467
4565
4468
4437
4440
4438
4440
4445
4440
4446
4448
4443
4444
4445
4443
4444
4449
4448
4449
4448
4474
4448
4449
4475
4575
4476
4577
4451
4454
4452
4454
4455
4454
4456
4458
4458
4459
4458
4463
4458
4459
4589
4591
4462
4462
4466
4468
4465
4465
4467
4468
4468
4474
4468
4598
4470
4472
4471
4472
4478
4480
4476
4477
4478
4476
4476
4477
4481
4480
4481
4480
4481
4608
4609
4486
4487
4488
5010
4486
4487
4486
4488
5011
4487
4488
5012
5013
4491
4494
4491
4495
4492
4494
4495
4496
4494
4495
4497
4500
4501
4500
4501
4502
4500
4501
4504
4500
4502
4628
4501
4502
4506
4629
4508
4631
4507
4508
4509
4507
4508
4507
4509
4508
4509
4514
4515
4516
4517
5014
4514
4515
4514
4516
5015
4515
4516
4518
5016
4521
4522
5017
4521
4522
4523
5018
4521
4522
4521
4523
4649
4522
4523
4650
5019
5020
4652
5021
4528
4529
4530
4531
4528
4529
4539
4528
4530
4529
4530
4532
4541
4535
4543
4536
4535
4536
4537
4535
4536
4546
4535
4537
4547
4663
4536
4537
4664
4549
4666
4542
4543
4544
4545
4542
4543
4542
4544
4543
4544
4546
4549
4550
4549
4550
4551
4549
4550
4549
4551
4677
4550
4551
4678
4680
4555
4556
4557
4555
4556
4589
4556
4558
4563
4590
4560
4592
4560
4561
4560
4568
4594
4560
4561
4595
4691
4596
4693
4564
4565
4564
4568
4567
4570
4567
4598
4567
4571
4576
4599
4573
4600
4570
4601
4570
4572
4602
4700
4573
4603
4573
4584
4604
4573
4605
4703
4606
4577
4578
4583
4577
4578
4578
4584
4586
4581
4582
4583
4581
4582
4587
4586
4587
4586
4612
4586
4587
4613
4713
4614
4715
4591
4592
4593
4591
4592
4592
4594
4596
4596
4597
4596
4601
4596
4597
4727
4729
4600
4600
4604
4606
4603
4603
4605
4606
4606
4612
4606
4736
4609
4610
4616
4609
4610
4618
4614
4615
4616
4614
4614
4615
4619
4618
4619
4618
4619
4746
4747
4624
4625
4626
5112
4624
4625
4624
4626
5113
4625
4626
5114
5115
4631
4632
4633
4634
4631
4632
4631
4633
4632
4633
4635
4638
4639
4638
4639
4640
4638
4639
4642
4638
4640
4766
4639
4640
4644
4767
4646
4769
4645
4646
4647
4645
4646
4645
4647
4646
4647
4652
4653
4654
4658
5116
4652
4653
4652
4654
5117
4653
4654
4659
5118
4660
4661
5119
4657
4660
4657
4661
5120
4658
5121
4660
4661
5122
4660
4661
5123
4666
4667
4668
4672
4666
4667
4677
4666
4668
4667
4668
4673
4679
4674
4681
4675
4671
4674
4683
4671
4675
4672
4674
4675
4674
4675
4687
4688
4680
4681
4682
4686
4680
4681
4680
4682
4681
4682
4687
4688
4689
4685
4688
4685
4689
4686
4688
4689
4688
4689
4693
4694
4697
4693
4694
4727
4694
4698
4701
4728
4699
4730
4696
4699
4731
4697
4699
4699
4707
4734
4735
4702
4703
4702
4707
4705
4708
4705
4736
4705
4710
4714
4737
4711
4738
4708
4709
4739
4708
4740
4711
4741
4711
4742
4711
4724
4743
4744
4715
4716
4723
4715
4716
4716
4724
4725
4718
4720
4719
4722
4720
4723
4722
4725
4749
4723
4725
4725
4752
4753
4729
4730
4733
4729
4730
4730
4734
4735
4732
4735
4733
4735
4735
4740
4738
4738
4743
4744
4741
4742
4741
4744
4744
4744
4752
4747
4748
4756
4747
4748
4757
4750
4753
4751
4755
4753
4756
4753
4755
4757
4756
4757
4760
4763
5214
4760
4764
4761
5215
4763
4764
5216
4763
4764
5217
4769
4770
4771
4775
4769
4770
4769
4771
4770
4771
4776
4777
4778
4774
4777
4774
4778
4780
4775
4777
4778
4777
4778
4783
4785
4781
4784
4781
4785
4782
4784
4785
4784
4785
4788
4790
4794
4797
4799
4928
4931
4933
4788
4791
4792
4800
4790
4791
4792
4810
4942
4944
4946
4955
4957
4959
4792
4803
4811
4804
4812
4795
4798
4795
4799
4796
4798
4799
4954
4798
4799
4949
4955
4958
4959
4802
4804
4802
4805
4806
4961
4965
4966
4975
4979
4980
4804
4805
4806
4824
4806
4825
4826
4969
4970
4972
4990
4991
4993
4809
4910
4976
4809
4965
4979
5003
4981
5005
4812
4814
4819
4820
4823
5031
5032
5035
4812
4815
4816
4824
4814
4815
4816
4834
5044
5046
5048
5057
5059
5061
4816
4827
4835
4828
4836
4821
4822
4823
5056
4821
4822
4956
4821
4823
4957
4822
4823
5051
5057
4960
5060
5061
4826
4828
4826
4829
4830
5064
5066
5068
5078
5080
5082
4828
4829
4830
4848
4830
4849
4850
5071
5072
5074
5092
5093
5095
4833
5004
5079
4833
5066
5080
5105
5083
5107
4836
4838
4843
4844
4847
5133
5134
5137
4836
4839
4840
4848
4838
4839
4840
5146
5149
5151
5159
5162
5164
4840
4851
4852
4845
4846
4847
5161
4845
4846
5058
4845
4847
5059
4846
4847
5153
5162
5062
5163
5164
4850
4852
4850
4853
4854
5166
5168
5170
5180
5182
5184
4852
4853
4854
4854
5172
5176
5177
5193
5197
5198
4857
5106
5181
4857
5168
5182
5208
5185
5209
4862
4863
4864
4862
4863
5158
4862
4864
5159
4863
4864
4876
5160
4867
5207
4867
4881
4872
4873
4874
4872
4873
5138
4872
4874
5139
4873
4874
5140
4877
5155
4877
4882
4883
4884
4882
4883
5172
4882
4884
5173
4883
4884
5174
4889
4890
4891
4889
4890
5200
4889
4891
5201
4890
4891
5202
4896
4897
4898
4896
4897
4896
4898
4920
4897
4898
4921
4922
4901
4901
4948
4906
4907
4908
4906
4907
4906
4908
4982
4907
4908
4983
4984
4911
4911
4913
4915
4920
4914
4915
4916
4918
4925
4918
4919
4918
4919
4936
5015
4938
5016
4922
4925
4922
4926
4927
4923
4929
4925
4926
4930
4934
4925
4926
4935
4938
4932
4939
4929
4932
4948
4929
4933
4930
4932
4933
4941
4932
4933
4942
4949
4945
4950
4946
4938
4939
4940
4941
4938
4939
4938
4940
5023
4939
4940
4943
5024
4945
4947
5026
4945
4946
4947
4945
4946
4951
4945
4947
4952
5030
4946
4947
5031
4953
5033
4950
4950
4951
4953
4953
4955
4953
5050
4958
4959
4960
4958
4959
4958
4960
4959
4960
4963
4966
4963
4967
4964
4966
4967
4968
4966
4967
4969
4972
4973
4972
4973
4974
4972
4973
5003
4972
4974
5064
4973
4974
5065
5067
4977
4980
4977
4981
4982
4978
4984
4980
4981
4985
4989
4980
4981
4990
4993
4987
4994
4984
4987
4984
4988
5006
4985
4987
4988
4996
4987
4988
4997
5000
5001
5009
4993
4994
4995
4996
4993
4994
5003
4993
4995
5078
4994
4995
4998
5004
5079
5000
5005
5002
5081
5000
5001
5002
5000
5001
5000
5002
5085
5001
5002
5011
5086
5012
5088
5005
5005
5007
5009
5008
5009
5010
5012
5012
5013
5012
5013
5109
5110
5016
5017
5018
5016
5017
5023
5020
5027
5020
5021
5020
5021
5038
5117
5040
5118
5026
5027
5028
5029
5036
5026
5027
5026
5028
5030
5027
5028
5037
5033
5040
5034
5041
5033
5034
5035
5043
5033
5034
5050
5033
5035
5034
5035
5044
5051
5047
5052
5048
5040
5041
5042
5043
5040
5041
5040
5042
5125
5041
5042
5045
5126
5047
5049
5128
5047
5048
5049
5047
5048
5053
5047
5049
5054
5132
5048
5049
5133
5055
5135
5052
5052
5053
5055
5055
5057
5055
5152
5060
5061
5062
5060
5061
5060
5062
5061
5062
5067
5068
5069
5070
5067
5068
5067
5069
5068
5069
5071
5074
5075
5074
5075
5076
5074
5075
5105
5074
5076
5166
5075
5076
5167
5169
5081
5082
5083
5084
5091
5081
5082
5081
5083
5085
5082
5083
5092
5088
5095
5089
5096
5088
5089
5090
5098
5088
5089
5088
5090
5109
5089
5090
5099
5102
5103
5111
5095
5096
5097
5098
5095
5096
5105
5095
5097
5180
5096
5097
5100
5106
5181
5102
5107
5104
5183
5102
5103
5104
5102
5103
5102
5104
5187
5103
5104
5113
5188
5114
5190
5107
5107
5110
5111
5112
5110
5111
5114
5114
5115
5114
5115
5211
5212
5118
5119
5122
5118
5119
5125
5123
5129
5121
5123
5138
5122
5123
5143
5128
5129
5130
5131
5141
5128
5129
5128
5130
5132
5129
5130
5142
5135
5143
5136
5144
5135
5136
5137
5148
5135
5136
5152
5135
5137
5136
5137
5149
5153
5150
5154
5151
5140
5143
5140
5144
5145
5141
5147
5143
5144
5148
5143
5144
5150
5147
5150
5155
5147
5151
5148
5150
5151
5150
5151
5156
5157
5154
5154
5156
5157
5157
5157
5162
5160
5163
5160
5164
5161
5163
5164
5163
5164
5169
5170
5171
5175
5169
5170
5169
5171
5170
5171
5176
5177
5178
5174
5177
5174
5178
5175
5177
5178
5177
5178
5208
5183
5184
5185
5186
5196
5183
5184
5183
5185
5187
5184
5185
5197
5190
5198
5191
5199
5190
5191
5192
5203
5190
5191
5190
5192
5211
5191
5192
5204
5205
5206
5213
5195
5198
5195
5199
5200
5207
5196
5202
5198
5199
5203
5198
5199
5208
5205
5209
5202
5205
5202
5206
5214
5203
5205
5206
5205
5206
5217
5209
5209
5212
5213
5216
5212
5213
5217
5215
5217
5216
5217
)


// ************************************************************************* //
