/*--------------------------------*- C++ -*----------------------------------*\
  =========                 |
  \\      /  F ield         | OpenFOAM: The Open Source CFD Toolbox
   \\    /   O peration     | Website:  https://openfoam.org
    \\  /    A nd           | Version:  7
     \\/     M anipulation  |
\*---------------------------------------------------------------------------*/
FoamFile
{
    version     2.0;
    format      ascii;
    class       volScalarField;
    location    "7";
    object      p;
}
// * * * * * * * * * * * * * * * * * * * * * * * * * * * * * * * * * * * * * //

dimensions      [0 2 -2 0 0 0 0];

internalField   nonuniform List<scalar> 
5218
(
1.60302158593
1.57569770265
1.57028312035
1.56657435943
1.56377827481
1.5618152532
0.0119375241419
0.0100127816368
0.00674265179354
0.00392252905705
0.0019302498651
0.00065223362693
1.5970080244
1.57451205052
1.56985876899
1.56609277755
1.56238166823
1.55722762847
1.55189251105
0.0143717249855
0.0105222129242
0.00599012451895
0.00316568736569
0.00148387326157
0.000530660069457
1.59611177308
1.57426293356
1.56978333876
1.56594450323
1.56161474751
1.55238441954
1.51339543808
0.969262772864
0.205123779651
0.0215435966673
0.0110395547013
0.00561763515797
0.00281105241069
0.00126121762659
0.000427846415005
1.59773805255
1.57506745543
1.57008954508
1.56638955781
1.56325561072
1.56011768135
1.55573423877
0.0126142765958
0.0101684255445
0.00639792443197
0.00359689227539
0.00174552780754
0.000593361577496
1.60856582429
1.5768407977
1.57068963647
1.56689056174
1.56393118236
1.56198556397
0.0117632459262
0.0105956032487
0.00753618287884
0.00446765553296
0.00223076741957
0.000769258136877
1.58012346645
1.5744377309
1.57009041333
1.56656874708
1.56406307963
1.56283548619
0.0125086698576
0.0105029248761
0.00673150221162
0.00367834757911
0.0017167874076
0.000644375480449
1.57640071173
1.57212386727
1.56873607012
1.56525224248
1.56161900611
1.55987989329
1.55548753236
0.0155716240354
0.0107783990667
0.00535453631447
0.00195943125617
0.000432099753595
0.00075632755837
1.57582407836
1.57212396713
1.56873612939
1.56525224917
1.56161895689
1.55494023419
1.51925084468
0.951549846235
0.151219279643
0.015571632935
0.0107784039798
0.00535455716247
0.00195950007095
0.000432190985095
0.000340575455129
1.57786184339
1.57403940954
1.57000241428
1.56645439589
1.56353112119
1.56137955079
1.56105134697
0.0130519477251
0.0112730188413
0.00654906183591
0.00313446007003
0.00124695264397
0.000559909781363
1.58702081151
1.57426329432
1.56999725108
1.56648095999
1.56395177609
1.56244222307
0.0122880474394
0.0105484216999
0.00732111032772
0.00423357106751
0.00203099954315
0.000334054221686
1.57830915203
1.57381316406
1.56994780966
1.56661568545
1.56433085685
1.56364059759
0.0126540001053
0.0108875506417
0.00680733326059
0.00353617337415
0.00155846684078
0.000575857963467
1.57471526122
1.57194831115
1.56874105494
1.56540095817
1.56195451362
1.56071026954
1.55817931291
0.0150398105624
0.0107959466594
0.00535811280291
0.00181560216489
0.000216976873848
0.000235039415684
1.57417525499
1.57194838679
1.56874110093
1.56540095677
1.56195446242
1.55553581457
1.52129649546
0.944990533751
0.140116561226
0.0150397795678
0.0107959173479
0.0053581206898
0.00181567260466
0.000217086015664
-0.000446810499004
1.57611634526
1.57350993947
1.56994930927
1.56658393368
1.56387295643
1.56226786426
1.56346923624
0.0128726112307
0.011721566656
0.00666400401366
0.00288855359625
0.000914415911556
0.000371358974728
1.58467108165
1.57361716558
1.56984268341
1.5665183096
1.56420252188
1.56295378373
0.0125645218227
0.0108170139318
0.00745430490901
0.00427013110964
0.00203742813484
3.17541953117e-06
1.57879267105
1.57401650408
1.57002218972
1.56661700009
1.56423091127
1.56334590834
0.0125650529613
0.0108104298994
0.00681112286482
0.00360246495601
0.00161731297725
0.00057835503219
1.57522284929
1.57212500671
1.56874778854
1.56526689536
1.56163317079
1.56024711067
1.55774688149
0.0155170736588
0.0107819605033
0.00534954235236
0.00194944926245
0.000421805381843
7.91084306825e-05
1.57468640614
1.572125072
1.56874782534
1.56526688481
1.56163310833
1.55510137008
1.52064913777
0.945799402759
0.141108132689
0.01551703319
0.0107819386889
0.00534955874382
0.00194951241532
0.000421874805159
-0.000570419505842
1.57660750947
1.57367709384
1.56999381584
1.56655537678
1.56375772111
1.56193011628
1.56309990739
0.012870298106
0.0115903516936
0.00660298187621
0.00295321621695
0.00102072771003
0.000380776098824
1.584866275
1.57386628683
1.56993597769
1.56653385013
1.5641186638
1.56281853368
0.0124842006748
0.0107542665897
0.00743771138461
0.00428649265871
0.00205412988834
-1.02455727315e-05
1.58220842897
1.57489718277
1.57023000892
1.56659571974
1.56389137687
1.56224961758
0.0124432735771
0.0102526751573
0.00674924267942
0.00384005070674
0.00184102251675
0.000608518522177
1.57856431402
1.57398178008
1.56989632986
1.56618429704
1.56261572862
1.5582865388
1.55383138582
0.0152153279852
0.0113360034585
0.00607847501055
0.00280767352209
0.00108473738429
0.000411624165337
1.57799524621
1.57375986527
1.56983515495
1.5660508363
1.56192273735
1.55365313871
1.51708760583
0.954773970785
0.15949289048
0.0220695124379
0.0120457314086
0.00581552715908
0.00244715434969
0.000804038352558
0.000225640775946
1.5799345474
1.57441549149
1.57008540534
1.56644583497
1.56341568963
1.56066844721
1.5598042591
0.0131823981287
0.010758025244
0.00639745691243
0.00333830884097
0.00149817594061
0.000524139593749
1.58818753827
1.57551499037
1.5702671829
1.56657869044
1.56386654251
1.56211542862
0.012151800954
0.0102885600133
0.00723158763657
0.00425392923427
0.00206111495876
0.000655692059159
1.58818706264
1.57927929847
1.60823677415
1.57919724299
1.57551460373
1.57259680747
1.57690260736
1.5718936336
1.57026696315
1.56829813356
1.57079885506
1.56783579584
1.56657873847
1.56510516749
1.56696447213
1.56470926838
1.56386689078
1.56295901605
1.56397922741
1.56240559355
1.56211598284
1.56196602774
0.0119049943261
0.011533391767
0.0121524409026
0.0112968731332
0.0118352874645
0.0112496572925
0.0102886738972
0.00886252359951
0.0106337200262
0.00845086583315
0.00723147877377
0.0056672724483
0.00755670859647
0.00523234437765
0.00425357218405
0.00305638461745
0.00450368841488
0.00274513612243
0.00206065766865
0.00126792297187
0.00224934354489
0.00105338963762
0.000655355488872
4.00332528978e-05
0.000720278089672
9.01027108674e-05
1.56282384282
1.56066884459
1.55957786865
1.56183883656
1.56155945346
1.56014336386
1.55581232846
1.55980473957
1.55574725521
0.0122882716345
0.0111237751307
0.0115780025488
0.0118691727514
1.51708771558
1.16121008038
1.55190309418
1.51340051486
1.17550992913
0.954774034625
0.371881212823
0.969315618086
0.393802522654
0.0095088010682
0.159492887664
0.0177530518236
0.0104910039973
0.205215432317
0.0231042742107
1.16121002591
1.55383103611
1.51340041953
1.17550991557
1.55190277092
0.371881253877
0.96931552144
0.393802620078
0.017753058077
0.00950860954806
0.205215442952
0.0231042488983
0.0104906041887
1.55957745867
1.56224910432
1.56282318629
1.56014298642
1.55581192158
1.56183832335
1.56155879571
1.55574681936
0.0111234226601
0.0122875757016
0.0118685725025
0.0115771128668
1.57927972902
1.60823721358
1.5791976672
1.5725971246
1.57690300534
1.57189389815
1.5682982235
1.57079906701
1.56783583539
1.56510495199
1.56696445694
1.56470902506
1.56295854599
1.56397890021
1.56240506445
1.56196544293
0.0119042242646
0.0115324251015
0.0112965839301
0.0118346140658
0.0112493656936
0.00886249547479
0.0106335293904
0.00845081841111
0.00566747998534
0.0075567028362
0.00523258496804
0.00305680406446
0.0045039790067
0.00274557099955
0.00126835920653
0.0022497987365
0.00105368765309
4.00939641044e-05
0.000720486765627
9.0136666678e-05
1.60856479758
1.57918783905
1.58843312769
1.57811353554
1.57683995493
1.57179281723
1.57628890311
1.57178217188
1.57068912965
1.56775229721
1.57070908727
1.56773411763
1.56689043225
1.56464884254
1.5668686028
1.56469989192
1.56393139155
1.5624375249
1.56401903335
1.56282688018
1.56198608341
1.56255045098
0.0115611056202
0.0118339243243
0.0117635486626
0.0111796172045
0.0120505480524
0.0111627259661
0.0105958638986
0.00842252363675
0.0104908032229
0.00839127596029
0.0075362718167
0.00518406779402
0.00743937949367
0.00514769411244
0.00446714062062
0.0027060004465
0.00438912645284
0.00266147853039
0.00223006871321
0.00106447541008
0.00216203069406
0.000996986067271
0.000768675194877
0.000125977806686
0.000660794398709
0.0001339649888
1.56155042744
1.56011799699
1.5558005804
1.56224422804
1.56282691516
1.5606359424
1.55956396762
1.55573451787
1.55979065661
0.0116396825815
0.0115528743037
0.0120726519377
0.0114784954173
1.51339552221
1.17547698219
1.55382439377
1.51708292714
1.16118058477
0.969262838394
0.393673641027
0.954725974844
0.37166590933
0.0101604652818
0.20512384648
0.0231249400178
0.0096349949778
0.159152375801
0.0166321620792
1.17547703407
1.55189232531
1.51708285312
1.16118059262
1.55382408221
0.393673664646
0.954725882479
0.371665918136
0.0231249127026
0.010160522071
0.159152130084
0.0166321325927
0.00963507331784
1.55580031628
1.5618148618
1.56155002032
1.56063564858
1.55956363905
1.56224380598
1.56282644825
1.55979034049
0.011552910176
0.0116394143538
0.0114786022314
0.0120725284392
1.57918874225
1.58843404802
1.57811439217
1.57179342224
1.57628966884
1.57178271245
1.56775250445
1.57070952519
1.56773431202
1.56464871256
1.56686869973
1.56469974967
1.56243715591
1.56401879084
1.56282646252
1.56254997898
0.0115607376592
0.0118336793902
0.0111793452273
0.0120501969285
0.0111625786282
0.00842233584261
0.0104906521215
0.00839130740438
0.00518439776772
0.00743945749575
0.00514806370428
0.00270673456372
0.00438967350322
0.00266217685999
0.00106516298194
0.00216280355902
0.00099765101528
0.000126146652315
0.000661394609708
0.000134078222438
1.58701991144
1.57776361338
1.58492464576
1.57673369364
0.000333555585986
0.000141834434037
-1.17142137332e-05
0.000110939365128
1.57776442196
1.58492545224
1.57673436326
0.000141971257817
-1.12577678282e-05
0.000111049371951
1.5846702798
1.57656854238
1.58463548427
1.57655198003
2.66268159799e-06
0.000106736833561
1.53155863749e-06
0.000105282381418
1.57656916766
1.584636142
1.57655251527
0.00010685546644
2.00436940953e-06
0.000105364966731
1.58486564168
1.57670743934
1.58682353866
1.57768674304
-1.07897867682e-05
0.000106542819937
0.000282734288835
0.000107053055128
1.57670792145
1.58682402314
1.57768718466
0.00010662224138
0.000283124648485
0.000107089169102
1.57781375629
1.57993422207
1.57678707602
1.60277090423
1.57918436696
1.59765423472
1.57802237206
1.57240636906
1.57441524857
1.57212957434
1.57561586718
1.5726357881
1.57503374195
1.57232034519
1.56830457262
1.57008527517
1.56817563202
1.57030967218
1.56834490421
1.57011691628
1.56819172775
1.56512691957
1.56644585591
1.56485984073
1.56661874248
1.56511971731
1.56643224917
1.56483111704
1.56294714401
1.5634158954
1.56207736707
1.56381022401
1.56270907838
1.56329638381
1.56178045488
0.0117658544278
0.0131827264766
0.0128437268654
0.0120725989348
0.0114733877437
0.012874908679
0.0121094958961
0.00850906375072
0.0107581776592
0.00850126945783
0.0101079809804
0.00847333345219
0.0103109336628
0.00830312095807
0.00518813057443
0.00639741813989
0.00470283590265
0.00680264746006
0.00528914714251
0.00644001428246
0.00489384055872
0.00273821913434
0.00333811933696
0.00228724122589
0.00396108607801
0.00285132777619
0.00360325716988
0.00256996293692
0.00115935307663
0.00149790182688
0.000928032348087
0.00193354530187
0.00119655231682
0.00173083241354
0.00108755401312
0.000142371787005
0.000523929574991
0.000147430122781
0.000610853134803
0.000131442660606
0.000564085370537
8.21388434363e-05
1.57596028693
1.57799516392
1.57558010787
1.59695216288
1.57713905063
1.59609247268
1.57673668686
1.55465153565
1.55365322666
1.54417232745
1.55724621328
1.55258500858
1.55239918268
1.54142793643
9.63189573983e-05
0.00022560748321
2.73634506353e-05
0.00050736321025
9.6829957303e-05
0.000405952051672
6.03713404279e-05
1.57558017055
1.57856450509
1.57596046195
1.5960925289
1.57673675075
1.59695242575
1.57713922871
1.54417223697
1.55828629715
1.55465124553
1.5523991169
1.54142786326
1.55724597718
1.55258475448
2.73813764202e-05
0.000411729456324
9.63386160011e-05
0.00040600665446
6.0349881402e-05
0.000507488978789
9.68947795334e-05
1.57678735302
1.58220880112
1.57781411701
1.5976545394
1.57802264203
1.60277131867
1.57918472931
1.57212976724
1.57489751423
1.57240662229
1.57503398153
1.5723205306
1.57561618062
1.57263603876
1.56817569819
1.57023018442
1.56830464426
1.57011703983
1.56819178467
1.57030983962
1.56834498693
1.56485974927
1.56659568948
1.56512675583
1.56643223018
1.56483101369
1.56661871008
1.56511955547
1.56207706544
1.5638910847
1.56294674588
1.56329617092
1.56178017503
1.56380995808
1.56270868894
0.0128435225313
0.0124427710837
0.0117654731124
0.0128744589403
0.0121091491277
0.0120718779211
0.0114730380897
0.00850120458201
0.0102525309477
0.00850896108849
0.0103107381398
0.00830300273394
0.0101078209885
0.00847318474066
0.00470296640465
0.0067492820774
0.005188293458
0.00644000252033
0.00489396016371
0.00680269891558
0.00528932351454
0.0022875008665
0.00384032958518
0.00273862118827
0.00360344123631
0.0025702479594
0.00396137557711
0.00285166847271
0.000928314667391
0.00184140865365
0.00115972686292
0.00173108819811
0.00108786528925
0.00193392171178
0.0011968937414
0.00014751810705
0.000608801301904
0.000142510316501
0.000564266824667
8.21438651433e-05
0.000611102593793
0.000131491110615
1.59141696307
1.59630956082
1.61969009673
1.59136686258
1.60828785987
1.58778786891
1.59580536846
1.58376581685
1.5793639246
1.58045849325
1.58372499743
1.57925912733
1.58305117075
1.58558624456
1.57469242659
1.57726460992
1.57736529456
1.57468901348
1.57689236464
1.57503939514
1.57504661683
1.57328460518
1.57210569912
1.57204192357
1.57326787964
1.57189278981
1.57354938536
1.5734317462
1.56971089927
1.5709512948
1.57086690745
1.5697146346
1.57080565618
1.56983349864
1.56978598483
1.5687694999
1.56791119677
1.56788613909
1.56875583415
1.56784301411
1.56884093604
1.56879763163
1.56620656462
1.56702998656
1.56701135995
1.56617383848
1.56700260232
1.56624516161
1.56622852766
1.56547247738
1.56481428223
1.56478340373
1.56538453232
1.56478920044
1.5654731839
1.56545447352
1.56358827534
1.56413383354
1.56409760117
1.56342991687
1.56415246722
1.56360930154
1.56354663932
1.56309285489
1.56271718573
1.56261394882
1.56277889412
1.56269306079
1.56305120069
1.56298375115
1.56234775234
1.56239640602
1.56224114451
1.56206182671
1.5623446639
1.56256600082
1.56223675144
1.5625972505
1.56264409371
1.56288665633
1.56248761748
0.0115616604217
0.0116226623922
0.0113770470562
0.011753250612
0.0113256920772
0.0119288245007
0.0115297935412
0.0112414535555
0.0117572505064
0.0115038070361
0.0117068500148
0.0114205499687
0.0114682181754
0.0113883540012
0.0112141605882
0.0109199592634
0.0109846273244
0.0116148846111
0.0108857180165
0.0112996984853
0.0113160104981
0.00990302248145
0.0103265293005
0.0105088191655
0.0100301605966
0.0104333979855
0.00977414708734
0.00995278937605
0.00920801964747
0.00829137900927
0.00850225802177
0.00920303360018
0.0084955106884
0.00898786924697
0.00923079968709
0.00689869903838
0.00742300260249
0.00765634323088
0.00678112004381
0.00766127272327
0.00669433527389
0.00688739322544
0.00608531401666
0.00519216360735
0.00533984169839
0.00595389520623
0.00536164241675
0.00588014583006
0.00606162000078
0.00398621637062
0.00446755587133
0.00459235582546
0.00387645378672
0.00462275589147
0.00386270337655
0.00396549043634
0.00336010271175
0.00274480624955
0.00280904006402
0.00326876153802
0.00282457012147
0.00325630144342
0.00332887238272
0.00186679117048
0.00224709339248
0.00228352023639
0.00182103482741
0.00230848086768
0.00182175563981
0.0018636351456
0.00145234004511
0.00105121671243
0.00109554339056
0.00142452508979
0.00107538397418
0.0014235644233
0.00143862134318
0.000435671734148
0.000711844649239
0.000772578802267
0.000425989485928
0.00072639499425
0.000326495744564
0.000620742050736
0.000311697183397
5.93700966918e-05
0.000150293290488
0.000320838437222
9.011377385e-05
6.68088409547e-05
0.000441166185151
1.5607166941
1.56163347685
1.56255934282
1.56102287962
1.5621005539
1.56153313704
1.56147086845
1.55704125546
1.55660756873
1.55677465881
0.0123954104636
0.0118552073468
0.0119215103874
0.0117418855137
0.0121491994833
0.0121974434369
0.0121520272658
1.54937997215
1.550658956
1.5467877931
1.53904920141
1.54931026785
1.5414996901
1.53919850103
1.48894894544
1.16925796064
1.39346540498
1.38399833413
1.49631123641
0.963585126367
0.775065454706
0.771384956244
0.38735557576
0.581601438072
0.577263287597
-0.0145745283944
0.000426406720011
-0.00107784444307
-0.0083727099963
-0.0442132843367
0.1873474901
0.054530946527
0.0525220378958
-0.0279538162441
1.4889487942
1.16925782672
1.39346531628
1.38399828117
1.49631097412
1.5493797837
1.55065863395
1.53904898475
1.54678750582
1.54149948444
1.5493100589
1.53919825896
0.963584991266
0.77506546297
0.771385032648
0.387355754542
0.581601612391
0.577263271855
-0.044213260284
0.187347522926
0.0545310084566
0.0525221741764
-0.0279536030859
-0.0145743129904
0.000426493642015
-0.00107766773206
-0.00837240967658
1.56071615909
1.56163283819
1.56102230907
1.562558678
1.56153254174
1.56209987004
1.56147032976
1.55704083318
1.5566070231
1.55677410045
0.0123945693236
0.0118543787537
0.0117409090303
0.0119208595422
0.0121965416379
0.0121487787487
0.0121507950721
1.59141741693
1.59630999881
1.59136729762
1.61969055622
1.58778829823
1.60828828163
1.59580584501
1.5837662558
1.57936434926
1.58372540621
1.5804589579
1.5830515771
1.57925955923
1.58558671885
1.57469284051
1.57726498815
1.57468934262
1.57736569194
1.57503978565
1.57689280597
1.57504703198
1.57328497128
1.57210598188
1.57326819039
1.57204220291
1.57354973539
1.57189311713
1.57343210678
1.56971109438
1.57095152919
1.56971479599
1.57086715152
1.56983368425
1.57080590843
1.56978617999
1.56876961576
1.56791125719
1.56875593911
1.56788617606
1.56884106212
1.5678430545
1.56879771307
1.56620646246
1.56702997317
1.56617376353
1.56701134529
1.56624506349
1.56700256676
1.56622843959
1.56547227803
1.56481406534
1.56538439594
1.56478311835
1.56547303793
1.56478892366
1.56545430521
1.56358785465
1.56413356294
1.56342955834
1.56409726011
1.56360896183
1.56415214731
1.56354622534
1.56309237444
1.5627166735
1.56277846223
1.56261336381
1.56305079487
1.56269244592
1.56298322062
1.56234698019
1.56239580532
1.5620611467
1.56224047253
1.56256525947
1.56234389592
1.56223615487
1.56259642652
1.56264330199
1.5628857245
1.56248709605
0.0115604350171
0.0116219679219
0.0117519125065
0.0113758605663
0.0119287047053
0.0113253551242
0.0115261560936
0.0112409751279
0.0117562584259
0.0117061545767
0.0115037197887
0.0114676017005
0.0114201594568
0.0113880684845
0.0112138364474
0.0109198229903
0.0116145608495
0.0109844479828
0.0112993484967
0.0108856705743
0.0113158532118
0.00990305703659
0.0103264157827
0.0100300184803
0.0105087357852
0.00977409098731
0.0104333944075
0.00995291207725
0.00920812187179
0.00829142568057
0.00920298110455
0.00850228199231
0.00898797694787
0.00849572311555
0.00923082488676
0.00689889599059
0.00742318270006
0.00678138417211
0.0076566710839
0.0066945036259
0.00766147540082
0.00688778548293
0.00608552416152
0.00519244254679
0.00595415142544
0.00534012454385
0.00588035988083
0.00536185659303
0.00606180213837
0.00398659675464
0.00446789075158
0.00387687949067
0.00459269731664
0.00386306003752
0.00462303562153
0.0039659965716
0.00336048950951
0.00274525782115
0.00326921386937
0.00280957234499
0.00325662077029
0.00282496217626
0.00332939338611
0.00186719237968
0.00224757798409
0.00182146958928
0.00228389821317
0.00182221150676
0.00230890144925
0.00186391716181
0.00145262711929
0.00105156671889
0.00142489419729
0.0010957421344
0.0014239253607
0.00107562117741
0.00143876252847
0.000435873647521
0.000712032337206
0.000426160392342
0.00077273088893
0.00032669466423
0.000726574197186
0.000620924183063
0.000311821368114
5.94189865242e-05
0.000320908838044
0.000150326089878
6.69094700119e-05
9.01485633852e-05
0.000441221958472
1.57936741202
1.59773751126
1.57811013476
1.58236034389
1.57810203857
1.58003628599
1.57688417213
1.57265078759
1.57506696345
1.5723159413
1.57500602924
1.57242056774
1.5744561171
1.57212698245
1.56830220445
1.57008926839
1.56815250161
1.5701973544
1.56825563267
1.57005724221
1.56813683318
1.56507974926
1.56638951773
1.56478809632
1.56654625145
1.56508304904
1.56640445005
1.56481837992
1.56268643015
1.56325577552
1.56174364934
1.56385055502
1.56290854531
1.5633749311
1.56203538319
0.0113386149287
0.0126142483063
0.0118778528092
0.0122915001902
0.0116927205496
0.0128530986122
0.0125385007868
0.00840057484806
0.0101683858682
0.00822378783268
0.0101848743695
0.00843649181457
0.010601917692
0.00842609456412
0.00523968425715
0.00639778175035
0.00487378332827
0.00667145748009
0.0051131055279
0.00635744498002
0.00468119465754
0.00282784807752
0.00359663360415
0.00257377475443
0.00377256277559
0.00268649557082
0.00332622100305
0.00228332340012
0.00121816444401
0.00174512150945
0.00111182375434
0.00180990572444
0.00116227882025
0.00150195286296
0.000942466172721
0.000154507227993
0.000593038722069
9.36555079773e-05
0.000647248336313
0.000203286690013
0.000544601664674
0.000156550073563
1.57717798933
1.59611171477
1.57675727647
1.57861396168
1.57600905741
1.57802257272
1.57560734059
1.57198318794
1.57426282557
1.57187067361
1.57400367678
1.57177448384
1.57377105807
1.57166304709
1.56793436401
1.56978327948
1.56786737894
1.56987917971
1.56790744996
1.56982495557
1.56785228301
1.56428946591
1.56594450973
1.56395861092
1.56615426958
1.56430934576
1.56603052676
1.56399619626
1.56012495296
1.56161478473
1.55806317195
1.56258433009
1.56043241689
1.56190063693
1.5584469928
1.55257368541
1.55238450473
1.5414199208
1.55826574196
1.55463919061
1.55363722338
1.54416304313
1.54677910241
1.53903960639
1.53919087759
1.54937342022
1.55065143992
1.54930409104
1.54149228835
0.00076754701891
-0.00745946340326
-0.013619944655
-0.0012021002693
0.012810915092
0.02154350084
0.0149892029219
0.0145598407009
0.013528436947
0.022403573137
0.0162312267196
0.00805380581502
0.0110394670279
0.00787028909792
0.0111615831864
0.00838700931764
0.0120490310803
0.00843889494504
0.00439667485255
0.0056175693455
0.0039822266029
0.00605952692548
0.00419194707313
0.00582666079923
0.00384105393468
0.00222067838858
0.00281102102154
0.00193964863371
0.00282122230361
0.00178315162559
0.00247257173979
0.00145900022882
0.000966107738651
0.00126112431163
0.000809961072005
0.00110284880986
0.000623320938919
0.000828681300491
0.000393080339304
0.000106680326485
0.000427783755524
6.72249467706e-05
0.000426164839531
0.000103232982099
0.000240463128484
3.37791060895e-05
1.57675739163
1.59700837816
1.57717832461
1.57802268538
1.57560744081
1.5786142893
1.57600935362
1.57187076611
1.57451233992
1.57198341244
1.57377114486
1.57166312072
1.57400392548
1.57177468318
1.56786741276
1.56985893458
1.56793443945
1.56982501776
1.56785230868
1.56987932903
1.56790753258
1.56395858952
1.5660927916
1.56428942132
1.56603053551
1.56399616298
1.56615427901
1.56430931155
1.55806312724
1.56238156323
1.56012480835
1.56190059643
1.558446935
1.56258423567
1.56043226776
1.54141984073
1.55722745278
1.55257347358
1.55363715848
1.54416296728
1.5582655547
1.55463898621
0.774986576207
0.963531608997
0.771302610202
0.0544760739271
-0.0276680335561
-0.0440174135696
0.187206856617
0.0523929929317
0.0149892186324
0.0143717132163
0.0128108784065
0.0224036437424
0.0162313462439
0.0145598436199
0.0135283418209
0.0078703377622
0.0105221798974
0.00805379528504
0.012049072787
0.00843886157918
0.0111615588053
0.00838701131725
0.00398228136163
0.00599017536171
0.00439681989003
0.00582671203636
0.00384105569898
0.00605957536045
0.00419204778741
0.00193971847957
0.00316588635892
0.00222096870057
0.00247264631073
0.0014590275209
0.00282135582796
0.00178341628599
0.00081005814796
0.00148416260111
0.000966409646455
0.000828751048634
0.000393146586532
0.00110308531749
0.000623575794827
6.72235274324e-05
0.00053088063167
0.000106698967389
0.000240476732389
3.37992948604e-05
0.000426326865871
0.000103302708451
1.5781106865
1.60302249521
1.57936814295
1.58003681734
1.57688468086
1.5823610806
1.57810274591
1.57231633882
1.57569834669
1.57265129711
1.57445656116
1.57212734674
1.57500665216
1.57242106793
1.56815267163
1.57028349531
1.56830241489
1.57005751075
1.56813698119
1.5701977149
1.56825583704
1.56478803244
1.56657443376
1.56507967733
1.5664045028
1.5648183157
1.56654630475
1.56508296351
1.56174340442
1.56377807765
1.56268610695
1.56337477767
1.56203514255
1.56385034311
1.56290821484
1.55659624385
1.5570270921
1.55676593951
0.0118778391716
0.0119373687512
0.0113384505973
0.0128531426276
0.0125385032546
0.0122914058207
0.0116926421894
0.0082238243659
0.0100126671742
0.00840048623249
0.0106019195142
0.00842610130647
0.0101848230267
0.00843643031897
0.00487401693995
0.00674273840141
0.00523989769949
0.00635753824255
0.00468133563196
0.00667148436763
0.0051133170637
0.00257415942277
0.00392296710771
0.00282840171563
0.00332647634426
0.0022837080768
0.00377295442796
0.00268700012721
0.0011122162999
0.001930845704
0.00121871903048
0.00150231692707
0.000942877591215
0.0018104338851
0.00116284292527
9.36295707714e-05
0.000652663400644
0.000154650105676
0.000544879300529
0.000156658249668
0.00064761737673
0.000203466864056
1.59167749035
1.62015448967
1.5966524195
1.59633999781
1.60876784751
1.59202916598
1.58810389511
1.57462409478
1.57739908018
1.57506073465
1.57491978665
1.5771521474
1.57493336433
1.57705659892
1.56961668701
1.57075497169
1.56967596167
1.56964777327
1.57080580953
1.56969455809
1.57072583671
1.56610322789
1.56690735992
1.56612066248
1.56610921587
1.56694080072
1.56616276535
1.56688771745
1.5633932649
1.5639732966
1.56341835507
1.56345274957
1.56408331283
1.56359813068
1.56398811634
1.56206505189
1.56216527015
1.56219708116
1.56232849549
1.56246236698
1.56258126783
1.56227441382
0.0115886349253
0.011494689582
0.0113712711967
0.0112754261782
0.0116616857956
0.0113733804765
0.0114322013909
0.0100016220253
0.0105820429217
0.0100100059324
0.00998781868823
0.0103537148141
0.00979808974098
0.0105360448205
0.00674198336983
0.00765558668999
0.00685525707691
0.00687036034634
0.0074350033566
0.00667086536956
0.00766006666271
0.00382845095311
0.00454020621821
0.00389905345802
0.00390422006763
0.00443297024028
0.0038040541903
0.00454300847972
0.00180075116137
0.00224790131346
0.00183250619655
0.00181756714247
0.00220931070442
0.00178096864338
0.00223205424534
0.000524484132982
0.000825647385809
0.000630835238458
0.000527321463867
0.000750063566111
0.000450923723312
0.00080191901095
1.57426261138
1.57214252384
1.57385311845
1.57193967872
1.56999687339
1.56813407411
1.56990303597
1.56811304832
1.56648091552
1.56509436006
1.56650113304
1.56517203383
1.56395203523
1.56322616557
1.5640979763
1.56349022427
1.56244270856
1.5628124007
0.0120168022647
0.0121528040019
0.0122883181198
0.0116456087035
0.012574006734
0.0118772919226
0.0105484263767
0.00905655321602
0.0107350039415
0.00920423507784
0.00732098362889
0.00570007077428
0.00740627229986
0.00575116377328
0.00423313380379
0.00302861746392
0.00425301512272
0.00303799293539
0.00203038383322
0.00134134373
0.00202733209436
0.00132922955686
1.57715865869
1.57786133964
1.57595421112
1.57885506787
1.57642462178
1.57664254223
1.57528213686
1.57217232128
1.57403901649
1.57190611809
1.5740331844
1.57199071849
1.57368684105
1.57178183696
1.56822251286
1.5700021833
1.5681305032
1.57000901056
1.56821901663
1.56998286622
1.56818107118
1.56517834259
1.56645435573
1.5649833345
1.56659729233
1.56527055289
1.56653915592
1.56513646154
1.56336511942
1.56353127429
1.56270591235
1.56421898617
1.56369131571
1.56374388423
1.56314255118
1.56357546789
1.56137983849
1.5604136585
1.56333731235
1.56498732518
1.5619201283
1.56201796382
1.56105181505
1.56309424759
0.0122696647863
0.00942822199088
0.0121196493183
0.00876767845143
0.0122367104156
0.013051917726
0.0141307459284
0.0126499371748
0.0126205437598
0.0129296301406
0.0145659286498
0.00866216487827
0.0112730450306
0.00919153557413
0.0107854124992
0.00885915635645
0.0115674024613
0.00944203131782
0.00508473528716
0.00654904665342
0.0047581167885
0.00678202969281
0.00505428918214
0.00658960296385
0.00469208482014
0.00257682302471
0.00313426687066
0.00203854662146
0.00357914384046
0.00246931784025
0.00294754245852
0.00181389257735
0.00113026970566
0.0012466510458
0.000755577375613
0.00160459817829
0.00104068160052
0.00102092954218
0.000560166751483
0.00027176531276
0.00055963527041
0.000224816604435
0.000583085527705
0.000250446773065
0.000385709063516
0.000170252320526
1.57490342738
1.57582397496
1.57452088499
1.57524198023
1.57440917404
1.57469792584
1.57410199666
1.51925093714
1.15899444334
1.55774338989
1.52064663867
1.15523444557
0.951549946838
0.365649046776
0.945797236054
0.356044769706
0.00551127652191
0.15121914969
0.0118802211505
0.00397753838593
0.141180836324
0.00923187099963
0.000208555195173
0.000340526580604
9.30287548043e-05
8.50036363045e-05
6.63692363698e-05
-0.000565641486941
-0.000100369541692
1.57452097759
1.57640099439
1.57490368456
1.57469803129
1.57410206069
1.57524223732
1.57440939771
1.15899437355
1.55548726467
1.52064657782
1.15523435716
1.55774312753
0.365648886933
0.94579705538
0.356044736724
0.0118802158875
0.00551131964235
0.141180812067
0.00923185418782
0.00397761422915
9.30326457787e-05
0.000756426501653
0.00020860331977
-0.000565620897518
-0.000100369357949
8.50154386238e-05
6.63787766397e-05
1.57595466805
1.58012414829
1.57715930979
1.57664298291
1.57528254815
1.57885570364
1.57642520702
1.57190641509
1.5744382894
1.57217277311
1.57368716658
1.57178209307
1.5740336972
1.57199112187
1.56813063868
1.57009073595
1.56822268985
1.56998306706
1.56818118155
1.57000930898
1.5682191863
1.56498328798
1.56656879942
1.56517825108
1.56653919477
1.56513641021
1.56659734001
1.56527047174
1.56270571587
1.56406286453
1.56336480374
1.563743749
1.56314236899
1.56421877283
1.56369101511
1.56041332796
1.56283508762
1.56357500766
1.56191985165
1.56201762162
1.56333688559
1.56498678134
1.56309390898
0.009428254274
0.0122696652194
0.008767695194
0.0121196880534
0.0141307119026
0.0125086362476
0.0122366104503
0.0129296913447
0.0145659391668
0.0126499901977
0.0126205164994
0.0091915241805
0.0105029024128
0.00866209471526
0.011567419431
0.00944197237669
0.010785437514
0.00885915588252
0.004758253772
0.00673160464613
0.00508493533834
0.00658964554256
0.00469220263801
0.00678208803129
0.00505446691541
0.00203886571696
0.00367872412451
0.00257730755197
0.00294769398368
0.00181420651482
0.00357942145021
0.00246975661965
0.000755958007702
0.00171730235336
0.00113081321955
0.00102121051148
0.000560534899831
0.00160504634194
0.0010411926996
0.000224926916381
0.000644741065711
0.000271920836849
0.000385938692775
0.000170323338119
0.000583406312183
0.000250587483376
1.59970257161
1.58599821708
1.59866192921
1.58564401573
1.5831378719
1.58653374054
1.58225320946
1.57214305998
1.5738537117
1.57194015616
1.56813428281
1.56990338199
1.56811324321
1.56509423931
1.56650119273
1.5651719099
1.56322577992
1.5640977098
1.56348983517
1.56281188546
0.0120166271497
0.0121528522381
0.0116455496809
0.0125738816681
0.0118772855131
0.00905659598802
0.0107350218818
0.0092042691402
0.00570034110921
0.00740644295132
0.00575134464568
0.0030291332428
0.00425336831536
0.00303841917683
0.00134194694877
0.00202779896241
0.00132978034442
0.000608840446265
0.000458897491879
0.00177246608705
6.10438163001e-05
0.000649469975955
0.000396763784728
0.00179419142986
1.5736166255
1.57181009752
1.57361827773
1.57181657661
1.56984238134
1.56809860982
1.56985286276
1.56810983682
1.56651827858
1.56522887885
1.56652841493
1.56523726121
1.56420276733
1.56366742438
1.56420937442
1.56367223896
1.56295421128
1.56295827965
0.0120962965269
0.0120192229032
0.0125645310122
0.01196248824
0.0125119849837
0.0119647016435
0.0108169815121
0.00927827701179
0.01082436268
0.00928751722701
0.0074541909206
0.00578302281165
0.00746433991219
0.00579339667833
0.00426978864445
0.00304924454392
0.00427973617317
0.00305808931429
0.00203687754724
0.00134793332989
0.00204431538151
0.00135290178129
1.57606531912
1.57611594754
1.57495757002
1.57829118203
1.57605078488
1.57610489646
1.57494868353
1.57187003102
1.57350965108
1.57169842345
1.5738085674
1.57187069671
1.57350535586
1.57169883192
1.56820665209
1.5699491319
1.56818859076
1.56995288952
1.56821355849
1.56995263468
1.56819395934
1.5653336811
1.56658391134
1.5652196288
1.56662243022
1.56533935934
1.56658978498
1.56522532013
1.56389228722
1.56387308282
1.56335133709
1.56433516277
1.56389545597
1.56387841874
1.56335614023
1.56526099557
1.5622681416
1.56234140291
1.5636433991
1.56526307354
1.56227157195
1.56234550034
1.5634695906
1.56347320768
0.0119810791373
0.00847838262736
0.0119197531166
0.00843070509998
0.0127245357985
0.0128726476084
0.0146474410492
0.0126238423657
0.0127230323092
0.0128495849126
0.0146490022456
0.00894301106026
0.0117215782417
0.00959366408765
0.0108949247567
0.00895224284923
0.0117281208477
0.00959957480241
0.00504377719787
0.006663995741
0.00471199257876
0.00681637662116
0.00505188833725
0.00666839021761
0.00471503310586
0.00242065021041
0.00288840557185
0.00172976913549
0.00354318132
0.00242626534642
0.00289041177553
0.00173090513432
0.00102341004491
0.000914140497103
0.000489124760569
0.00156232309621
0.00102485944077
0.000914466592342
0.000488429049484
0.000246403735896
0.000371165413322
0.000162400508352
0.00057514660432
0.000245191981414
0.000369760555136
0.000161300537285
1.57407891594
1.57417517959
1.57378358752
1.57470871796
1.57407146669
1.57417097088
1.57377764493
1.52129658834
1.15476021742
1.55818065496
1.52129709172
1.15476087533
0.944990365548
0.354811024493
0.944989781448
0.354791485107
0.00335116114224
0.140116516045
0.00803295538399
0.00328711835822
0.140067996661
0.00799482758336
7.96233304223e-05
-0.000446829552989
-9.89638716871e-05
0.000231748568957
7.84321850333e-05
-0.000450142017687
-0.000100183426925
1.573783663
1.57471549092
1.57407910395
1.57417103993
1.57377770279
1.5747089334
1.57407163056
1.15476002046
1.55817902417
1.52129700808
1.15476073845
1.55818027442
0.354810978433
0.944989637943
0.354791447149
0.00803291660066
0.00335120024807
0.140067981848
0.00799479930716
0.00328709764722
-9.89654747722e-05
0.000235146593357
7.96010495859e-05
-0.000450064289158
-0.000100173196641
0.000231818070106
7.84577821931e-05
1.57495792162
1.57830972127
1.5760658433
1.57610523611
1.57494899662
1.57829169477
1.57605124537
1.57169864155
1.57381359417
1.57187037899
1.57350561432
1.57169902853
1.5738089731
1.57187101974
1.56818869491
1.56994806873
1.56820680546
1.56995279776
1.56819404869
1.56995313098
1.56821368973
1.56521959622
1.56661572466
1.56533359097
1.56658978592
1.56522525338
1.56662243858
1.56533924427
1.56335118403
1.56433064383
1.56389200305
1.56387827353
1.56335594164
1.56433495497
1.56389513691
1.56234105617
1.56364017522
1.56526046085
1.56227126391
1.5623450665
1.56364294097
1.56526241214
1.56347275636
0.00847844176806
0.0119810410375
0.00843062593197
0.011919622294
0.0146473571342
0.0126539686694
0.0127244664496
0.0128495178492
0.0146489694639
0.0126237200205
0.0127229316172
0.00959363509242
0.010887588255
0.00894302968602
0.0117281232988
0.00959955463348
0.0108949452053
0.00895229845824
0.00471216531408
0.00680747386509
0.00504394271973
0.00666842354946
0.00471517028694
0.00681646245497
0.00505205825124
0.00173012308467
0.00353646981847
0.00242106095425
0.00289055258694
0.00173119195012
0.00354346358742
0.00242665389741
0.000489488903255
0.00155890892067
0.00102388503296
0.000914718859599
0.000488721405271
0.00156277972941
0.00102527491637
0.000162481691247
0.000576183986606
0.000246532135367
0.000369977252613
0.0001613559748
0.000575466763365
0.000245297741855
1.59726421985
1.58454070761
1.59712990528
1.58422572232
1.58098684829
1.58435349951
1.58085691386
1.57181051909
1.5736187566
1.5718169615
1.56809879325
1.56985313974
1.56810997772
1.56522874692
1.56652842229
1.56523711047
1.56366704335
1.56420910442
1.56367185003
1.56295777983
0.012096292051
0.0120190470029
0.0119625661557
0.0125117421184
0.011964655161
0.00927836673196
0.0108243573061
0.00928754725698
0.00578325508128
0.00746444524385
0.00579357075229
0.00304963651938
0.00428005706064
0.00305848360585
0.0013484776006
0.00204482685935
0.0013534648288
0.00060224553376
0.000347033302433
0.00201588832628
-2.19708166401e-05
0.000608240437702
0.000338003644327
0.00201270949528
1.57386585054
1.57195711881
1.57438224662
1.57220091322
1.56993573255
1.56814911194
1.57006931543
1.56820542978
1.56653388265
1.56519896227
1.56654225276
1.56514144099
1.56411895333
1.56350336609
1.5639854344
1.56323268448
1.56281898202
1.56234922297
0.0120143669602
0.0119069143274
0.012484578387
0.0118823574071
0.0122456960543
0.011629073114
0.0107543210438
0.00923044926568
0.0105504421968
0.00907247066776
0.00743762837355
0.00578437422314
0.00735514869906
0.00574578885741
0.00428613869381
0.00306830192653
0.00428667314039
0.00308062611268
0.00205358437027
0.00134553831584
0.00207666008084
0.00135655611423
1.57637154544
1.57660717795
1.5752539151
1.58000099003
1.57703886898
1.57779659636
1.57590427483
1.57198893669
1.57367685325
1.57178566255
1.57440967331
1.57216585762
1.57401917025
1.5719093462
1.56823887984
1.56999367179
1.56819662696
1.5701091387
1.56825312133
1.57001973086
1.56815634852
1.56528691557
1.56655538379
1.56515195865
1.56659903271
1.56520236155
1.56648204611
1.56501009752
1.56369934286
1.56375787867
1.56315508684
1.56407896728
1.56337426207
1.56355605982
1.56272879613
1.56499095129
1.56193045587
1.56202378078
1.56284939581
1.56357579169
1.56139841098
1.56042635836
1.5631003731
1.56106414107
0.0119256377961
0.00865920194428
0.0120334809855
0.00946993981757
0.0126221197218
0.0128704417206
0.014578916016
0.0124504157876
0.0122653358803
0.0130610556601
0.0142138258181
0.00888873131239
0.011590362716
0.0094610349589
0.0105507265023
0.00871359115617
0.0113391924968
0.00923211549328
0.00508083134698
0.00660293112691
0.00470098302055
0.00678344435568
0.00513353989807
0.00657423609135
0.00477350627893
0.0024879421733
0.00295308117051
0.00181647934958
0.00372220740211
0.00261138956233
0.00314368547661
0.00204241117865
0.00104379006058
0.00102048869826
0.00055642015143
0.00173763090371
0.00112442630889
0.0012449266057
0.000745451497005
0.000245568008583
0.000380591464589
0.000166438741126
0.000619593937851
0.000258706708105
0.000546770949718
0.000218255120099
1.5743939124
1.57468632823
1.57409294847
1.57636703408
1.57487286477
1.57580365423
1.57450033996
1.52064924766
1.15523786307
1.55549306929
1.5192549409
1.15901697045
0.945799179201
0.356021505815
0.9515846687
0.365755237531
0.00380130442842
0.141108029212
0.00910873422644
0.00506923149671
0.151309035607
0.0118037848444
6.35521383463e-05
-0.000570444942625
-0.000102868400077
0.000743938799994
0.000203515092178
0.000329816233934
8.85512023251e-05
1.57409301037
1.57522303227
1.57439407021
1.57580371623
1.57450040417
1.57636723604
1.57487301686
1.15523776669
1.5577464852
1.51925484726
1.1590168987
1.55549267661
0.35602147771
0.951584621929
0.365755115898
0.00910873218892
0.00380126530006
0.151308886018
0.0118038077427
0.00506921275848
-0.000102851961876
7.92285692926e-05
6.35971429921e-05
0.00032984514048
8.85653382327e-05
0.000744015548672
0.00020356678092
1.575254197
1.57879311699
1.5763719608
1.57779689851
1.57590455011
1.58000140617
1.57703926113
1.57178584341
1.57401684542
1.57198921886
1.57401939662
1.57190951598
1.57440999926
1.57216611747
1.56819670305
1.5700223946
1.56823898954
1.570019855
1.56815640275
1.57010932796
1.56825321275
1.56515189192
1.56661698412
1.56528677856
1.5664820282
1.565009997
1.56659900558
1.56520220809
1.56315486057
1.56423066275
1.56369900238
1.56355587917
1.56272852633
1.5640787133
1.56337387258
1.56202334483
1.56334542587
1.56499029127
1.56139804169
1.56042593123
1.56284887883
1.56357514677
1.56106373072
0.00865902195579
0.0119252335539
0.0094696656638
0.012032970539
0.0145788016721
0.0125647760542
0.012621860186
0.0130608333881
0.0142136646541
0.0124500190892
0.0122650666673
0.00946106203569
0.0108103839219
0.00888875917819
0.0113390740565
0.00923206342678
0.0105505799494
0.00871354596368
0.00470113279669
0.00681122609012
0.00508104053418
0.00657426067204
0.00477355644761
0.00678353146626
0.00513373633271
0.00181672339871
0.00360276607087
0.00248836357538
0.00314382203513
0.0020426278595
0.00372254363399
0.00261176307106
0.000556700494993
0.00161775464093
0.0010442407377
0.0012451968567
0.000745670712505
0.00173807984409
0.00112480771263
0.000166510377403
0.000578665775897
0.000245679487432
0.000546938025845
0.000218276378601
0.000619909035343
0.000258793671082
1.59745785258
1.58525409523
1.59784560332
1.58487150639
1.58116779318
1.58452954362
1.58153103889
1.57195745935
1.57438265004
1.57220123761
1.56814922943
1.57006954909
1.5682055367
1.56519879355
1.56654221051
1.56514125698
1.56350294648
1.56398511278
1.56323223968
1.56234867126
0.0120140573664
0.011906263466
0.0118821662764
0.0122451929072
0.0116288504518
0.00923045056828
0.0105503848311
0.00907250080702
0.00578459860785
0.00735520956325
0.00574601980906
0.00306875863085
0.00428700154668
0.00308104204756
0.00134611558826
0.00207712167977
0.00135702931588
0.000613666651623
0.000343943877628
0.0019461827871
5.66441483202e-05
0.000597723142164
0.00035752433494
0.00195141511539
1.57178066063
1.5737597999
1.57166968313
1.57450093932
1.57199330412
1.57425896798
1.57188051371
1.56793690211
1.56983512283
1.5678731013
1.56988073513
1.56796524762
1.56980002839
1.56789131726
1.56434357435
1.56605083935
1.56402144353
1.56612595157
1.56432428
1.5659699565
1.56398609822
1.56046310504
1.56192277347
1.5584693274
1.5624136217
1.56015312694
1.56163953379
1.55808518467
-0.0236297929372
-0.0105037575982
-0.0292111069243
-0.00605532916233
0.0138553269873
0.0220694966049
0.0161236490107
0.0146952022411
0.0130280157924
0.0214720560462
0.0150035239958
0.00844950726836
0.0120457101617
0.00843708161367
0.0106532244758
0.00811724833697
0.0110724140004
0.00788557838715
0.00418800068168
0.00581551453729
0.00382091927655
0.00601116773709
0.00439228156723
0.00561263485215
0.00396076224642
0.00176733639974
0.00244715403771
0.00143429454568
0.00314834716071
0.00219814338121
0.00278064190291
0.00190772836889
0.000607407891972
0.000804006495645
0.000374216669849
0.00145836890583
0.000940864338901
0.00123005590765
0.000783471799141
1.57166973445
1.57398190485
1.57178076626
1.57425901546
1.57188056003
1.57450108432
1.57199342454
1.56787312762
1.56989640486
1.56793694354
1.56980005897
1.5678913259
1.56988082732
1.56796529425
1.56402143863
1.56618428618
1.56434350965
1.56596996432
1.56398608581
1.56612592934
1.56432421813
1.55846927703
1.56261561635
1.56046292908
1.56163949398
1.55808513703
1.56241350891
1.56015296183
0.762803775243
0.958983634867
0.767252188123
-0.0670938197911
0.0280803993182
0.171359308132
-0.0772533135577
0.0366747223092
0.0161236241434
0.0152151476481
0.0138552310884
0.0214719524877
0.0150034409381
0.0146950015999
0.0130278321935
0.00843709775215
0.0113358977515
0.00844945113059
0.0110723367654
0.0078855298721
0.0106531011148
0.00811721463163
0.00382095400478
0.00607847186546
0.00418806300588
0.00561262224556
0.00396077355247
0.00601112514921
0.0043923867124
0.0014343124368
0.00280776784377
0.00176745052806
0.00278069593258
0.00190776319258
0.00314841835426
0.00219828427968
0.000374273765066
0.001084889972
0.000607582496048
0.00123011040586
0.000783559540365
0.00145856192426
0.000941121514994
1.58688461097
1.58408972966
1.60062289824
1.59061325857
1.58535257983
1.58541371759
1.60289969007
1.56254535866
1.56289584958
1.56290603549
1.56217652214
1.5627253435
1.56264571584
1.56283393797
0.0110555501196
0.0118173457518
0.011420468255
0.0120584407323
0.0110640212012
0.0117056981133
0.0114090461217
1.58688415238
1.60062241494
1.58408927704
1.59061281122
1.58535210469
1.60289923888
1.58541327284
1.56254612205
1.56290666045
1.56289650194
1.5621770559
1.56272609036
1.56283460892
1.56264631646
1.56292351108
1.56379520729
1.56322623934
1.56341849833
0.0116260413395
0.0112868350961
0.0123661086818
0.0118042252779
0.0117094880625
0.0112826726609
0.0121952314437
0.0110560502906
0.0114213315519
0.0118177291112
0.0120591789266
0.0110645671786
0.0114097348073
0.0117061260379
0.0010348123292
0.000117971507803
-0.000285464577577
6.07220970537e-05
0.000825107255566
0.000143048226009
-3.75751901936e-05
1.56049790771
1.56056036549
1.55769306306
1.55869251854
1.56052118273
1.5599964912
1.5576172348
1.55934249076
1.55807322321
1.55886407202
1.55659731455
1.55916240886
1.55706257451
1.5604650363
0.0119850219894
0.0128540046232
0.0114547777541
0.0115133182927
0.012083489084
0.0114412360214
0.0118990676897
1.49584338845
1.38514751395
1.16505439649
1.49697328904
1.38633415498
0.762803796163
0.958983716442
0.767252288601
0.56568343458
0.37938121311
0.571534797419
0.00183098182239
0.00144356242145
0.0159518310838
0.00971597248228
-0.000415965572908
0.00343878463588
0.01612464331
-0.067093850331
0.0280805307261
0.171359285442
-0.0772532060587
0.0366748500564
0.00454578239703
0.0117196941998
0.00718038357417
0.0178087784541
0.00650350810658
0.0164217223384
0.00889755525135
1.49584318366
1.38514738985
1.16505412975
1.49697303238
1.38633408709
0.565683415762
0.379381318971
0.571534845149
-0.0236296443557
-0.0105037479112
-0.0292109909116
-0.00605539457409
0.00183099084351
0.0159519067982
0.00144354845469
0.00971587036511
-0.000416002946885
0.0161245869231
0.00343862891535
0.00454606793987
0.0117194908955
0.0178087904702
0.00718021577548
0.016422057202
0.0065039381863
0.00889802063026
1.56049737333
1.55769265766
1.56055981917
1.55869206563
1.5605206629
1.55761681394
1.55999591434
1.55934198032
1.55807284033
1.55659693053
1.55886352328
1.55706217676
1.55916196495
1.56046448788
0.0119841590959
0.0128535519739
0.0115127702714
0.0114539311367
0.0114408818781
0.0120827277029
0.0118980351184
1.56292270009
1.56379445976
1.56322539569
1.5634178266
0.0116252383152
0.0123653713098
0.011286016781
0.0118032165846
0.0117087115152
0.0121943418827
0.0112816315451
0.00103496663709
-0.000285316014699
0.000118035055506
6.0765698832e-05
0.000825318333853
-3.74546120169e-05
0.000143101337263
1.62015339492
1.59167649183
1.59665141732
1.59633891134
1.6087667507
1.59202809274
1.5881029342
1.58065634644
1.58389311282
1.5860420731
1.58426107822
1.57940484813
1.57987576915
1.58316968696
1.5909845253
1.6012992311
1.60371979313
1.58942088269
1.58426568573
1.58575260584
1.5878317021
1.58276428684
1.57860099928
1.57815383099
1.58096300824
1.57893270709
1.58188193849
1.581740736
1.57739818189
1.57462333715
1.57505993525
1.57491899809
1.57715132936
1.57705573364
1.57493263209
1.5719560162
1.57317132403
1.57336802748
1.57330696456
1.57196073424
1.57191692785
1.57340761132
1.57451181653
1.57660810192
1.57582473416
1.57435736994
1.57641079883
1.57451077734
1.57396924396
1.57306554997
1.57175679514
1.57150684824
1.57316580022
1.57173281843
1.5731745435
1.5728024548
1.57075441945
1.5696162817
1.56967552212
1.56964733686
1.57080531702
1.57072528656
1.56969416663
1.56777863599
1.56866220658
1.56868590227
1.56866032912
1.56779988719
1.56775616098
1.56872109709
1.56954417681
1.57067995026
1.57048362039
1.56960905651
1.57060144361
1.56957480807
1.56943371124
1.56858138067
1.5677102488
1.56763300277
1.56865641103
1.56768375527
1.56863207935
1.56853695811
1.5669072343
1.566103176
1.56612059748
1.56610915359
1.56694068646
1.56688756055
1.56616272843
1.56466373225
1.56532324619
1.5653441899
1.56533809837
1.56475758872
1.56467042843
1.56540384846
1.56605232513
1.56685507805
1.56681887279
1.56609699193
1.56682404213
1.56608117701
1.56603922667
1.56528368956
1.56467505722
1.56466002929
1.56533344879
1.56462453846
1.56531054773
1.56532732243
1.56397352322
1.56339350476
1.56341858495
1.56345301685
1.56408352324
1.56398830496
1.56359836333
1.56249939089
1.56276505462
1.56285268514
1.56290554712
1.56280139662
1.56258320053
1.56304856118
1.56341784206
1.56397158701
1.5640381664
1.56355189314
1.56393844192
1.56350915351
1.56350768787
1.5628747194
1.56272593056
1.56274482093
1.56302145879
1.56259181842
1.56292820034
1.56305523144
1.56216578345
1.56206555043
1.56219758868
1.56232902451
1.56246289105
1.56227494613
1.56258174682
1.5626385376
1.56245425002
1.5625644521
1.56288815011
1.56245929981
1.56240368145
1.56246091016
1.56299415338
1.5622995314
1.56269624294
1.56267525745
1.56285971211
1.56383275959
1.56343074821
1.56318539938
0.0114139121197
0.0117819084142
0.0115492336166
0.0115825913415
0.0116126903153
0.0113820879292
0.0119264188553
0.0116416690087
0.0116979364309
0.0113956440005
0.0122394735551
0.0113850550976
0.0120859859245
0.0117083878515
0.0114951272687
0.0115889369
0.0113716480521
0.0112758890189
0.0116620271487
0.0114327203181
0.0113737089346
0.0110482036828
0.0114761434872
0.0113091295253
0.0112431953271
0.0109188620889
0.010988030031
0.0112326396142
0.0113278856799
0.0119294648685
0.011537870253
0.0116006958524
0.0115038026472
0.0115816387327
0.0113228531088
0.0113624204562
0.0112015297599
0.0111556823757
0.0115343676435
0.0111092471614
0.0115357594751
0.0114347146858
0.0105823420324
0.010001840789
0.0100102588189
0.009988091076
0.0103539027489
0.0105363798786
0.0097982507583
0.00851172284933
0.00918572177532
0.0092718538246
0.00926041200597
0.00829483348833
0.00851787234383
0.00901790390521
0.0101278586051
0.0105677329367
0.0106838290671
0.00995528928213
0.0106512853469
0.0100243112318
0.0101572198437
0.00938101381445
0.00844618859149
0.00868917004564
0.00908686721876
0.00864748814876
0.00916375115053
0.00942460488259
0.00765574587422
0.00674201941631
0.00685511267969
0.00687016990813
0.00743503840895
0.00765995094497
0.00667075889773
0.00528051693602
0.005922732432
0.00602601455793
0.00603446171706
0.00514429193541
0.00529416899077
0.00586557658065
0.00696987190994
0.00751231770025
0.00779819372569
0.00670555911634
0.00775831146166
0.00675156336562
0.0070069882718
0.00610697887259
0.00517794380626
0.00540421435982
0.00584151000931
0.0053631769775
0.00589793456586
0.00615266849918
0.00453968039328
0.00382778693712
0.00389835568697
0.00390339123831
0.00443241460295
0.00454232362051
0.00380341227774
0.00275098560416
0.0032361933334
0.00327581610515
0.0032701713386
0.00268822405493
0.0027463234529
0.00321301534294
0.00394174125167
0.00443151705114
0.00462885387084
0.00378382500662
0.00458531442278
0.00380445290581
0.0039757785112
0.00328856326475
0.00267228685627
0.00278742559947
0.00316962160496
0.00275813209659
0.00319570379636
0.00333281179819
0.00224691591855
0.00179990213316
0.00183148331392
0.00181646230767
0.00220851342337
0.00223090840807
0.00178007109146
0.00111568096237
0.00142657775863
0.00143669894808
0.00141691772033
0.00104454264837
0.00110424591151
0.00140517536076
0.0017991856811
0.0021784879612
0.00225599005893
0.00173784831253
0.00222301576311
0.00174950801156
0.00180450004294
0.00139516160198
0.0010104811971
0.00107864674244
0.00137533517409
0.00110552423458
0.00137856818847
0.00141131427809
0.000824770443142
0.000523861750739
0.000630069171274
0.000526581256937
0.000749436967289
0.000801056977521
0.000450336128095
0.000165455564886
0.000415766942492
0.000116056336453
0.000433982068949
0.00014894407826
0.000319895968402
0.000238889998846
0.000547740152056
0.00073474060162
0.000858053431315
0.000481603983561
0.000809097173011
0.000488814978578
0.000535861213276
0.000131017400668
0.000170188920509
0.000165788554267
0.000336873296634
0.0003057687266
0.000300836101628
0.000329981915167
1.56254348895
1.56100897161
1.56145090706
1.5607030467
1.56162946173
1.56209181254
1.561519902
1.55885184743
1.55657912026
1.56044668718
1.5593299811
1.5580583912
1.55915191006
1.5570447564
1.56048226327
1.55867844836
1.56055098747
1.55767315041
1.55998569589
1.55759685536
1.56050772699
1.55659658575
1.55702739692
1.55676633618
0.0120220139288
0.0117977517437
0.0122986767373
0.0126829482899
0.011809476867
0.0122750107978
0.0121832986582
0.0115588473196
0.0117100053176
0.0121991191296
0.0124950904381
0.0122839724699
0.0121205381636
0.0115984214565
0.0129531950511
0.0118224349263
0.0125178132145
0.012501578423
0.012473270047
0.0122544827861
0.0128051579449
0.012441108867
0.0116741058116
0.011482484948
0.0104498549103
0.0116056287413
0.0113913309936
0.0116764302793
1.3934510761
1.49630098517
1.4889418035
1.16922524978
1.38398743069
1.55241989847
1.55310539556
1.55330233804
1.54417482007
1.55180172841
1.54336896258
1.55487548915
1.49583594421
1.16502144747
1.38513725395
1.38632276175
1.49696667932
0.774986526134
0.963531596811
0.771302625636
0.581495926794
0.387197715046
0.577147057781
0.958929452967
0.762724812349
0.767163810968
0.379146874098
0.565557560399
0.571395330592
0.00768335730872
0.0180420946595
0.0101665017304
0.0065846836235
0.0113586419768
0.00698085742798
0.0166811641946
0.0544759799903
-0.0276682962096
-0.0440176748741
0.187206807364
0.0523929481481
-0.0212503056505
-0.0130935368176
-0.00850890442701
-0.0262406147368
-0.0670229667401
0.170988614243
0.0273692576122
0.0358965370571
-0.0768854562952
1.39345097546
1.49630079931
1.48894164759
1.16922509228
1.38398736311
1.53903941761
1.54677892991
1.53919068564
1.54937325229
1.55065123448
1.54149209212
1.54930393386
1.49583579157
1.16502136239
1.38513713595
1.3863226576
1.49696649126
1.55241978348
1.55310519069
1.54417464697
1.55330214572
1.54336882596
1.55180163082
1.55487536412
0.58149587829
0.387197426478
0.577147188121
0.958929287975
0.762724794857
0.767163805676
0.379146663029
0.565557453601
0.571395243682
0.000767850272204
-0.00745912459472
-0.0136195556231
-0.0012017725922
0.018042243368
0.00768356020136
0.0101668607692
0.00658493374389
0.0113588127676
0.0166813873047
0.00698119464301
-0.0670227763416
0.170988560014
0.027369351301
0.035896712108
-0.0768852796498
-0.0212499780114
-0.0130933814629
-0.0085085898742
-0.0262405267889
1.55657883258
1.55885148726
1.56044634663
1.55932963639
1.55805812051
1.5570444623
1.55915149349
1.56100861966
1.56254302853
1.56145052566
1.5607026101
1.56162905739
1.56151950624
1.56209135844
1.56048186865
1.55867814091
1.5576728022
1.56055059497
1.55759656018
1.55998529446
1.56050731785
0.0117101946897
0.011558815772
0.0121992030228
0.0124952460012
0.0122840721432
0.0115986237991
0.0121205634083
0.0117976260892
0.0120216432181
0.0122983422932
0.0126828410785
0.0118091685073
0.0121832555851
0.0122745370009
0.0124411811126
0.0116741673576
0.0104499779353
0.0114825739463
0.011391526199
0.011605630882
0.0116763454191
0.0129530682523
0.0118221909389
0.0125016893517
0.0125176683067
0.0122545434573
0.0124729412974
0.0128051859251
1.58389405312
1.58065734652
1.58604310858
1.5842621023
1.57940573987
1.58317058505
1.57987672534
1.59098546922
1.60130027717
1.60372085513
1.58942194115
1.58426660036
1.58575351211
1.58783273173
1.58276530921
1.57860186435
1.58096390935
1.57815480823
1.5818828381
1.57893366335
1.58174176929
1.57317198508
1.57195669652
1.57336871689
1.5733076698
1.57196133258
1.57340825105
1.57191756792
1.574512607
1.57660890521
1.57435806427
1.57582558193
1.57451151952
1.57641168194
1.57397001193
1.57306626094
1.57175736803
1.57316641943
1.5715074093
1.57317522429
1.57173343393
1.57280313449
1.56866251446
1.567778872
1.56868621221
1.5686606341
1.56780009914
1.5687213677
1.56775638414
1.5695445928
1.57068043443
1.56960943119
1.57048410755
1.56957519727
1.5706019567
1.56943411106
1.56858167517
1.56771045347
1.56865667097
1.56763318719
1.5686323533
1.56768394209
1.56853722668
1.56532320469
1.56466358193
1.56534415163
1.56533805187
1.56475746533
1.56540380292
1.56467029049
1.5660523726
1.56685518331
1.56609702344
1.56681896378
1.56608122835
1.56682417521
1.56603926097
1.56528362101
1.56467493555
1.56533337222
1.56465987532
1.56531050067
1.56462441978
1.56532725948
1.56276472669
1.56249900687
1.56285236941
1.56290522885
1.5628010043
1.56304821758
1.56258277503
1.56341757498
1.56397138237
1.56355160535
1.56403792671
1.56350891848
1.56393826589
1.56350738587
1.56287435248
1.56272549798
1.5630210723
1.56274440586
1.56292780137
1.56259138546
1.56305485165
1.56263800342
1.56245373515
1.56256392503
1.56288765355
1.56245875896
1.56240320355
1.56299359883
1.56246038267
1.56269574471
1.56229901954
1.56267466263
1.56285917128
1.5638322293
1.56343028521
1.56318480211
0.011781602678
0.0114132570415
0.0115485499959
0.0115818616102
0.0116121616517
0.0119260566236
0.011381085998
0.0116410532156
0.0116975537011
0.0122392678044
0.011395191808
0.0120855516166
0.0113842302182
0.0117081070973
0.0114758510971
0.0110478419647
0.0113086749565
0.0112427722227
0.0109185936328
0.0112323352637
0.0109876592257
0.0113274500978
0.0119290915666
0.0116003723879
0.0115373514661
0.0115812770379
0.0115033407266
0.0113223764919
0.011362077524
0.0112013093023
0.0115341243457
0.011155325011
0.0115355169548
0.0111088531923
0.0114343442818
0.00918552778185
0.0085116155636
0.00927156470108
0.00926020845488
0.00829482261337
0.00901777430799
0.00851787940564
0.0101276364483
0.0105674914202
0.00995523920889
0.0106836010104
0.0100241192178
0.010650921293
0.0101571490298
0.00938092688657
0.00844622896844
0.00908681592325
0.00868918870376
0.00916363336777
0.00864751825616
0.00942461102999
0.00592292570133
0.00528095055679
0.00602623942029
0.00603478337472
0.00514467886334
0.00586579550228
0.00529461320192
0.00697012411475
0.0075123718534
0.00670571522343
0.00779828823504
0.00675170408146
0.00775847322174
0.00700724612281
0.00610728935523
0.00517835209818
0.00584175719371
0.00540473916094
0.00589813823648
0.00536370491296
0.00615295968747
0.00323685035909
0.00275181497661
0.00327675374222
0.00327116167614
0.00268894996872
0.00321377020197
0.00274730899372
0.00394262361478
0.00443208503534
0.00378442578991
0.00462949125843
0.00380513531001
0.00458614768569
0.00397651341989
0.00328950567898
0.00267305584687
0.00317030211641
0.00278837872951
0.00319644840193
0.00275930885593
0.00333366141761
0.0014273795652
0.0011165245741
0.00143781682707
0.00141811305917
0.00104525650188
0.00140600946891
0.00110525036175
0.00180035806102
0.00217939332263
0.00173857189827
0.00225694105512
0.00175044535292
0.00222425340872
0.00180537278134
0.00139623581884
0.00101117624608
0.00137602754339
0.00107951815799
0.00137944080038
0.00110662074115
0.00141219640558
0.000416253224498
0.000165660145491
0.000116223952867
0.000434605728493
0.000149116604356
0.000320481681037
0.000239364845344
0.00054842941207
0.000735416132646
0.000482085950509
0.00085883024918
0.000489294087194
0.000810056087417
0.00053649395866
0.000131155813115
0.000170327414825
0.000166010069631
0.000337366058033
0.000306042796943
0.00030121835764
0.000330354820954
1.59970156338
1.58599734036
1.59866094341
1.58564304508
1.58313697151
1.58653271501
1.58225234488
1.57995075936
1.57596253721
1.58013197667
1.57739550013
1.58062799416
1.57521998626
1.57946168245
1.58535662623
1.59753599742
1.59797803216
1.58502184604
1.58123607083
1.58165288306
1.58460953491
1.57944414156
1.57703885756
1.574520094
1.57863296036
1.57483773847
1.57898819757
1.5790948131
0.000608272158999
0.00177178396922
0.000458368968202
6.04537702477e-05
0.000648785700769
0.0017935050699
0.000396313005386
0.000179773629859
0.00013204868354
0.000169142174395
0.000341910215737
0.000314626443807
0.000362368587761
0.000288018443921
0.000611071725972
6.07510809324e-05
0.00193187719167
0.000346726163947
0.00194006145049
0.000367449776765
0.000595538236096
0.000117653360193
0.000146584153722
0.000156254913331
0.000328391768455
0.000253268424597
0.000266116070378
0.000314055717114
1.57995169753
1.58013285672
1.57596344094
1.57739625635
1.5806290121
1.57946251958
1.57522081662
1.58535747275
1.59753693762
1.59797897589
1.5850227801
1.58123687629
1.58165370028
1.58461045417
1.57944503002
1.57703956258
1.57863370342
1.57452081101
1.578988994
1.57483851857
1.579095681
0.000179958757669
0.000132168475739
0.00016929175085
0.00034236007694
0.000314987890531
0.000362815177974
0.000288379376758
0.000611585754458
6.13107418978e-05
0.0003471728843
0.00193248060756
0.00036785705913
0.00194067400552
0.000596127897833
0.000117780780124
0.000146721788073
0.000156456037471
0.000328793720381
0.00025351259035
0.000266406643005
0.000314363342899
1.59726331414
1.58453996276
1.59712903643
1.58422485459
1.5809860717
1.5843525808
1.58085616055
1.57876891292
1.57435748504
1.57842962733
1.57646676814
1.57887808711
1.57425925615
1.57831638299
1.58453088891
1.59722109989
1.5971165685
1.58421325163
1.58094777292
1.58084585456
1.58431222115
1.57876048797
1.57646358398
1.57434538247
1.57839744832
1.57425661733
1.57830841246
1.57884846091
0.000601664372093
0.00201531651798
0.000346564458084
-2.24974615816e-05
0.000607675368264
0.00201211419641
0.000337593901878
0.000141819316361
0.00010297964546
0.000137600214525
0.000305778266588
0.000248909735373
0.000311641447795
0.000242620104831
0.000602053566022
-2.16349155415e-05
0.00201920407851
0.000345991937368
0.00201558224601
0.000337061145229
0.000607811144667
0.000102097132673
0.000139370021914
0.000136722915675
0.000305362875087
0.000247744671674
0.000241673589712
0.000310378615134
1.57876973526
1.57843037044
1.57435820291
1.57646739203
1.57887893989
1.578317093
1.57425996471
1.58453160648
1.59722187142
1.59711738148
1.58421406705
1.58094843525
1.58084654638
1.58431299147
1.57876125898
1.57646417468
1.5783980433
1.5743459713
1.57830907576
1.57425728145
1.57884917379
0.000141961754143
0.000103042027938
0.000137736016466
0.000306225793942
0.000249184185135
0.000312037055871
0.000242890748513
0.000602643171731
-2.1067646979e-05
0.000346396833351
0.00201988476726
0.000337501257427
0.00201627119894
0.000608458447363
0.000102182025992
0.000139495000683
0.00013691715301
0.000305786923696
0.000247910382708
0.000241947327745
0.000310688007574
1.5974571489
1.58525350114
1.59784491912
1.58487084233
1.58116718353
1.58452882244
1.58153046392
1.57932753448
1.57449806049
1.57857355339
1.57700118844
1.57903451468
1.57481976922
1.57887473033
1.58586110977
1.59944287207
1.58286296219
1.59846235931
1.58611347129
1.58538936179
1.58208514765
1.57625142016
1.57961195211
1.58069859948
1.57976769895
1.57736126284
1.57524744725
1.57929949169
0.000613144768687
0.00194557319812
0.000343511693765
5.61386729125e-05
0.000597121773801
0.00195082275817
0.000357099831207
0.000141595304721
0.000109538238171
0.00014634420486
0.000324486545905
0.000248229304555
0.000311943217515
0.000254408311239
0.00178254675546
0.00039743575109
0.00055849559799
0.000610822602205
4.85325908307e-05
0.00179545397754
0.00035546120188
0.000116071174592
0.000117623363264
0.000191081044572
0.000149109673026
0.000291930140012
0.000332152195747
0.000256715993936
1.57932814724
1.57857413933
1.57449860894
1.57700167709
1.5790351816
1.5788752828
1.5748202861
1.58586165678
1.582863445
1.59944341162
1.5984629896
1.58611400451
1.58538996341
1.58208568994
1.57961241882
1.57625188306
1.58069910644
1.57976826948
1.57736171758
1.57929999055
1.57524794944
0.000141705044006
0.000109558830548
0.000146464528513
0.000324834868874
0.000248446754282
0.000312357237898
0.000254617211491
0.000397724505493
0.0017830808106
0.000558870129946
0.000611303664828
4.90549038514e-05
0.000355850819745
0.00179600843999
0.000116152482312
0.000191211919306
0.000117704575385
0.000149247148073
0.000292204746889
0.000332473774903
0.000256918641586
1.5905908096
1.58673139772
1.60031898777
1.58531034285
1.58810438961
1.58397428589
1.5848160399
1.58562960578
1.59873583984
1.58668648098
1.58291137655
1.58263913679
1.58195346207
1.58364753129
5.48214032704e-05
0.00103146947876
8.44034092956e-05
-4.82967462624e-05
1.3241666104e-05
-0.000413295047239
0.000927017555181
-1.86671335519e-05
0.000108096147457
1.49067837894e-05
-0.000371244598959
0.00118349495147
-0.00055576987558
0.00122740605727
1.584941081
1.59649510531
1.58449029661
1.58087685281
1.58205942086
1.58133029975
1.58160547064
1.58409363845
1.59622587601
1.5842261729
1.58062819253
1.58125260853
1.58049051236
1.5813867885
-2.29567898376e-05
7.67492199452e-05
-4.69408793958e-05
-0.000658271883655
0.00136715068684
-0.000546251127421
0.00133111815148
-7.50358458554e-05
6.89676704281e-05
-6.6779179197e-05
-0.000689322971913
0.00136197246588
-0.000725450698561
0.00137836807731
1.58409368769
1.5962259874
1.58422629816
1.5806283024
1.58125264495
1.58049055965
1.58138689357
1.58494134756
1.59649532303
1.58449049026
1.58087702952
1.58205965857
1.58133052173
1.58160562493
-7.49811517514e-05
6.90245926338e-05
-6.67341850058e-05
-0.000689235681862
0.00136204791979
-0.000725354340662
0.00137853104904
-2.28748519938e-05
7.68273486891e-05
-4.68248663038e-05
-0.000658049910118
0.00136729572845
-0.000546056773866
0.00133127819656
1.58562990435
1.59873619595
1.5866868144
1.58291170054
1.58263941986
1.58195375241
1.58364785592
1.5905912447
1.60031937903
1.58673177892
1.58810478922
1.58531074213
1.58397465709
1.58481642435
-1.86048359418e-05
0.000108098248326
1.49209322476e-05
-0.000371144959378
0.00118362856614
-0.000555660478514
0.00122758440405
5.48802649936e-05
8.44563008755e-05
0.00103161043502
1.33259424128e-05
-4.81148063593e-05
-0.000413092090698
0.000927203411158
1.5869839916
1.60049977405
1.59083665224
1.58499168353
1.58555274343
1.58827470901
1.58414606031
1.59653114819
1.58210963369
1.58499414465
1.58163691719
1.5845235651
1.58091739355
1.58139014809
1.59625120744
1.58126911136
1.58411143114
1.58140918709
1.58424997207
1.58065898144
1.58051511924
1.59886200781
1.58271367232
1.58570914834
1.58376296964
1.58681024419
1.58303565793
1.58203875228
-0.0166630001585
-0.030447725376
-0.0334385452606
-0.0193565434635
0.758919254272
0.948977573457
0.755808810447
0.0194810651472
-0.0854271004
-0.0897772843498
0.146191699459
0.0147008008303
1.56324969365
1.56323512229
1.56306794716
1.56331098041
1.56246679854
1.56347162628
1.56346189424
0.0118941051301
0.0115049834964
0.0111016164264
0.0111034225181
0.012449700698
0.0120528027456
0.0115518092939
-0.0365778122821
-0.021846226499
-0.036286728188
-0.0221252580455
0.750831734599
0.944594455945
0.75033783872
-0.0943581697725
0.00929853051537
0.139615707255
-0.0940184264834
0.00883018306182
1.56401489392
1.56408584781
1.56405348371
1.56300365886
1.56394361076
1.5641518704
1.5641167269
0.011110435855
0.0121998552471
0.0115338693561
0.0125587277569
0.0111174823245
0.0122020477321
0.0115182974952
-0.0351237719938
-0.0217181826981
-0.0361068926307
-0.0208116978978
0.751851254962
0.947128755605
0.753499994396
-0.0922029466348
0.0100175160054
0.143055531663
-0.0936655026389
0.01188630931
1.56359241224
1.56392477036
1.56390948823
1.56269429608
1.56378416494
1.56374549007
1.56374516372
0.0110742524349
0.0121514558961
0.0114869946761
0.012414655398
0.0111007691577
0.012087865694
0.0114563806507
1.59886133911
1.58271313796
1.58570862821
1.58376230812
1.58680959163
1.5830350521
1.58203824213
0.00107572530405
0.000103763246467
8.36967135423e-05
0.000956417899445
2.21808275446e-05
3.14803294856e-05
-0.000371115094841
0.000123403580467
0.00120074328863
-9.7785809525e-06
0.00125352186453
2.65693839031e-05
-0.000339134458294
-0.000532455707816
1.59625101598
1.58126905069
1.58411137048
1.58140902384
1.58424980344
1.58065883009
1.58051506345
8.46852408937e-05
0.00138425118311
-1.53283807707e-05
0.00134458820132
-4.06012102299e-05
-0.000641235490621
-0.000525244233971
7.62325585845e-05
0.00137565841255
-6.96125557704e-05
0.00139267040787
-6.12025927005e-05
-0.000673072117362
-0.000710016093282
1.59653137623
1.58211000283
1.5849945006
1.58163720527
1.58452383149
1.58091766045
1.5813905302
7.63291134381e-05
0.00137569368634
-6.95736938763e-05
0.00139282876667
-6.11182711954e-05
-0.000672926308658
-0.000710007212591
8.47677246184e-05
0.0013843866611
-1.53332673858e-05
0.00134475834913
-4.05510401985e-05
-0.000641110623137
-0.000525016101002
1.60050054405
1.58698486359
1.59083750393
1.58499245804
1.5882754671
1.58555357852
1.58414680834
0.000123381510505
0.00120083520046
-9.80433059266e-06
0.00125356532331
2.64830237141e-05
-0.000338999583696
-0.00053234475478
0.000103799172379
0.00107603697621
8.38060347563e-05
0.00095659948892
3.15528984905e-05
2.25019588378e-05
-0.00037092003117
1.56323560926
1.56325019693
1.56306849478
1.56331154972
1.56246726405
1.56346238028
1.56347217404
1.56358841054
1.56268706313
1.56389785285
1.56392089457
1.56373223784
1.56374082669
1.56378004714
0.0113677277127
0.0124856499182
0.0117960216977
0.0119231683735
0.0121711943272
0.0114178712395
0.0126900511635
0.0119203955644
0.0121551276338
0.0113634486504
0.0126572513695
0.0113867497395
0.0126619252279
0.0119092747452
0.0115055061642
0.0118943890647
0.0111021697072
0.0111037225425
0.0124498454155
0.0115521147078
0.0120529327965
0.0111082354601
0.0125328989674
0.0115618727953
0.0121929098241
0.0115556103856
0.0121369520953
0.0111286587395
1.3858230711
1.49933947342
1.50031172179
1.15722493544
1.38575438582
1.50126042782
1.1560743067
1.38604700079
1.38604639856
1.50170442335
0.758919293568
0.948977602091
0.755808833174
0.560666476879
0.361204887059
0.556855920074
0.947119867341
0.751851429119
0.75349022143
0.358114772026
0.55218072505
0.554086525798
0.0194809625459
-0.0854271280405
-0.089777141383
0.146191492041
0.0147009013146
-0.0347292553108
-0.0215085806407
-0.0204486644499
-0.0358945056766
-0.0919555964435
0.143124497557
0.0101124998055
0.0119992515067
-0.0934990571343
1.38582297959
1.4993393264
1.50031158043
1.15722483009
1.38575431165
1.50126028483
1.15607427592
1.38604693228
1.38604630781
1.5017042834
0.5606663502
0.361204784703
0.556855965043
0.947119853405
0.751851378773
0.75349019779
0.35811478495
0.5521806998
0.554086555969
-0.0166628759699
-0.030447742173
-0.0334385193061
-0.0193565474437
-0.091955701333
0.14312450795
0.0101124598286
0.0119991665666
-0.0934990307965
-0.0347292109211
-0.0215085195468
-0.0204485281433
-0.0358942739718
1.56358779904
1.5626865842
1.56392032968
1.56389732296
1.56374024009
1.56373171252
1.56377948577
0.0124854804863
0.0113673945695
0.0117958167457
0.0119230856959
0.0121711154246
0.0126900444894
0.0114176442967
0.011920425491
0.0121551379964
0.0126574182172
0.0113635974249
0.0126618992177
0.011386617394
0.0119096885937
0.0111081641644
0.0125329768777
0.0121930107507
0.0115620095091
0.0121369876415
0.0115556410072
0.0111287488722
1.56401547245
1.56405394702
1.56408631733
1.56300409897
1.56394421846
1.56411719769
1.56415239595
1.56401659364
1.56300562988
1.5640589003
1.56409072654
1.56412006833
1.56415309622
1.56394728429
0.011832077333
0.0113109779266
0.0125888049412
0.0120759094499
0.0118597618033
0.0112830711431
0.0125644280969
0.0118062179933
0.012050275015
0.0112448924904
0.0124978088597
0.0112617536581
0.01253433774
0.0117809636168
0.0111104826033
0.0115339371937
0.0121999001874
0.0125587503253
0.0111174722355
0.0115183169889
0.0122020092241
0.0111052595043
0.0125414598109
0.0114893645918
0.0121731423933
0.0115041688307
0.0121934719755
0.0110982022619
1.50220905524
1.38616680171
1.15451514969
1.50208281244
1.38616580301
1.50220978295
1.15451543485
1.38616670754
1.38616636106
1.50208337657
0.750831715738
0.944594326229
0.750337876326
0.551008700719
0.354225419746
0.550448060208
0.944593953125
0.750828775039
0.750336522331
0.354217635245
0.550998669626
0.550443944758
-0.0943581609232
0.00929853207076
0.139615627412
-0.0940185075663
0.00883003795758
-0.0366165973544
-0.0219718610479
-0.0221665650457
-0.0364068327163
-0.0943933861166
0.139597437667
0.00923809361847
0.00880642231264
-0.0941143426102
1.50220900221
1.38616680306
1.15451502293
1.5020827327
1.38616581571
1.50220964609
1.15451547179
1.38616665471
1.38616632678
1.50208321474
0.55100866642
0.354225358325
0.550448037781
0.944593948876
0.750828794257
0.750336560717
0.354217577641
0.550998715404
0.550444051225
-0.0365778014484
-0.0218460067422
-0.0362865146931
-0.0221251129557
-0.0943933456356
0.139597386629
0.00923814960563
0.00880646764654
-0.0941142295484
-0.0366166083485
-0.0219720026632
-0.0221665171485
-0.0364067974738
1.56401600655
1.56300518009
1.56409012797
1.56405838873
1.5641525074
1.5641195661
1.56394670413
0.0118321059509
0.0125888506476
0.011311205364
0.0120758788611
0.0118602426295
0.0125642950238
0.0112829691245
0.0118061008719
0.0120502149075
0.0124976536467
0.0112447963832
0.0125339040935
0.0112615394819
0.0117811367265
0.0111050985041
0.0125414389284
0.0121729603907
0.0114890526952
0.0121934248836
0.0115040136874
0.011097908631
1.56359305493
1.56390998866
1.56392530203
1.56269479722
1.563784801
1.56374571896
1.56374607571
1.56327807969
1.56321826828
1.56306009446
1.56331181671
1.56247364792
1.56347235012
1.56347045501
0.0117436709662
0.0112505237398
0.0124943242821
0.0119619337902
0.0117757542231
0.0112329205385
0.0124365720916
0.011242442732
0.0123788014432
0.0117102736305
0.0117509672575
0.0119662797995
0.0112563873126
0.0124485717929
0.0110745925378
0.0114874702991
0.0121517532119
0.0124150526624
0.0111009163476
0.0114567498792
0.0120880121942
0.0114085023216
0.0119020539171
0.0110192894755
0.0110669488604
0.01233590648
0.0114474140412
0.0120051522321
1.50126365706
1.38604900907
1.15608210401
1.50170707392
1.3860494834
1.38583110929
1.49934497901
1.50031636988
1.15723990058
1.38576019812
0.751851239135
0.94712881609
0.753500086937
0.552171089916
0.358106066984
0.554089291477
0.758972965885
0.948998000245
0.755837072322
0.560741600055
0.361237016428
0.556886668779
-0.0922029147996
0.0100174968534
0.143055484237
-0.0936655478105
0.0118861991284
-0.016497956403
-0.0313658363103
-0.0339947187695
-0.0198381806546
0.019526285871
-0.08572017132
-0.0900292635324
0.14616819558
0.014628840015
1.50126353309
1.38604902509
1.15608206318
1.50170697565
1.38604944189
1.38583097377
1.49934476551
1.50031620842
1.15723982392
1.38576011557
0.552171094354
0.358106032202
0.554089227741
0.758972933297
0.948997984786
0.755837103135
0.560741604353
0.361236888885
0.556886622368
-0.0351237329207
-0.0217181119195
-0.0361069926373
-0.0208116533263
0.019526197625
-0.0857200929132
-0.0900291301133
0.146168092937
0.0146288513227
-0.0164978508466
-0.0313659384286
-0.0339947251566
-0.0198382362588
1.56321760577
1.56327748464
1.56305940315
1.56331119789
1.56247311117
1.56346983804
1.56347176004
0.0117431032264
0.0124939417753
0.0112502920534
0.0119613852487
0.0117759132542
0.0124358536816
0.011232271458
0.0123778664449
0.0112415971962
0.0117095351469
0.0117502369559
0.0119656863642
0.0124477495372
0.011255744852
0.0119016289443
0.0114078339781
0.0110187431467
0.0110665854703
0.0123355448475
0.0120049713568
0.0114468256402
1.55641782869
1.55494029419
1.54578004169
1.56023788132
1.55741426121
1.55509181647
1.54665667133
1.55507368234
1.54558396001
1.55656859958
1.55783653851
1.55636286155
1.55619716234
1.54641292179
1.54577996263
1.55987972811
1.55641759939
1.55509176071
1.54665658382
1.56023770312
1.55741404164
1.55951638719
1.5618921482
1.56029003294
1.55801576837
1.55553587797
1.54718737187
1.56071273309
1.55801778632
1.55553836133
1.5471889836
1.55994420936
1.55820259777
1.54809158421
1.55835821702
1.5597506777
1.55840048099
1.54825367185
1.54718729162
1.56071010676
1.5580155234
1.55553830444
1.54718887351
1.56071253804
1.55801751772
1.56182482261
1.5636333969
1.56199012281
1.55742126887
1.55510143348
1.54666271946
1.55989315755
1.55642795207
1.55495276595
1.54578824998
1.5587269326
1.55774118283
1.5476938775
1.55721352672
1.55933011741
1.55714044179
1.54720185684
1.54666262933
1.5602468989
1.55742098292
1.55495270112
1.54578815444
1.55989291571
1.55642767071
1.56146502742
1.5626196172
1.56098574453
1.55242610931
1.55330719815
1.54418303279
1.55311325233
1.5548817677
1.55180735696
1.54337713479
1.55848082815
1.55871709949
1.55768184993
1.56148656285
1.563207593
1.56306209844
1.56231072988
1.56160063503
1.56292545407
1.5624652676
1.55848134155
1.55871761526
1.55768250683
1.55242584538
1.54418276294
1.55330682852
1.55311287165
1.5548814314
1.54337684636
1.5518070201
1.56148598044
1.56306148249
1.56320699545
1.56231007226
1.56160008712
1.56246457691
1.56292488337
1.5614718591
1.56231085731
1.56320874835
1.56305078104
1.56292058968
1.56245189888
1.56158855344
1.5587030951
1.55847497416
1.55767489288
1.5614714302
1.56231043238
1.56305033279
1.56320828
1.56245151882
1.56292013579
1.56158812342
1.55870271429
1.55847449718
1.55767443889
1.5643241537
1.56362639334
1.56396403634
1.56467514785
1.56428738847
1.56527549712
1.5650301051
1.56452305389
1.56389993983
1.56386994604
1.56227885322
1.56263186631
1.56410963901
1.56429891654
1.56441137034
1.56143402025
1.55843913608
1.56142927831
1.56178619531
1.56106532673
1.56202360628
1.55876255984
1.56308880292
1.56463506872
1.56503926929
1.56529008552
1.56475136466
1.56494420995
1.56336889752
1.5623593902
1.56162986496
1.56299832896
1.55954689056
1.56261365312
1.55927972478
1.56265600642
1.55951686705
1.56189258003
1.56029053483
1.56261153636
1.56146235173
1.56098235117
1.55872318912
1.55720960338
1.55773913522
1.54768983818
1.55713790109
1.54719699344
1.55932736937
1.54558374428
1.55507340443
1.55656840274
1.55783630734
1.55636253134
1.54641270746
1.55619684293
1.55872294901
1.5572092673
1.54768960374
1.55773886217
1.5471967259
1.55713758094
1.55932714031
1.55843882893
1.56143358091
1.56142890836
1.56178580887
1.56106493223
1.55876222174
1.56202309222
1.56386944835
1.56389949508
1.56227841861
1.56263139961
1.5641091498
1.56441085068
1.56429843488
1.56235894006
1.56162947686
1.55954656088
1.56299788668
1.55927934759
1.56261309648
1.56265556092
1.56308832271
1.56463453057
1.56528956052
1.5650387605
1.5649436499
1.56475086183
1.5633683929
1.56261110182
1.56146194095
1.56098187581
1.56432363697
1.5636258072
1.5639634292
1.56467457736
1.56428675872
1.5652748964
1.56502945743
1.56452244064
1.56478733908
1.5654684041
1.56470248459
1.56555590634
1.56478863453
1.56547269669
1.5655575293
1.56470588332
1.56371728898
1.56527181107
1.56556876476
1.56538364024
1.56361350208
1.56537488713
1.56568994387
1.56306984145
1.56331233246
1.5598487665
1.56247485801
1.56295987413
1.56344681716
1.5599471376
1.5637194188
1.56538467014
1.56527445981
1.5655726618
1.56537680912
1.56569158339
1.56361653662
1.56307183796
1.56247555721
1.56331491473
1.55985371151
1.56344795426
1.55994883953
1.56296280381
1.56182526159
1.5636337726
1.5619906144
1.56363487546
1.56182703618
1.561991268
1.55994462098
1.55835899867
1.55820353324
1.5480932866
1.55840091778
1.54825454489
1.55975220487
1.55994399725
1.54809136832
1.55820232307
1.55835790007
1.55975055405
1.54825349232
1.55840021621
1.55994431443
1.55835860741
1.5480929509
1.55820309646
1.54825420968
1.55840045634
1.55975185068
1.56306941142
1.55984845373
1.56331185307
1.56247446606
1.56295948061
1.55994680479
1.56344631014
1.56371676244
1.56556820524
1.56527128311
1.56538301902
1.56361297248
1.5656893509
1.56537433425
1.56307133379
1.5624751406
1.55985332523
1.56331440182
1.55994842565
1.56344738442
1.56296230344
1.56371885797
1.56538398799
1.56557204158
1.56527386593
1.56569093764
1.56537616992
1.56361597577
1.5636344338
1.56182654177
1.56199076753
1.56478676126
1.56546778925
1.56470175461
1.56555531531
1.56478799816
1.56547202884
1.56555681544
1.56470523145
1.56429305865
1.56528170872
1.56452838518
1.56503568289
1.56430789634
1.56363551206
1.56397032365
1.56467600957
1.56309530571
1.56504531523
1.56529720687
1.56463775539
1.56337623634
1.56475568909
1.56495238043
1.56236586726
1.56300313457
1.5595555686
1.56163889493
1.56266280582
1.56261919089
1.55929110617
1.56390316716
1.56388076088
1.56228908611
1.56264300252
1.5641125656
1.56430559141
1.56442217607
1.56144183411
1.55845557451
1.56143900042
1.56179654121
1.56107578672
1.56203112234
1.55877747244
1.56146554075
1.56262004721
1.56098628784
1.5595221513
1.56190325524
1.56029550404
1.55507728375
1.54559072871
1.55657366472
1.55784107876
1.556368252
1.55620040705
1.5464194309
1.55872668496
1.5476935845
1.55774078496
1.55721316843
1.55932987152
1.54720161775
1.55714012658
1.5455904737
1.55507690589
1.55657339951
1.55784084043
1.55636790012
1.54641916315
1.55620009394
1.56236533712
1.55955517129
1.56300256133
1.56163846165
1.56266231231
1.5592906843
1.56261863294
1.56309471036
1.56529653616
1.56504469514
1.56463705082
1.563375654
1.56495173686
1.56475506784
1.55845514743
1.56144132504
1.5614384681
1.56179599857
1.56107533104
1.558777049
1.56203054263
1.56388021621
1.56390253513
1.5622885308
1.56264241825
1.56411187311
1.56442155106
1.56430495369
1.55952165386
1.56190278689
1.56029498027
1.56429239131
1.56528101309
1.56452767357
1.56503500168
1.56430717498
1.56363475094
1.56396960831
1.56467530834
)
;

boundaryField
{
    walls
    {
        type            zeroGradient;
    }
    inlet0
    {
        type            zeroGradient;
    }
    inlet1
    {
        type            fixedValue;
        value           uniform 0;
    }
}


// ************************************************************************* //
