/*--------------------------------*- C++ -*----------------------------------*\
  =========                 |
  \\      /  F ield         | OpenFOAM: The Open Source CFD Toolbox
   \\    /   O peration     | Website:  https://openfoam.org
    \\  /    A nd           | Version:  7
     \\/     M anipulation  |
\*---------------------------------------------------------------------------*/
FoamFile
{
    version     2.0;
    format      ascii;
    class       volScalarField;
    location    "6";
    object      p;
}
// * * * * * * * * * * * * * * * * * * * * * * * * * * * * * * * * * * * * * //

dimensions      [0 2 -2 0 0 0 0];

internalField   nonuniform List<scalar> 
5218
(
1.59748247051
1.57080197471
1.56655633358
1.56327870817
1.55976969139
1.55637198565
0.025549219564
0.0254813228799
0.0218266458333
0.0165729265096
0.0109650538564
0.00542257275572
1.5917364339
1.56977939862
1.56613652483
1.56288624634
1.55857847423
1.55227690399
1.54652060839
0.0241376652284
0.026649026965
0.0223311319046
0.0165268160986
0.0108188893448
0.00536639082809
1.59093678616
1.56957003906
1.56606138203
1.56275271991
1.55786352359
1.54755882804
1.50780979506
0.958829022826
0.197093227472
0.0295021196817
0.0272860036057
0.022442330554
0.0164743529516
0.0107389312144
0.00529473587674
1.5924124085
1.57026723742
1.56636580287
1.56314768781
1.55935977036
1.55492913915
1.55025235281
0.0245726288422
0.0259972066066
0.0220534660929
0.0165453304759
0.0108909776096
0.00540764328406
1.60295535593
1.57165335346
1.56681650904
1.56354013601
1.55994800115
1.55654382438
0.0259790899897
0.0257186899995
0.022486981935
0.0173788867741
0.0117528715454
0.00596760550286
1.57461177808
1.5697246641
1.56662361164
1.56355050599
1.56025155187
1.55681004482
0.0253671896638
0.0264996962256
0.0223996005022
0.0166559553683
0.0108746346585
0.00474276160533
1.57121460665
1.56807331853
1.56536026742
1.56219843793
1.55798090119
1.55492273937
1.54910248857
0.0261209758714
0.0267038326529
0.0222896618156
0.0158851291409
0.00978708092583
0.00542430987281
1.57075362322
1.56807327239
1.56536028005
1.56219849498
1.55798098277
1.55029671116
1.51302448427
0.938442861525
0.140505380078
0.0261208824271
0.0267037471534
0.0222895513906
0.0158850453717
0.00978702430058
0.00522514203829
1.57250505327
1.56946791749
1.56649186309
1.56346865075
1.5599609005
1.55581661857
1.55410039805
0.0235614132339
0.0272098986728
0.023256693531
0.017004102625
0.0108426700583
0.00469761189518
1.58136800901
1.56951831582
1.56651843347
1.56335808797
1.55993817527
1.55662410877
0.0265084290105
0.026312182887
0.0221495416317
0.0167229800868
0.0111685091131
0.0055176114125
1.57289037312
1.56924735398
1.56659366241
1.56373055723
1.56064355476
1.55735005752
0.025102992085
0.0271409286518
0.022917464734
0.0168126313877
0.0108419492405
0.00463098232594
1.56966658048
1.56798157354
1.56539552986
1.56238197122
1.55839428292
1.55573951248
1.55096244469
0.0254276676471
0.0265471868467
0.02249457512
0.0161021453616
0.00982781260253
0.0050488957192
1.56927078491
1.56798153822
1.56539553757
1.56238201327
1.55839435066
1.55096049482
1.51456191011
0.930670429556
0.128506286904
0.025427599322
0.0265470839554
0.0224944674839
0.0161020545476
0.00982776689401
0.00466153492349
1.57086467652
1.56909378101
1.56652962416
1.56370404846
1.56046165193
1.55655274111
1.5554454501
0.0228164552275
0.0275877649485
0.0239252985559
0.0173584414882
0.010835445258
0.00449275142561
1.57912030809
1.56902290529
1.56645412137
1.56349861232
1.56026623046
1.55693686751
0.0265965822692
0.0268704656335
0.0224432130512
0.0168039659396
0.0112101469563
0.00527341369779
1.57336335668
1.5693892832
1.56658638725
1.56365252096
1.56049033228
1.55715202449
0.0251631856725
0.0269962375835
0.0227810741951
0.0167826189756
0.0108765382144
0.00467378010645
1.57012122591
1.56806816854
1.56536132522
1.56220274284
1.55799189366
1.55529274771
1.55068503513
0.0261022231307
0.026749758745
0.0223399223883
0.0159264266199
0.00981662274086
0.00488782498152
1.56971560456
1.56806813422
1.5653613318
1.56220277702
1.55799195629
1.55052230475
1.51412961864
0.931658264141
0.129596537291
0.0261022147135
0.0267496970678
0.0223398339776
0.0159263445095
0.00981657488168
0.00451374446954
1.57132404415
1.56920592371
1.56652644423
1.56362340759
1.56028431616
1.55627375281
1.55526311198
0.02305400302
0.0275153182694
0.0237229854213
0.0172447101455
0.0108494253129
0.00453080723828
1.57933610093
1.56920305984
1.56644853517
1.56342847865
1.56014365684
1.55684188298
0.0265302697328
0.0267062352945
0.0223578473928
0.016795577798
0.0112233695761
0.00528177689666
1.57677912208
1.5700843443
1.56655183382
1.56336692111
1.55995389909
1.5565518572
0.0256601163655
0.0260289397987
0.022075922209
0.0166228440578
0.0109838686645
0.00507523688304
1.57330021752
1.56938577974
1.56625076368
1.56307462105
1.55901455526
1.55328019236
1.54780496363
0.0242972400618
0.0273445602975
0.0230975053538
0.0168902132152
0.0108475366456
0.00484637543215
1.57281064983
1.56922878446
1.56619043751
1.56295021688
1.55839705653
1.54885546381
1.51125076677
0.942134961116
0.148705729287
0.0294141815315
0.0280052944255
0.0233113576684
0.0169307344321
0.0107915238064
0.00474417362271
1.57457080288
1.56969179708
1.56643374398
1.56330440287
1.55966149991
1.55529041311
1.55333731558
0.0244229957731
0.026802405939
0.0226254360784
0.0167273936186
0.0108619793481
0.00487962775966
1.58273362045
1.57066690351
1.56654163627
1.56324748839
1.55978424096
1.55649325275
0.0262858152401
0.0258057260248
0.0219359502707
0.0167085373023
0.0111722953891
0.00560000798905
1.58273405882
1.5740604574
1.60287612849
1.57396156722
1.57066716145
1.56831602319
1.57180228877
1.56763144525
1.5665417054
1.5649183918
1.56682355582
1.56438409389
1.56324734435
1.5615299273
1.56354253798
1.56096395296
1.55978393859
1.55816204188
1.5599977393
1.55741992003
1.55649290652
1.55658886346
0.0254077185693
0.0254043167583
0.0262854578379
0.0267211664344
0.0258902572971
0.0262762366597
0.0258059360909
0.0241674089337
0.0258773217884
0.0237028414345
0.021936369941
0.0194005836886
0.022563309026
0.0188309485361
0.016708960538
0.0139498893642
0.0174498090712
0.0132961396252
0.0111726250961
0.00838950334246
0.0118760103983
0.0076447183327
0.00560012686576
0.000871262783311
0.00618798945301
0.000912511971263
1.55520707322
1.555290243
1.55326876743
1.55643720783
1.55524418815
1.55497823401
1.55040057018
1.55333727218
1.55031344086
0.0238095848145
0.019425628371
0.024776954648
0.0203115335627
1.5112507838
1.15172812377
1.54657277325
1.5078476064
1.16716163617
0.942134965587
0.355860245466
0.958765834387
0.38164969099
0.0155745441545
0.148705608445
0.0191573214157
0.0167362730773
0.1965344294
0.024661841267
1.15172797634
1.5478050241
1.5078476113
1.16716157653
1.54657279894
0.355860132887
0.958765687558
0.381649614863
0.0191573808161
0.015574647412
0.196534622378
0.0246619042284
0.0167363774614
1.55326891724
1.55655213444
1.55520734361
1.5549784217
1.55040070184
1.55643750174
1.55524451841
1.55031356497
0.0194257520127
0.0238098177028
0.020311752523
0.0247775247761
1.57406010143
1.60287564459
1.57396116175
1.56831584773
1.57180193586
1.56763125662
1.5649184366
1.56682344092
1.56438418128
1.56153017863
1.56354268552
1.56096419987
1.55816236137
1.55999803031
1.55742031406
1.55658935441
0.0254081943555
0.0254050408864
0.0267211238408
0.0258908987226
0.0262763603748
0.0241670916275
0.0258772914471
0.0237026986706
0.019400212246
0.0225631262059
0.0188306962252
0.0139495045362
0.0174495172351
0.0132958525816
0.00838922548867
0.0118757275253
0.00764454254355
0.00087123389048
0.00618787772359
0.000912488988289
1.60295641352
1.57379157807
1.58278476312
1.57270972448
1.57165396351
1.56761507547
1.57119919106
1.5677931228
1.56681656675
1.56438646745
1.56704457444
1.56457906542
1.56353982378
1.56092604932
1.56372272105
1.56114276861
1.55994752828
1.55739760086
1.56016176477
1.55766277377
1.55654342869
1.55676063786
0.025731126336
0.0260025285768
0.0259792608484
0.0260961021248
0.0264401120153
0.0266157017741
0.0257189938433
0.0236102946072
0.0260825953475
0.0238005837257
0.0224873212726
0.0187583212996
0.0225419280327
0.0187589051657
0.0173793197663
0.013186502716
0.0173132179915
0.0131894235519
0.0117531650625
0.0074266416925
0.0117339537241
0.00739937416945
0.00596766379061
0.000882665430195
0.00571114057531
0.000836401189914
1.55517279087
1.55492890072
1.55034560058
1.55650305126
1.55514887341
1.55523720585
1.5532107346
1.55025231731
1.55327160956
0.0251078061372
0.0200914926552
0.0248741433699
0.0184110913209
1.50780980047
1.16716284216
1.54775524019
1.51121242873
1.15170115059
0.958829184603
0.382018841236
0.94214558056
0.355969599387
0.0166435401654
0.197093299862
0.0253199346117
0.0128889420055
0.14883082312
0.0187508899441
1.16716295072
1.54652067388
1.51121246172
1.15170112475
1.54775517181
0.38201897236
0.942145598906
0.355969688949
0.0253198757928
0.0166431890035
0.148830800394
0.0187508187099
0.012888729595
1.55034571558
1.55637228339
1.55517298863
1.55523745861
1.55321083127
1.55650333363
1.55514904322
1.55327167946
0.0200912144277
0.0251075646083
0.018410880528
0.0248737928245
1.5737908482
1.58278391379
1.57270905375
1.56761486493
1.57119864745
1.56779294966
1.5643867003
1.56704454665
1.56457926561
1.56092643035
1.56372303749
1.56114315638
1.55739802238
1.56016218248
1.55766314486
1.55676102574
0.0257310552041
0.0260022573185
0.0260958336127
0.0264398771814
0.0266152379839
0.0236099541604
0.0260821869837
0.0238000136827
0.018757986437
0.0225413150313
0.0187584272395
0.0131862029193
0.0173127771676
0.0131891299738
0.00742655556661
0.0117336965753
0.00739927963287
0.000882685263147
0.00571115468861
0.000836417041288
1.58136881699
1.57248148358
1.57934697002
1.57161930677
0.00551763377872
0.000831834515368
0.00525784286804
0.000799701038166
1.57248086887
1.57934627079
1.57161883233
0.000831870011502
0.00525771605885
0.000799694156775
1.57912097313
1.57147882218
1.57910968285
1.57145453645
0.00527352080536
0.000796668034559
0.00528406620292
0.000798447976571
1.57147835909
1.57910913889
1.57145414502
0.000796639984456
0.005283847652
0.000798394448396
1.57933661223
1.5715892465
1.58133765862
1.57256385839
0.00528192003056
0.000802823290288
0.00562738444146
0.000875972937068
1.57158885734
1.58133719776
1.57256351394
0.000802783110268
0.00562718695117
0.00087593863707
1.57260090812
1.57457105803
1.57165858346
1.59741228754
1.57399270799
1.59235311693
1.57289957753
1.56816490192
1.5696919788
1.56794110742
1.57073652292
1.56828005687
1.5702271024
1.56801060556
1.56499367911
1.56643380678
1.56490583742
1.56650065205
1.56489872784
1.56633961994
1.56478897245
1.56168960885
1.56330432476
1.56156823283
1.56325542978
1.56155595232
1.56313822632
1.56136237127
1.5582217276
1.55966131117
1.55755736365
1.55978821699
1.55802546745
1.55938279601
1.55721942325
0.0266549729795
0.0244229318737
0.0270137187981
0.025562433562
0.0262028531225
0.0247658557282
0.0264452659874
0.0244085152625
0.0268025404257
0.0251748902162
0.0256396526089
0.0241379516195
0.026181434372
0.0245885332113
0.0194100438844
0.0226257170241
0.0197246254781
0.0219359436849
0.0193819189583
0.0221856365226
0.0194600548878
0.0138022641115
0.0167276765255
0.0137613801711
0.0166656913691
0.0138793920803
0.0166446767991
0.0137999734235
0.00811764762619
0.0108621504102
0.00793355381718
0.0110792530695
0.00828022672327
0.0109818282294
0.00818003123716
0.00167690895726
0.00487965179178
0.00160357468265
0.00556512963633
0.00102389393227
0.00548346503419
0.0010025133532
1.57095422807
1.57281069148
1.57065210609
1.59168421063
1.572081207
1.59090415395
1.57172478326
1.54916128295
1.548855432
1.53889915556
1.55231671561
1.54739850781
1.54759467869
1.53634822259
0.00154354482619
0.00474417117891
0.00149233713665
0.00540926360934
0.00100997508666
0.00532519577527
0.00097020533401
1.57065204848
1.57330002385
1.57095407665
1.59090411917
1.57172473291
1.59168403832
1.57208105223
1.53889918599
1.55328030038
1.5491613593
1.54759473005
1.53634825644
1.55231682228
1.54739855341
0.00149234266362
0.00484633313983
0.00154354500816
0.00532517945514
0.000970226809303
0.00540924058996
0.00100996718305
1.57165834543
1.57677875513
1.57260060202
1.59235284411
1.57289933558
1.59741185558
1.57399238659
1.56794098316
1.57008409754
1.56816470605
1.57022689097
1.56801043315
1.57073623807
1.56827985529
1.56490586021
1.56655175292
1.56499369132
1.56633951574
1.56478896755
1.5665005655
1.56489878646
1.5615683877
1.56336704801
1.56168977253
1.56313830289
1.56136247249
1.56325553014
1.56155613303
1.55755756732
1.55995414528
1.5582220178
1.55938294894
1.55721961645
1.5597884739
1.55802576831
0.0270137143826
0.0256601932311
0.0266549273083
0.0247659165472
0.0264451871531
0.0255625816386
0.0262029256881
0.025174705297
0.026028769602
0.0244081248436
0.0261812900582
0.0245882598792
0.0256395507652
0.0241377535389
0.0197244046208
0.022075586991
0.0194096262876
0.0221853583972
0.0194597749962
0.0219356738377
0.0193816996641
0.0137611890112
0.0166225032632
0.0138019114749
0.0166444134631
0.01379975239
0.016665373591
0.013879142066
0.00793346788049
0.0109835835397
0.00811747066674
0.0109816505056
0.00817991182068
0.011078991
0.00828008309685
0.00160358164791
0.00507512122939
0.00167689407229
0.00548337368573
0.00100252017555
0.00556501377226
0.0010238739569
1.58605972807
1.59091077487
1.61432405042
1.58602972671
1.602911742
1.58242408601
1.59045143118
1.57846543363
1.57415554158
1.57516380265
1.57843934545
1.57401990694
1.57776765294
1.58025861287
1.56984946538
1.57221179268
1.57220258612
1.56982097528
1.57180102334
1.57021879802
1.5701369495
1.56874398788
1.56788812375
1.5677658645
1.56869303805
1.56766997474
1.56902804214
1.56882936371
1.56601608487
1.56703059391
1.56687555967
1.56598045489
1.56687088428
1.56614872636
1.56603693902
1.56524746021
1.56451180486
1.56440785711
1.56519954092
1.56441969644
1.56533978301
1.56521982646
1.56275550514
1.56365935125
1.5635584714
1.56271252185
1.56360014708
1.56283523888
1.56272676077
1.56189800424
1.56111476525
1.56098414203
1.56181038437
1.56103200122
1.56194312817
1.56183849654
1.55928596622
1.56018275576
1.56006415447
1.55916371177
1.56014847277
1.55937619162
1.55921333286
1.5584377852
1.55773577993
1.55752778836
1.55817409831
1.55760858398
1.55845822992
1.55830990225
1.55627383559
1.55696103385
1.55673746383
1.55628470088
1.55677261791
1.55663512717
1.55632421051
1.55616298632
1.55650181969
1.55650021934
1.5562726779
0.0257956167141
0.0254787361742
0.0256119578532
0.0254702360703
0.0257151453826
0.025564213335
0.025661499222
0.0261204280859
0.0258364708068
0.0259178781728
0.0260906438231
0.0260239655818
0.0259619568957
0.0260399988148
0.0262876128196
0.02609218218
0.0260289311097
0.0263390665739
0.0261118587818
0.0261859273157
0.0261705639877
0.0252035172858
0.0256870436115
0.0256855302917
0.025392861454
0.0257221859002
0.0252208747027
0.0251870608722
0.0244502897697
0.0235727600995
0.0235965866272
0.0245808734163
0.0235761932429
0.0244110779125
0.0244650093529
0.0213599427685
0.0224250627052
0.0225345430977
0.0214181154306
0.0224867196366
0.021329139885
0.0214001101714
0.0200942952272
0.0187732529019
0.0188631113631
0.0201188722226
0.0188250034191
0.0200116157117
0.0201467213412
0.0161217364623
0.0173700900191
0.0175028510136
0.0160966821038
0.0174614599002
0.0160660015158
0.0161478533277
0.0147134002831
0.0132884242937
0.0133503856633
0.014678764104
0.0133395469573
0.0146257982602
0.014737930134
0.0105317635386
0.0118421050404
0.0119280021072
0.0104824542195
0.0119233885725
0.0104867231493
0.0105279880304
0.00911247782309
0.00765485447571
0.00767317985344
0.00906614838945
0.00768355003733
0.00903972897825
0.00910169228977
0.00455196889898
0.00617463783985
0.00618250380997
0.00454078153653
0.0061972331479
0.00452497579627
0.00461513106482
0.00283927023541
0.000911518816118
0.000933540476292
0.00284570305972
0.000912706940829
0.00265802917044
0.00284847544459
1.5546809826
1.55497033182
1.55658942637
1.55496495134
1.55586570172
1.5551310262
1.55569830354
1.5513699239
1.55093020698
1.55078042962
0.0234587192819
0.0248572261979
0.0247725235033
0.0238722983077
0.0247069183529
0.0241039668574
0.0235398386015
1.54373805471
1.54518114872
1.54134708595
1.5337016097
1.54372999156
1.53603343805
1.53368602044
1.48268849094
1.16049478283
1.38710075311
1.37742221528
1.49032929879
0.952284025652
0.762283966667
0.757424666225
0.373945508073
0.567940558044
0.562190212586
-0.0183516867617
-0.00118721828745
-0.00355542404851
-0.0111967214878
-0.0481807100937
0.177804754949
0.0508852752737
0.0484308333116
-0.0312674147678
1.48268842703
1.16049462428
1.38710070086
1.37742219348
1.49032927377
1.54373804233
1.54518116945
1.53370162176
1.541347054
1.53603347595
1.54373000925
1.53368603455
0.952283969725
0.762283894951
0.757424683995
0.373945476524
0.567940369626
0.562189908384
-0.0481808108452
0.177805053436
0.050885207961
0.0484312083986
-0.0312678587431
-0.0183518045154
-0.00118729095295
-0.00355536509677
-0.0111970196142
1.5546813195
1.55497065485
1.55496525653
1.55658981732
1.5551312908
1.55586598869
1.55569863823
1.55137004885
1.55093040378
1.55078060582
0.0234592953864
0.0248578292282
0.0238729363863
0.0247734366061
0.0241044482786
0.0247076596268
0.0235409171142
1.58605924253
1.59091030258
1.58602925337
1.61432353081
1.58242362098
1.60291118647
1.59045094106
1.5784649933
1.5741551231
1.57843889415
1.57516336261
1.57776721418
1.57401948916
1.58025813752
1.5698492058
1.57221146417
1.56982066052
1.57220221175
1.57021852055
1.57180074822
1.57013672565
1.56874378292
1.56788793022
1.56869285245
1.56776570325
1.56902785511
1.56766983668
1.56882917997
1.56601601829
1.56703052047
1.565980407
1.56687547531
1.56614865854
1.56687081584
1.56603689352
1.56524746292
1.56451189818
1.56519963091
1.56440796393
1.56533982815
1.5644197415
1.56521980302
1.56275567382
1.5636594724
1.562712636
1.56355855158
1.56283536392
1.56360028904
1.56272687083
1.56189824171
1.56111504795
1.5618106683
1.56098441744
1.5619434431
1.56103229201
1.56183875112
1.55928629786
1.56018310403
1.55916406001
1.56006457337
1.55937654699
1.56014885891
1.55921372946
1.55843817071
1.55773614591
1.55817452482
1.55752825681
1.55845863238
1.55760888515
1.55831030229
1.55627427765
1.55696143345
1.55628517772
1.5567380069
1.55663543835
1.55677294338
1.55632502057
1.55616346612
1.55650229019
1.55650034957
1.55627373193
0.0257963917527
0.0254796547835
0.0254708258398
0.0256127268485
0.0255655547025
0.0257163524955
0.0256609678091
0.0261208704318
0.0258368527523
0.0260910175113
0.0259189934018
0.0259621753919
0.0260248671435
0.0260407358807
0.0262877588982
0.0260922921823
0.026339439074
0.0260292452683
0.0261860245878
0.0261120303607
0.0261711017819
0.0252032841948
0.0256869258172
0.0253925942403
0.0256854040671
0.0252206327465
0.0257220859981
0.025186852247
0.0244499712231
0.0235725850314
0.0245807896209
0.0235965122521
0.0244109004185
0.0235759373873
0.0244647616763
0.0213595515803
0.0224247872603
0.0214178312359
0.0225343846538
0.021328810345
0.0224864193734
0.0213997530355
0.0200938517737
0.0187729831846
0.0201186403202
0.0188628424269
0.0200112907534
0.0188245797701
0.0201462981094
0.0161212251955
0.0173696775692
0.0160963077587
0.0175024394115
0.0160655973935
0.0174609663469
0.0161472998629
0.0147129074487
0.0132881190775
0.0146784963025
0.0133500684946
0.0146254543558
0.0133391018961
0.0147374961433
0.0105312703241
0.0118417131672
0.0104821558637
0.011927669308
0.010486308628
0.0119228858232
0.0105275782255
0.0091120938681
0.00765464964148
0.00906591709659
0.00767297528595
0.00903934770066
0.00768324250711
0.00910137071455
0.00455176186022
0.00617445537874
0.00454068779578
0.00618222702528
0.0045247734343
0.00619694647445
0.00461488822947
0.00283913635048
0.000911490533121
0.00284562493896
0.00093351910264
0.00265790104844
0.000912651640173
0.00284840447976
1.57409301181
1.59241298749
1.57297113829
1.57683228721
1.57279912702
1.57464381703
1.5717385684
1.56834618815
1.57026755453
1.56804127566
1.5701674751
1.5682293701
1.56973812368
1.56796986406
1.56493841937
1.56636583146
1.56480818697
1.56660822803
1.56503747424
1.56645437928
1.56492039832
1.56156053128
1.56314747816
1.56135678865
1.56339709115
1.56170399428
1.56331108908
1.56156324257
1.55798379845
1.55935946621
1.55717832523
1.55994030926
1.55816709451
1.55963967083
1.55751550107
0.0260398454173
0.0245729440897
0.026225329614
0.0257197873273
0.0265537833708
0.0241687821287
0.026747547009
0.0240069532478
0.025997506479
0.0244345035837
0.025939528032
0.0243463235155
0.0266321092967
0.0250561443841
0.0192858775108
0.0220537315725
0.0193472143118
0.0220218505563
0.0193529863851
0.0225280499335
0.0196402164196
0.0137807084294
0.0165455720292
0.0137078286837
0.016557198662
0.0137215158138
0.0166510723407
0.0136869537004
0.00814450662677
0.0108911145983
0.00809078922793
0.0108797408067
0.00798167452909
0.0107850676598
0.0078555254145
0.000995865538129
0.00540771844339
0.00099563474741
0.00490607842295
0.00163528197696
0.00481590666513
0.00158199330046
1.57212858153
1.59093683009
1.57176080324
1.57335046014
1.57100929257
1.5728483965
1.57069158824
1.5677362451
1.56957011341
1.56764480271
1.56941890656
1.56767551625
1.56925160154
1.56759463444
1.56459900636
1.56606140776
1.56453283583
1.56625832959
1.56466383765
1.56619601315
1.56459179515
1.56092641767
1.56275267368
1.5606299194
1.56307179291
1.5611288513
1.56294856515
1.56084894736
1.55567417057
1.55786344252
1.5536718823
1.55899428058
1.55614091354
1.55838239045
1.55426531992
1.54735239874
1.54755879589
1.53630804275
1.55324162219
1.54911555217
1.54882168498
1.53885932843
1.54129688135
1.53365525204
1.53364283035
1.54369589663
1.54513128478
1.54368171253
1.53598893469
-0.000236171924409
-0.00957046243045
-0.0160839220681
-0.00259817470054
0.0265232940577
0.0295021934912
0.0280590733757
0.0234225527161
0.0267966195297
0.0299465867758
0.0287754294349
0.0249349148077
0.0272860328636
0.0251938299978
0.0271548601011
0.025494330588
0.0279603450388
0.025849845697
0.0194166494036
0.0224423792031
0.0193942244851
0.0229908984337
0.0199205212299
0.0232186840011
0.0200364070404
0.0136304097612
0.0164744027718
0.0135549114145
0.0168130973564
0.0137258451656
0.0168566646608
0.0137186899105
0.00803312069826
0.0107389431142
0.00795303686263
0.0107889905968
0.00782857248535
0.0107427943701
0.00776779126749
0.00100490634025
0.00529473566305
0.000965886628773
0.0048145813718
0.00153677226234
0.00472250668057
0.00148772823866
1.57176072025
1.59173601737
1.57212830672
1.57284830514
1.57069151096
1.57335016867
1.57100906132
1.56764477097
1.56977923144
1.56773613377
1.56925153567
1.56759459207
1.56941876687
1.56767545004
1.56453287169
1.56613653524
1.56459907066
1.56619600876
1.56459181482
1.56625834442
1.56466391497
1.56062998293
1.56288639042
1.56092661307
1.56294860961
1.56084900783
1.56307193316
1.5611289944
1.55367196617
1.55857862826
1.55567434592
1.55838242885
1.55426537737
1.55899443388
1.5561410238
1.53630807692
1.55227706537
1.54735247679
1.54882175259
1.53885934997
1.55324175702
1.54911561256
0.762426450706
0.952331684657
0.757542424028
0.0515369653703
-0.0302378959001
-0.0469539505177
0.178313445887
0.0490762982557
0.028058967453
0.0241374807599
0.0265230964362
0.0299465425198
0.028775404002
0.0234223510061
0.0267964218137
0.0251937991689
0.0266488195798
0.0249347312956
0.0279602886033
0.0258497703465
0.0271546933763
0.0254941451651
0.0193942620328
0.0223309270486
0.0194164394222
0.023218584125
0.0200363569995
0.0229906913867
0.0199203386532
0.0135549241207
0.016526693299
0.0136302611893
0.0168565988799
0.0137186539569
0.0168129123805
0.0137257008596
0.00795304980818
0.0108187870385
0.0080330203679
0.0107427018558
0.00776776527027
0.0107888587916
0.00782846403109
0.000965905227773
0.00536633197759
0.00100486247934
0.00472251031192
0.00148772012993
0.00481449761462
0.00153675907327
1.57297071049
1.59748154832
1.57409242116
1.57464332662
1.57173815284
1.57683161784
1.57279857065
1.56804114532
1.57080158395
1.56834596036
1.56973785963
1.56796973613
1.57016708704
1.56822918466
1.5648083221
1.56655632978
1.56493856548
1.5664543867
1.56492051518
1.56660823064
1.56503761819
1.56135707453
1.5632789793
1.56156085302
1.56331130071
1.56156349247
1.56339732796
1.56170433893
1.55717863259
1.55977002638
1.55798412054
1.55963995296
1.55751576725
1.55994067519
1.55816744381
1.5508672981
1.55130574777
1.55071884654
0.0262250342894
0.0255489623869
0.0260394662627
0.0241684637601
0.0267472298393
0.0257194204
0.0265534059662
0.0244342600228
0.0254809400032
0.0240065192103
0.0266318133881
0.0250558915438
0.0259391171954
0.024345885714
0.0193470163171
0.0218262241837
0.0192854171827
0.0225277411458
0.0196399287639
0.0220213564118
0.0193525717265
0.01370765047
0.0165725526158
0.0137803530909
0.0166508217646
0.0136867378914
0.0165567960329
0.0137212250899
0.00809071867492
0.0109648390559
0.00814434787615
0.0107849126719
0.00785542626042
0.0108795145041
0.00798157309423
0.000995619360494
0.00542246406752
0.000995857144442
0.00481582185224
0.00158195902437
0.00490603094297
0.00163529680996
1.58609557691
1.6144829519
1.59101228538
1.59066920586
1.60307639183
1.58631605472
1.58247719329
1.56974124516
1.57209625746
1.57011859696
1.5700047815
1.57195347135
1.57007619551
1.57173797257
1.56598542686
1.56688445306
1.56604393757
1.56608183091
1.566998535
1.56612983963
1.56692380708
1.56270017081
1.56352327874
1.5626697659
1.56269864379
1.56364584028
1.5628103741
1.56355060691
1.55910222376
1.55991730693
1.55903166883
1.55906586953
1.56013349917
1.55932425637
1.55994920543
1.55621752671
1.55656643267
1.55619136555
1.55613358604
1.5569172575
1.55655968907
1.55654809527
0.0259860641878
0.0260525300161
0.0260114038925
0.0260926130744
0.0259559255749
0.0258468493609
0.0261864247315
0.0252639387326
0.0256198309306
0.0251368795979
0.0251507675838
0.0255722529067
0.0251412178293
0.0256423800337
0.0213439737245
0.0224996323887
0.0213579388017
0.0213591618481
0.0224290965428
0.0213024107652
0.0224977100879
0.0160120362981
0.0174407678734
0.0160650388902
0.0160735768225
0.0173585389147
0.0159991877667
0.0174436209424
0.0103282065184
0.0117906173372
0.010353752436
0.0103703116426
0.0117472108957
0.01032072373
0.0118039826048
0.00439226660146
0.00588976159543
0.00430140350546
0.0041639034162
0.00588598020509
0.00424748630014
0.00584802502879
1.56951868928
1.56807366971
1.56921717541
1.56795049592
1.56651841721
1.56499341202
1.56648745553
1.56503685668
1.56335781316
1.5616759274
1.56344741311
1.56182306917
1.55993778208
1.55834419763
1.56013529878
1.55861051342
1.55662373179
1.55682656655
0.0256191844151
0.0253299565159
0.0265088803351
0.0273628488315
0.0266180824553
0.0277924030606
0.0263127248808
0.0245459322338
0.0266785864943
0.0248337437532
0.0221501460594
0.0194927025639
0.0223263292821
0.0195871270056
0.0167234301647
0.0139288274982
0.0167619975614
0.0139460644504
0.0111687739824
0.00857092632838
0.0111854531685
0.00860048752169
1.57191112159
1.57250550107
1.57089011525
1.57339110229
1.57125345141
1.57134381915
1.57030389147
1.56811403137
1.56946813307
1.56789115494
1.56942048779
1.56802739703
1.56922243363
1.56786360559
1.56512865844
1.56649186084
1.56499728503
1.56662365514
1.56520833912
1.56654006478
1.56511046884
1.56193192703
1.56346846444
1.5618706157
1.56367172603
1.56212468443
1.563629036
1.56212285288
1.55859800561
1.55996066854
1.55826259107
1.56049037621
1.55891906481
1.56027897631
1.55874350376
1.55545704943
1.55581642395
1.55372787882
1.55712933443
1.55603551379
1.55625255385
1.5546396785
1.55410048282
1.55522880462
0.0230044759367
0.0165895484517
0.0224896673676
0.0158103621446
0.0271419168066
0.0235617116213
0.02783636848
0.0252116437324
0.0275315830624
0.0230505973636
0.0280254107806
0.0248890960265
0.0272101987644
0.0260606085108
0.0269479829632
0.0253415655481
0.0274653424432
0.0265059574272
0.0195846910001
0.0232570266038
0.020321248356
0.0227350518401
0.0197958435497
0.0236764685558
0.0206890382445
0.0137437450335
0.0170043803953
0.0138899846326
0.0167450001727
0.0137585615669
0.0172068100815
0.0139755304237
0.00796707879258
0.010842859263
0.00781859089789
0.0108403863693
0.00790055710432
0.0108186873609
0.00772486061714
0.00160423874444
0.00469767092134
0.00153912848029
0.00464362468636
0.00155945852343
0.00451211747759
0.00145661570023
1.57008599342
1.57075372452
1.56983187458
1.57013647776
1.56970575238
1.56972843171
1.56955377894
1.51302450163
1.14920006475
1.55065837089
1.51410553317
1.14473478272
0.938442927849
0.349056938854
0.931658060154
0.338094831762
0.0101901985855
0.140505405426
0.0152701587942
0.00893649526293
0.129711113336
0.0130532941518
0.00157950185925
0.00522517129645
0.0015179475495
0.00487452054678
0.0014345115178
0.00450086275681
0.00134239987224
1.56983179515
1.57121436407
1.57008581034
1.56972836635
1.56955370487
1.57013623189
1.56970559687
1.14920007885
1.54910251415
1.514105546
1.14473474289
1.55065834587
0.349056887564
0.931658010301
0.338094809711
0.0152700764751
0.010190064182
0.129711030111
0.0130532255542
0.00893640901017
0.00151795960517
0.0054242216076
0.00157946526763
0.00450085891724
0.0013423874826
0.00487444860017
0.00143449695124
1.57088976273
1.57461120961
1.57191063077
1.57134341884
1.57030358712
1.5733905754
1.57125302074
1.56789104312
1.5697243378
1.56811387109
1.56922225576
1.56786350784
1.56942019826
1.56802724674
1.56499736533
1.56662360738
1.56512877
1.56654005961
1.56511055544
1.5666236596
1.56520847155
1.56187081927
1.56355075391
1.5619322232
1.56362920589
1.56212307606
1.56367197115
1.56212499236
1.55826279257
1.5602518677
1.55859832691
1.56027918721
1.55874371882
1.56049071328
1.55891937073
1.55372796119
1.55681031971
1.5554572269
1.55625276385
1.55463972807
1.55712959547
1.55603563067
1.55522878097
0.0165892322747
0.0230040844785
0.0158100780475
0.022489293381
0.0278360883058
0.0253667654939
0.0271414795747
0.0230503912431
0.0280252071363
0.0252112580176
0.0275311898998
0.0260603187541
0.0264992525052
0.0248885950379
0.0274651074225
0.0265057296745
0.0269476015419
0.0253411181873
0.020320933098
0.0223991079367
0.0195842066132
0.0236761119196
0.0206888003734
0.0227346275588
0.0197954368762
0.0138897378428
0.0166555672795
0.0137433914674
0.0172064782525
0.0139753433511
0.0167446358844
0.0137582683649
0.00781843258477
0.0108743891063
0.00796691724814
0.0108184500302
0.00772474601514
0.0108401257632
0.00790037687381
0.00153911054071
0.00474271160008
0.0016042483921
0.0045120865798
0.00145661012993
0.00464355651678
0.00155947819842
1.59400035996
1.58035618764
1.59298405928
1.57998789512
1.57751072613
1.58083224972
1.57665372221
1.56807348822
1.56921684238
1.56795032939
1.56499358382
1.56648745204
1.56503702411
1.56167628568
1.5634477101
1.56182343662
1.55834456454
1.56013565731
1.55861087027
1.55682689305
0.0256187832212
0.0253294716307
0.027362296111
0.0266176684299
0.0277917913548
0.0245453754175
0.0266780112048
0.0248332678807
0.0194921936787
0.0223258918657
0.0195866915283
0.0139284685544
0.0167616423033
0.0139457850755
0.00857074072265
0.0111851946369
0.0086002990737
0.00438786347442
0.00405291213365
0.00718043382763
0.00531074992135
0.00436985753271
0.00400631074116
0.00731648926962
1.56902320343
1.56785365473
1.56901147842
1.56783961101
1.56645412757
1.56505179801
1.56644119873
1.56504130456
1.56349833097
1.56191585441
1.56349126756
1.56191276824
1.56026588989
1.55878113081
1.56026689726
1.55878497003
1.55693643648
1.55694465902
0.025241337964
0.0251704537893
0.0265971628949
0.0279825057312
0.0265432692911
0.0279859063516
0.0268709831927
0.0250046009617
0.0268840672972
0.0250198187206
0.0224437045342
0.0196613260493
0.0224585174899
0.0196751790081
0.016804331328
0.0139728595015
0.0168176737334
0.0139859127262
0.0112104053799
0.0086323931463
0.0112231761731
0.00864406125817
1.57094216538
1.57086504038
1.57003061686
1.57288167992
1.57092936081
1.57085918197
1.57002337604
1.56794518268
1.56909394286
1.56781745682
1.56923562683
1.56793162084
1.56908670566
1.56781077775
1.56522897809
1.56652962466
1.5651401057
1.56658159986
1.56521962508
1.56652423991
1.56513651615
1.56223573475
1.56370390281
1.56225115413
1.56372408335
1.56223230081
1.56370201326
1.56225115081
1.55911963522
1.56046144714
1.55897561332
1.56064309026
1.55912226231
1.56046347194
1.55898000562
1.55617704333
1.55655256027
1.55484755756
1.55735698177
1.55619550082
1.55655927794
1.55486608342
1.55544545584
1.55546666941
0.0221976473872
0.0153626216674
0.0221690158334
0.0153591348473
0.0276444724853
0.0228166919017
0.0280000344183
0.0250836436295
0.0276490643927
0.0228119612707
0.0280087021285
0.0255677068821
0.0275880229674
0.026736743375
0.0271570668643
0.0255864132528
0.0276030685382
0.0267527560997
0.0199242689567
0.0239256076418
0.0209162185147
0.0229351370096
0.0199397572941
0.0239414650684
0.0209306427881
0.0137841472482
0.0173587301019
0.0140595634714
0.0168263518997
0.0137966823648
0.017371594917
0.0140710477843
0.0079007445688
0.010835622409
0.00771288532345
0.0108535810903
0.00791087041998
0.0108457395402
0.00772139806511
0.00155192952364
0.00449281379655
0.00143823456461
0.00463879233859
0.00155409469972
0.00449819648947
0.00143928430708
1.56943340058
1.5692708744
1.56930103811
1.56966180083
1.56942597278
1.56926671149
1.56929398315
1.51456194975
1.14411201627
1.5509782605
1.51457010995
1.14412190082
0.930670440704
0.336665376677
0.930670810178
0.336627214812
0.00823372901792
0.128506291356
0.0118349461542
0.00822008767949
0.128447074853
0.0118342859573
0.00143253927617
0.00466156427948
0.00133296801978
0.00505159123017
0.00143313618486
0.00466409191296
0.00133352380353
1.56930098182
1.56966637584
1.56943327373
1.56926665414
1.5692939393
1.56966162764
1.56942586701
1.14411192593
1.55096245808
1.51457006474
1.14412185026
1.55097825958
0.33666528694
0.930670685847
0.336627139963
0.011834962402
0.00823366166091
0.128446995216
0.0118342802944
0.00822009494954
0.00133296479677
0.00504888492657
0.00143248615239
0.00466411852219
0.00133350580006
0.00505156504482
0.00143310594488
1.57003034207
1.57288989884
1.57094177012
1.57085886156
1.57002313702
1.57288126969
1.57092901874
1.56781736703
1.56924709197
1.56794503487
1.56908658534
1.56781072433
1.56923540071
1.56793149863
1.56514017135
1.56659364494
1.56522909973
1.56652422868
1.56513657168
1.56658159363
1.56521973563
1.56225132732
1.56373078591
1.56223602231
1.56370213547
1.56225130091
1.56372429557
1.56223253604
1.55897581447
1.56064383793
1.55911993522
1.56046364459
1.5589801941
1.5606434049
1.55912256174
1.55484756836
1.55735032239
1.55617719563
1.55655945582
1.55486616343
1.55735721952
1.55619566416
1.55546671544
0.0153623752765
0.0221972602313
0.0153590281729
0.0221686957934
0.0279997817527
0.0251026162944
0.0276440440686
0.0228118433614
0.0280085622562
0.0250833791052
0.0276486995601
0.026736483722
0.0271404943998
0.0255672600969
0.0276028377038
0.0267525315166
0.0271567066743
0.025586040875
0.0209159467194
0.0229170496202
0.0199238461064
0.0239411569614
0.0209303881734
0.0229347066086
0.0199393841946
0.0140593225843
0.0168122349408
0.0137838102038
0.0173713018773
0.014070811942
0.0168260303385
0.0137963752297
0.0077127826894
0.010841667643
0.00790055564451
0.0108455408806
0.00772130729682
0.0108533587981
0.00791067572198
0.00143821508162
0.00463091045135
0.00155189020192
0.00449814793212
0.00143922900711
0.00463867853935
0.00155403442464
1.59169745842
1.57900719679
1.59158198271
1.57871149077
1.57548980125
1.57882240426
1.57537542183
1.56785346726
1.56901120181
1.56783944802
1.56505193766
1.56644118395
1.56504146217
1.56191615282
1.56349153004
1.56191306789
1.5587814663
1.56026719094
1.55878532314
1.55694502536
0.0252408194472
0.0251702592995
0.0279818985232
0.0265430562743
0.0279854253288
0.0250040599637
0.0268835891857
0.0250193732949
0.019660884912
0.0224580684553
0.0196747904926
0.0139725401288
0.0168173015395
0.0139856712186
0.00863218420425
0.011222881979
0.00864383205931
0.0044278002955
0.00396429074576
0.0075738231019
0.00525302559472
0.00443037262327
0.00395711440944
0.0075747661117
1.56920331
1.56790861801
1.56964312636
1.56804245168
1.56644854307
1.56500663795
1.56646608325
1.56494770535
1.56342827608
1.56181676241
1.56332752848
1.56166570989
1.56014334391
1.55862790976
1.55995768117
1.55839001138
1.55684143297
1.5566079649
0.0252096377358
0.0253165424425
0.0265304640901
0.0278023810871
0.0263660689888
0.0273531103526
0.0267066233202
0.0248650615275
0.0263048553322
0.0245370417022
0.0223582990636
0.0196191566644
0.0221501635393
0.0195054819618
0.0167959365885
0.0139824444039
0.0167503809506
0.0139702688788
0.0112236641626
0.0086358960734
0.0112215788702
0.00862701436089
1.57121534051
1.57132431713
1.5702818656
1.57456152056
1.57184529531
1.57246705797
1.57085445798
1.56798575798
1.56920604375
1.56784915624
1.56969560038
1.56805302685
1.56944294438
1.56786758099
1.56518001822
1.56652645726
1.56510118957
1.56656376966
1.56508201932
1.56647089372
1.56498232046
1.5621147692
1.5636232747
1.56212259601
1.56351739321
1.56191277777
1.56345991137
1.5618708235
1.55892879279
1.56028412073
1.55875628951
1.56024979685
1.5586168778
1.55997145121
1.55828651321
1.55606600898
1.55627358898
1.55466873875
1.55685159768
1.55551207431
1.5558516093
1.55378237398
1.55526308171
1.55416204817
0.0224140933423
0.0158695424717
0.0229605793282
0.017087205348
0.027554600717
0.0230540943544
0.0280651376633
0.0253313132227
0.0272041723309
0.0236743765937
0.0279483796281
0.0253917727177
0.0275155004093
0.0265552587373
0.0265734604181
0.0249516759119
0.0273075846607
0.0261406542068
0.0198366169769
0.0237232169722
0.0207315172157
0.0224532422019
0.0196340252716
0.0233281391488
0.0203844453497
0.0137948497045
0.0172448969937
0.014010002087
0.0167058192839
0.0137983571285
0.0170614873025
0.0139439694441
0.00793441163245
0.0108495579963
0.00775154748878
0.010936125726
0.0080317343894
0.0108949091043
0.00786721034319
0.00157047542285
0.00453088324586
0.00146083955807
0.00481580448259
0.00163954143316
0.00473535324255
0.00155076232352
1.56969038083
1.56971565813
1.56954206841
1.57118408391
1.57005333875
1.57072801592
1.56980351923
1.51412963843
1.14475153391
1.54914862051
1.5130590571
1.1492289617
0.931658202775
0.338025450453
0.9384394423
0.348922114222
0.00888813889868
0.129596476989
0.0129809018542
0.0099028402659
0.140259184394
0.0150534994186
0.0014369130826
0.00451375087824
0.00134468437845
0.00544352698395
0.00158329470801
0.00524162158064
0.00152090730444
1.56954201981
1.57012105806
1.56969026919
1.57072795597
1.56980346748
1.5711839169
1.57005323648
1.14475141077
1.55068505712
1.51305903452
1.14922879855
1.54914856856
0.338025380656
0.938439422803
0.348922068473
0.0129809632949
0.00888812305246
0.140259107014
0.0150535087968
0.00990287325058
0.00134466218342
0.00488777288906
0.00143688204598
0.0052415952349
0.00152090360093
0.00544348754775
0.00158327726529
1.57028165394
1.57336297367
1.57121503732
1.57246679168
1.57085425156
1.57456117469
1.57184501029
1.56784907578
1.56938906108
1.56798563231
1.5694428217
1.56786747152
1.5696953705
1.56805286972
1.56510123862
1.56658635821
1.56518012466
1.56647086073
1.56498232764
1.56656372649
1.56508208316
1.56212274433
1.56365272657
1.56211501135
1.56346002554
1.56187092771
1.5635175374
1.56191295729
1.55875646782
1.56049059797
1.55892907924
1.55997163382
1.55828667609
1.56025007855
1.55861715804
1.55466880067
1.55715227623
1.55606617068
1.55585178572
1.55378247592
1.55685184395
1.55551231943
1.55416211533
0.0158695034206
0.0224139261946
0.0170872944166
0.0229606085855
0.0280649992841
0.0251629762188
0.0275543398184
0.0236744247567
0.0279482516633
0.0253312461497
0.0272040112373
0.0265550541935
0.0269959646086
0.0253914497156
0.0273074252087
0.0261403330678
0.0265731530307
0.024951283967
0.0207312634313
0.02278072799
0.0198362949475
0.023327917288
0.0203841069509
0.0224528348324
0.0196336088454
0.0140097805767
0.0167823105887
0.0137945881137
0.0170612739565
0.0139437269916
0.0167054732696
0.0137980034382
0.00775143822637
0.0108763114561
0.00793423579974
0.0108947913375
0.00786708587493
0.0109358924812
0.00803155972478
0.00146081955826
0.00467367433312
0.00157041434333
0.00473528489813
0.00155071674795
0.00481571331458
0.00163951407621
1.5919204795
1.57972614985
1.59231828803
1.57936546584
1.57567630698
1.57901357754
1.57603987227
1.56790846202
1.56964287092
1.56804228965
1.56500677165
1.56646604173
1.56494779017
1.5618170425
1.56332772427
1.56166596785
1.55862825953
1.5599579842
1.55839033571
1.55660832234
0.0252095545606
0.0253168622962
0.0278021081966
0.0263661425534
0.0273529129559
0.0248646762907
0.0263045594022
0.0245366295682
0.0196188045926
0.0221497399336
0.0195050511397
0.013982147094
0.0167499972809
0.0139698985815
0.0086356361109
0.011221249331
0.00862673230909
0.00447816079729
0.0039860071756
0.00752762236257
0.00535504964522
0.00444173879057
0.0040223085684
0.0075401979483
1.56766469895
1.5692288272
1.56758986803
1.56975413094
1.56772309437
1.56955064438
1.56763668617
1.56466523513
1.56619046185
1.56459481403
1.56612566531
1.56459289907
1.56605511862
1.56453068941
1.56114245455
1.56295019469
1.56086005319
1.56288486058
1.56093580947
1.56275288823
1.5606388492
1.55617337457
1.55839699538
1.55429153539
1.55859874139
1.55570697527
1.55788061812
1.55370063178
-0.0277841061987
-0.012395042532
-0.0324909847249
-0.00880854731911
0.0271114716535
0.0294141571376
0.0286424471315
0.0243911550789
0.0267212891773
0.0291771285175
0.0280356411778
0.0256191341485
0.0280052969876
0.0259328876816
0.0268237529418
0.0250921400584
0.0273821688917
0.0253235449601
0.0200114901752
0.0233114141191
0.0201236373377
0.0224721198511
0.0195365038161
0.0225753534786
0.0195118674641
0.0137935865037
0.0169307817611
0.0137811453097
0.0166257957767
0.0137142719859
0.0165703456097
0.0136327573093
0.00787950759284
0.0107915362017
0.0078062594065
0.0108906593336
0.00809377811016
0.0108003901
0.00800045215603
1.56758982825
1.56938568884
1.56766462713
1.56955059072
1.56763664195
1.56975400205
1.56772298432
1.56459480413
1.56625074551
1.56466525122
1.56605509376
1.56453067649
1.56612563354
1.56459291986
1.56086007222
1.56307468473
1.56114251585
1.5627528982
1.56063885701
1.56288487659
1.56093588041
1.55429158603
1.55901465617
1.55617348368
1.5578806332
1.55370066435
1.5585988589
1.55570708389
0.746505864434
0.946980151645
0.752028061579
-0.0711063354932
0.0238110075442
0.161049322322
-0.0807614138611
0.0323724033085
0.0286424704802
0.0242972660384
0.0271114563625
0.0291771777467
0.0280356610289
0.0243912598946
0.0267213155305
0.0259328379454
0.0273445077671
0.0256189862092
0.0273820802393
0.0253234961039
0.0268236579497
0.0250920451172
0.0201235717759
0.0230974048312
0.0200113537064
0.0225752940125
0.0195118122047
0.0224719776348
0.0195364052355
0.0137810837638
0.0168900933383
0.0137934671002
0.0165702824244
0.0136327009416
0.0166256291462
0.0137141914016
0.00780624310036
0.0108474219757
0.0078794643913
0.0108003187979
0.00800045098078
0.0108905475079
0.00809373175296
1.58152999347
1.5787013753
1.59520168133
1.58517743271
1.57998737527
1.58004090623
1.59749846893
1.55626824048
1.55649699816
1.5572194365
1.55667251618
1.55622496148
1.55648830524
1.55724681013
0.0262084216921
0.0266555651559
0.0264483429429
0.0261700284951
0.0264624874972
0.0264021929683
0.0262509358788
1.58153044414
1.59520219533
1.5787018108
1.58517787359
1.57998786372
1.59749901733
1.58004133358
1.55626786875
1.55721911127
1.55649667211
1.55667212262
1.55622456415
1.55724649273
1.55648787036
1.55619268419
1.55671578502
1.55618966514
1.55668423847
0.0259386089
0.0259193827573
0.0255465144432
0.0254189385735
0.0260617651974
0.0258079043079
0.0255577392075
0.0262081772192
0.0264476941212
0.0266554131738
0.0261697113014
0.0264621999457
0.0262503487306
0.0264019337361
0.00385569374742
0.00098419185373
0.00231713123418
0.000922592075675
0.00361766602412
0.00102359774039
0.00264345857637
1.55439757681
1.55367105853
1.55173334738
1.55275390578
1.55411243421
1.55355690767
1.55190106483
1.55355954971
1.55245026678
1.55316095047
1.55127247756
1.55315531845
1.55157364151
1.55491985369
0.0208956230038
0.0211816300974
0.0220452859665
0.0173588979377
0.0224369481407
0.0172023045162
0.0210324505071
1.48940112122
1.37809603615
1.15593350822
1.4903004807
1.37954077184
0.746505918285
0.946980150848
0.752028009638
0.547656798132
0.364533654855
0.5548481961
0.00116095226808
0.00400687878369
0.0200546255035
0.0157068982072
-5.11579281214e-05
0.00526848835583
0.0198410043175
-0.0711062833251
0.0238111261523
0.1610491802
-0.0807612891562
0.0323722165439
0.00418661361521
0.0177980748176
0.0093770299881
0.0222154618999
0.00825483974496
0.0205203969474
0.00918180221073
1.48940106404
1.37809592595
1.15593324126
1.49030041696
1.37954072875
0.547656619002
0.364533790611
0.554847991761
-0.0277842011827
-0.0123950121757
-0.0324912472811
-0.00880811373568
0.00116093279611
0.0200546472193
0.00400693374384
0.0157069014192
-5.11070829121e-05
0.0198410769517
0.00526864259509
0.00418673652429
0.0177980155135
0.0222157650855
0.00937713864285
0.0205206874557
0.00825483375767
0.00918225705063
1.55439776577
1.55173351417
1.55367123431
1.55275402927
1.55411264949
1.55190123657
1.55355708595
1.55355975797
1.55245043492
1.55127261098
1.55316117362
1.55157377488
1.55315564834
1.55492000077
0.0208958080997
0.021181778199
0.0173591773031
0.0220455217175
0.0172024972974
0.0224371267758
0.0210329872662
1.55619306474
1.55671609807
1.55619005991
1.55668458215
0.0259395874548
0.0255471452434
0.0259200421337
0.025419768305
0.0260619840371
0.0255591633755
0.0258087659885
0.00385553930033
0.00231701401184
0.000984150532954
0.000922557295803
0.00361751547765
0.0026432909498
0.00102352933423
1.61448410266
1.58609657486
1.59101332354
1.59067029735
1.60307752362
1.58631709601
1.58247818559
1.57511827346
1.57839908634
1.5804140731
1.57857194429
1.57397004861
1.57428414673
1.57762849524
1.58533889506
1.59559586908
1.59801759545
1.58368699516
1.5786263909
1.58011364672
1.58210602568
1.57703613592
1.57314126285
1.57261147507
1.5753930713
1.57331788943
1.5763008242
1.57603740839
1.57209696355
1.56974173485
1.57011912762
1.57000533581
1.57195408182
1.57173867099
1.57007669109
1.56778296789
1.56864689801
1.56882312642
1.56881524653
1.56784466048
1.5678109251
1.56892955434
1.56964562501
1.57142075636
1.57065313133
1.56962760895
1.57111155404
1.5696937444
1.56922090822
1.56863611544
1.56771128497
1.5675393381
1.5688232151
1.56769753678
1.56875501163
1.56846050147
1.56688454239
1.56598539867
1.56604393249
1.56608179881
1.56699856409
1.56692388603
1.56612981905
1.56438820751
1.56520224278
1.56521247989
1.5652469205
1.56449314503
1.56441912828
1.56532474556
1.56605656467
1.56695187143
1.56682556411
1.56618758364
1.56687541632
1.56609323013
1.56601581731
1.56524468572
1.56448447699
1.56445203869
1.56541299492
1.56442072284
1.56531891437
1.56527812993
1.56352294925
1.56269982504
1.56266940351
1.56269829806
1.56364555627
1.56355030683
1.56281007737
1.56087161522
1.56178867383
1.5617572207
1.56178552807
1.56107561208
1.56090416282
1.56191677884
1.56270505895
1.56363662788
1.5636333556
1.56289110483
1.56355577677
1.56280103907
1.5627770147
1.56178644114
1.56105115347
1.56101733001
1.56197865228
1.56090495815
1.56188907519
1.56190726978
1.55991684098
1.55910185423
1.55903123836
1.55906540941
1.56013307913
1.55994869802
1.55932382228
1.5573208049
1.55811028781
1.5580926103
1.55812008448
1.55771126427
1.55733289186
1.55838655611
1.55904901298
1.56006845067
1.56009732913
1.55935001453
1.55993450284
1.55926275115
1.55920035995
1.5580791714
1.55757195037
1.55743675673
1.55836498785
1.55727411535
1.55826060222
1.55830275835
1.55656597242
1.55621717449
1.55619090496
1.55613317697
1.55691691949
1.55654767126
1.55655933388
1.55641942875
1.55614953452
1.55603118077
1.55641851415
1.55602725925
1.55672261796
1.55649757792
1.55649237459
1.55642870914
1.55643209699
1.55602390924
1.55602374208
1.55667173276
1.55661152472
1.55604814088
0.0259293798644
0.0259003998356
0.0260575240794
0.0262583524604
0.0259329753754
0.026101849477
0.0261538879235
0.0264343720676
0.0260745594802
0.0263736457272
0.0261029423692
0.0262898217529
0.0262745677886
0.0264858434882
0.0260525473656
0.0259861935906
0.0260114054228
0.0260928404387
0.0259559987917
0.0261865107436
0.0258469564288
0.0259502918971
0.0261118032545
0.0260479793716
0.0261229880638
0.0259347700588
0.0259960628991
0.0259621238531
0.0264163186851
0.02632783337
0.0267109175459
0.0264054624108
0.026497476573
0.026224371904
0.0266940692977
0.0264867966059
0.026409509455
0.0266618990098
0.0267062898288
0.0263201342846
0.0264575734029
0.0268752219527
0.0256201591752
0.0252642492086
0.0251372816754
0.0251512718988
0.0255725255446
0.0256426827964
0.0251415090938
0.0235557785603
0.0244722021711
0.0244205043992
0.0244257276503
0.0235353903235
0.0235604193116
0.0243736964414
0.0253677966224
0.0259380379476
0.026160599891
0.0255999622565
0.0258909002078
0.0254883346699
0.0255763209123
0.0245774409065
0.0237468235395
0.0237969876859
0.0246677791426
0.0236862676018
0.0246080514162
0.0247313641648
0.022500040148
0.0213443540017
0.0213584175638
0.021359849686
0.0224296115089
0.0224982512597
0.0213029364807
0.0188062043331
0.0200527646484
0.0201043997507
0.0201034329649
0.0187328058085
0.0188096920608
0.0200183194244
0.0214232679589
0.0225505230968
0.0226300430656
0.0214157449363
0.022575532535
0.0214061851357
0.0214578506438
0.0201386697259
0.0187674783548
0.018843313858
0.0200213401522
0.0188418694654
0.0200631833608
0.0201407848422
0.0174412399063
0.0160124800948
0.0160656693679
0.0160742444711
0.0173591129168
0.0174442716876
0.015999825549
0.0132321682468
0.0145895868792
0.0146458241792
0.0146535941111
0.0131816055498
0.0132451106597
0.0145801495048
0.0161010044289
0.0173676241696
0.0174547918293
0.0159978218931
0.0174662022447
0.0160082291337
0.0161006523277
0.0146741004929
0.0131797537296
0.0132925933037
0.0145331856771
0.0132734966324
0.0145736585445
0.0146747347123
0.0117908956978
0.0103284674498
0.0103539547741
0.0103705457459
0.0117476130403
0.0118042508745
0.0103210083953
0.00741455896601
0.00888575088687
0.0088910030765
0.00890113976333
0.00737977965782
0.00740985492926
0.00886465081302
0.0104122796513
0.0117458730757
0.0118758537702
0.0103649596241
0.0118368309175
0.0103214974265
0.0104756348054
0.00894797519746
0.00731613435642
0.00756037900718
0.00890932767523
0.00745627096527
0.00885334490338
0.00906518116005
0.00588981524644
0.00439237185028
0.00430137901641
0.00416391621233
0.00588616193103
0.00584810475321
0.00424759871884
0.000866101748801
0.00275468503081
0.000861491204485
0.00260674579053
0.000839388029013
0.00246710137726
0.00252485762192
0.00417669538874
0.00576963111805
0.00600536441704
0.00408718695453
0.00586719565449
0.00415620949174
0.00418532930699
0.000857201918324
0.000849440922395
0.000851582112536
0.00247511478937
0.00243094707004
0.0024940174338
0.00246162321564
1.55651268724
1.55489419451
1.55562765778
1.55461956831
1.55490388619
1.55579775942
1.5550602666
1.55309971862
1.55121816583
1.55486072465
1.55350867674
1.55239066423
1.5530954117
1.55151979951
1.55434487376
1.55269487964
1.5536126383
1.55167915489
1.55349623437
1.55184543333
1.55406318789
1.55086722773
1.55130569541
1.55071887093
0.0252265880305
0.0240962323124
0.0238494484754
0.0239969555833
0.0253821375042
0.0254640771717
0.0244476527533
0.0221845683832
0.0175354583961
0.0212338159704
0.0210258499142
0.0203876844673
0.0225347416059
0.0167630482479
0.0236919277549
0.0252200163943
0.0247077347449
0.0236970668232
0.0253543234409
0.0241325078245
0.0228156198456
0.0202221874888
0.018909688956
0.0206737676754
0.0151052985634
0.0214091889871
0.0158941555953
0.0190422766756
1.38707304489
1.49029710022
1.48265819148
1.16048688508
1.37739494903
1.54660202491
1.5473236646
1.5471282295
1.53829359063
1.54593944571
1.53771668462
1.54878284984
1.48936919141
1.1559141519
1.37806159443
1.37950904671
1.49026769974
0.762426368763
0.952331678877
0.757542434924
0.568184081947
0.374258023092
0.562395998714
0.947006794988
0.746557994605
0.752107526149
0.364704899993
0.547750395359
0.554983523986
0.0102301732829
0.0228032990708
0.0109823018252
0.00728502030254
0.0174126904681
0.00915239967375
0.0211729741069
0.0515369256616
-0.0302377247066
-0.0469537719634
0.178313455043
0.0490763002356
-0.0230453078884
-0.0132404267365
-0.00920369537538
-0.0275593354282
-0.0698168157652
0.161254788288
0.0236848153776
0.032316244947
-0.0793850157571
1.38707300892
1.49029703892
1.48265813589
1.16048685217
1.37739491758
1.53365529247
1.54129693336
1.53364285227
1.54369590259
1.54513126859
1.53598895045
1.54368169152
1.4893691404
1.15591408437
1.37806151796
1.37950898091
1.49026761953
1.54660204281
1.54732369183
1.53829363558
1.54712825743
1.53771672946
1.54593940876
1.54878287306
0.568184007757
0.374257956549
0.562396006375
0.947006741553
0.746557980883
0.752107441837
0.364704799804
0.547750368897
0.554983503758
-0.000236555041662
-0.00957064811669
-0.0160841581186
-0.00259855109238
0.0228031657991
0.0102296926331
0.0109820588233
0.00728480035267
0.0174123451612
0.0211728498998
0.00915186115844
-0.0698168695324
0.161254742315
0.023684753029
0.0323162887881
-0.0793852257488
-0.0230454497032
-0.0132406995853
-0.00920387373523
-0.0275597725215
1.55121835515
1.55309977706
1.55486094864
1.55350891684
1.55239076602
1.55151996975
1.55309551052
1.55489434602
1.55651293845
1.55562790595
1.55461974643
1.55490404505
1.55506038048
1.55579796771
1.55434500162
1.55269499665
1.55167932832
1.55361276751
1.55184560675
1.55349627498
1.5540633324
0.0175349217997
0.0221841434574
0.0212331551381
0.0210253237193
0.0203872484307
0.016762277065
0.022534300555
0.024095828862
0.0252264286132
0.0238490654326
0.0239966474627
0.0253819859924
0.0244473063624
0.0254639904223
0.0202216396151
0.018909298892
0.015104928287
0.0206734355754
0.0158937069159
0.0214087813025
0.0190418574288
0.0236914929306
0.0252197611433
0.0236967854838
0.0247074652184
0.024132122552
0.0253540364643
0.0228152809625
1.57839823589
1.57511746576
1.58041310868
1.57857097776
1.57396932255
1.5776276504
1.57428330931
1.58533793017
1.59559485909
1.59801647583
1.58368595311
1.57862552065
1.58011269788
1.58210499754
1.5770351644
1.57314052837
1.57539225824
1.5726107042
1.57629997884
1.57331701968
1.57603646289
1.56864655825
1.56778275635
1.56882274414
1.56881489416
1.56784446945
1.5689292172
1.56781070664
1.56964512943
1.57142017116
1.56962716035
1.57065250694
1.56969329367
1.57111089841
1.56922044995
1.56863578964
1.56771109828
1.56882295451
1.56753917656
1.56875472213
1.56769734638
1.56846024095
1.56520238002
1.56438848713
1.56521263226
1.56524707353
1.56449337771
1.56532489509
1.56441942106
1.56605660999
1.56695184023
1.56618761755
1.56682555065
1.56609328021
1.56687535464
1.56601585225
1.5652448472
1.56448467425
1.56541313977
1.56445229342
1.56531906595
1.56442095495
1.56527830995
1.561789065
1.56087214376
1.56175766165
1.56178595669
1.56107604213
1.56191719749
1.5609047058
1.56270542388
1.563636923
1.56289145264
1.56363370843
1.56280142779
1.56355610347
1.56277739663
1.56178688416
1.56105155345
1.56197906063
1.56101778204
1.56188952606
1.56090544685
1.56190774064
1.55811069702
1.55732119326
1.55809300515
1.55812055525
1.55771167137
1.55838699779
1.55733331591
1.55904950198
1.56006887171
1.55935043115
1.56009781868
1.55926322349
1.55993499796
1.55920083047
1.55807960908
1.55757230333
1.55836540808
1.5574371858
1.55826099321
1.55727447885
1.55830321845
1.55641977373
1.55614996146
1.55603159658
1.5564188312
1.55602764176
1.55672303656
1.55649268374
1.55649798124
1.5564324448
1.55642905689
1.55602424735
1.55602409066
1.55667199564
1.55661183875
1.5560483595
0.0259005368788
0.0259294897653
0.0260576802862
0.0262583793738
0.0259329766614
0.0261539782838
0.0261018418044
0.0264343458351
0.0260744627643
0.0261026528066
0.0263733572685
0.0262744371245
0.0262898282109
0.0264855725982
0.0261115855823
0.0259501990129
0.0260477781634
0.0261227333
0.0259345558633
0.0259618797657
0.0259958382774
0.0264160222801
0.0263276549401
0.0264050938368
0.0267105372888
0.0262240519765
0.0264972024775
0.0266936564225
0.0264863035267
0.0264090852952
0.0267057967456
0.0266613669641
0.0264570969962
0.0263195697469
0.0268746722786
0.0244717838771
0.0235555283188
0.0244200117644
0.0244251955981
0.0235350427532
0.0243732450779
0.0235599803545
0.0253672564107
0.0259376906948
0.02559957863
0.0261601144253
0.0254879083657
0.0258903456601
0.0255758248843
0.0245767608588
0.0237461785461
0.0246671760951
0.02379647244
0.0246073871522
0.0236855099785
0.0247307629487
0.0200523009874
0.0188057672284
0.0201037677595
0.0201027745275
0.0187322985209
0.020017706864
0.0188091206743
0.0214225384826
0.0225498297446
0.0214151929459
0.0226295054421
0.0214055505223
0.0225747229036
0.0214572216246
0.0201378798744
0.0187668913476
0.0200207379184
0.0188429809561
0.0200625344683
0.018841190008
0.0201401535888
0.0145891371295
0.0132318409243
0.0146452468897
0.0146530323158
0.0131811993944
0.0145796355806
0.0132447534953
0.0161004091532
0.0173670389243
0.0159974229153
0.0174544476151
0.0160077253315
0.0174655648874
0.0161002439352
0.0146735583984
0.013179373334
0.0145327871289
0.0132923759005
0.014573230356
0.0132731177621
0.0146743448802
0.0088856444762
0.00741447315
0.008890842863
0.00890100064931
0.007379593437
0.00886444486482
0.00740972678524
0.0104120615264
0.0117455788939
0.0103647373411
0.0118756729088
0.0103212640589
0.0118365231794
0.0104754263393
0.00894773814602
0.00731597236994
0.00890912240508
0.00756028653498
0.00885312181904
0.00745604167106
0.00906496976896
0.00275474915855
0.000866107770228
0.000861496007246
0.00260678865274
0.000839410391764
0.00246714111804
0.00252485033888
0.00417666066461
0.00576957706046
0.0040872233741
0.00600532414389
0.00415614722731
0.00586709579115
0.00418531234524
0.000857221916299
0.000849472947799
0.000851625806535
0.00247513074295
0.00243094266735
0.00249399240894
0.00246164656389
1.59400130144
1.58035694833
1.59298495845
1.57998876127
1.57751152385
1.58083320263
1.57665450235
1.57439079592
1.57059685459
1.57460587625
1.572194822
1.57499312167
1.56996553453
1.57398723008
1.57974740198
1.59194031983
1.59234263849
1.57941860367
1.57571197596
1.57609408347
1.57904942008
1.57394546677
1.57189215765
1.56936673619
1.57324385322
1.56964566596
1.57356348143
1.57363905985
0.00438790250833
0.00718050498838
0.00405292108722
0.00531081020548
0.00436989447633
0.00731660169894
0.00400634750007
0.000862816947649
0.000819136796962
0.00085795526717
0.00250797287077
0.00241259710709
0.00250833881272
0.00238303487906
0.00441750243464
0.00532050620136
0.00749198427857
0.00396318091115
0.00748785878079
0.00398045544018
0.00441371272469
0.000805123875007
0.000844494493025
0.000850984069018
0.00250920168589
0.0023519127606
0.00236174447748
0.00250257298232
1.57439003431
1.5746051414
1.57059616915
1.57219424265
1.57499229976
1.57398656305
1.56996492408
1.57974666585
1.59193953335
1.59234179322
1.57941780656
1.57571130568
1.57609339007
1.57904867555
1.57394481232
1.57189164443
1.5732432595
1.56936623888
1.57356289347
1.56964516478
1.57363844916
0.000862832184619
0.000819137293749
0.000857958916253
0.00250798448333
0.00241265259875
0.00250833493862
0.00238309013403
0.00441741293532
0.00532043694785
0.00396310993354
0.00749183680718
0.00398038082073
0.00748773175388
0.00441363281556
0.000805129085544
0.00084449403054
0.000850989426024
0.00250920497544
0.00235185329243
0.00236169799972
0.00250250213021
1.59169824788
1.57900783729
1.59158266816
1.5787121104
1.57549045468
1.57882311098
1.57537601852
1.57335506508
1.56922867415
1.57306881252
1.57138592823
1.57345113914
1.56913945063
1.57296842993
1.57900595808
1.59168275155
1.59157776876
1.57870481622
1.57546590581
1.57536969654
1.57879964877
1.57334662818
1.5713798825
1.56920715587
1.57304018103
1.56913235869
1.57296144582
1.57342518057
0.00442803254017
0.00757398084279
0.00396439866606
0.00525316976147
0.00443065446649
0.00757503890266
0.00395736062363
0.000841618717178
0.000793398874044
0.000838238989907
0.0025008486697
0.00234908306008
0.00250423639405
0.00234431093615
0.0044323236562
0.00525860262155
0.0075892416741
0.00397642505093
0.00758282074317
0.00396101717938
0.00444324987928
0.000793509524087
0.000842493842746
0.000838362253857
0.00250328536991
0.00235735281804
0.00234632291708
0.00251293729304
1.57335449681
1.5730682778
1.5692282152
1.57138548253
1.57345052891
1.57296789912
1.56913895611
1.57900538912
1.59168214109
1.59157715486
1.57870422426
1.57546539165
1.57536914353
1.5787990878
1.57334609847
1.57137945871
1.57303971268
1.56920674562
1.57296095666
1.56913190426
1.57342465283
0.000841570030705
0.000793337287923
0.00083818936673
0.00250064067903
0.00234897642798
0.00250402671832
0.00234413502574
0.0044319940474
0.0052583263668
0.00397623382352
0.00758895405973
0.00396069265723
0.00758244062628
0.00444297683169
0.000793438054319
0.000842442184346
0.000838266664554
0.00250301743978
0.00235715616393
0.00234610143186
0.00251269273361
1.59192111092
1.57972664387
1.59231889029
1.57936602701
1.57567682676
1.57901417834
1.57604038468
1.57390222675
1.56933894636
1.57320287785
1.57187250215
1.57360229905
1.56965500621
1.57350114501
1.5803465038
1.59398302042
1.57743058728
1.59296138469
1.58069734611
1.57991783117
1.57661019839
1.57111084325
1.57429873447
1.57536800052
1.57437819083
1.57222250892
1.57008212132
1.57393864365
0.00447840464162
0.0075278892416
0.00398618983778
0.00535522413462
0.00444209152456
0.00754047791582
0.0040225175587
0.000847654856681
0.000813329642747
0.000861275955018
0.002559528667
0.00236755572048
0.00252371291656
0.0023942647304
0.0073827410829
0.0042901858643
0.00461474242077
0.00453385164432
0.00538616817796
0.00742054165016
0.00407805294616
0.000838937158897
0.000909562754529
0.00253493546656
0.000888773465973
0.00274483050661
0.00263055962701
0.00244855868629
1.57390171005
1.5732024473
1.56933856692
1.57187216348
1.57360176847
1.57350070877
1.56965460202
1.5803460178
1.57743015463
1.59398247642
1.59296081011
1.58069684905
1.57991727818
1.57660973494
1.57429837673
1.57111048116
1.57536757829
1.57437772175
1.57222214685
1.5739382379
1.57008174209
0.000847568451251
0.000813285168382
0.000861215470981
0.00255932843179
0.00236740724389
0.00252349978151
0.00239411072214
0.00428997675519
0.00738254990683
0.00461458849345
0.00453364328748
0.00538596883384
0.00407793146085
0.00742030435439
0.000838932071673
0.00253483769588
0.000909523135261
0.000888723736301
0.00274471061305
0.00263043059645
0.0024484491431
1.58517967299
1.58141728437
1.59498089879
1.57995060322
1.58270549908
1.5786375838
1.57953528404
1.58027193214
1.59341088054
1.58130268319
1.57760113328
1.57740450747
1.57667260859
1.57838910899
0.000922870520563
0.00387688335831
0.00100813960269
0.00264691112759
0.000883361888988
0.00228828875685
0.00386707691345
0.000826475436615
0.00103514907085
0.00087209895079
0.00230114435057
0.00410343947066
0.00209802958974
0.00416053876949
1.57962188415
1.59126404448
1.57921389968
1.57567520826
1.57685456836
1.57608955974
1.57643183876
1.57887005451
1.59102271198
1.5789848568
1.57545939833
1.57611640547
1.57533697168
1.57623832843
0.000812676597434
0.000986459424898
0.000785029200363
0.0019775250603
0.0042631500804
0.00208967064657
0.00422393065335
0.000758573840337
0.000977822285557
0.000765346055532
0.00195068149062
0.0042571205941
0.00192024912102
0.00426950271421
1.57886997379
1.59102264352
1.57898478948
1.57545932431
1.57611634658
1.57533691421
1.57623826554
1.57962169773
1.59126392943
1.57921371115
1.57567500871
1.57685440872
1.576089359
1.57643167524
0.000758581992279
0.000977895292171
0.000765391010605
0.00195075843329
0.00425716664824
0.00192034471135
0.0042696530943
0.000812725386498
0.000986448553327
0.000785082331191
0.00197756737913
0.00426315498266
0.00208970424303
0.00422396807199
1.58027162347
1.59341058292
1.58130235188
1.57760079504
1.57740421365
1.57667229152
1.57838877623
1.58517929045
1.59498051101
1.58141687925
1.58270512122
1.57995022946
1.57863720433
1.57953491334
0.000826480987833
0.00103512484186
0.000872100778456
0.00230111822965
0.00410338524722
0.00209800110744
0.00416053396897
0.00092286600053
0.00100810623048
0.00387685262615
0.000883336873914
0.00264684820138
0.002288294793
0.00386704798848
1.58151000272
1.59505593556
1.58525753289
1.57962636766
1.58003358181
1.58277722093
1.57872793563
1.5913066741
1.57690502477
1.57966968957
1.57647189743
1.57925153922
1.57572505454
1.57615130788
1.59105962344
1.57614718926
1.57889950202
1.57627365943
1.57901852117
1.57550388615
1.57537649114
1.59348064253
1.57746211249
1.58032611071
1.57846110675
1.58137335566
1.57768675601
1.57674282442
-0.0159927473549
-0.0309955464182
-0.0336047077968
-0.0183002360333
0.741923419283
0.935444889619
0.738211333291
0.0161976397977
-0.0872129139361
-0.0912349984285
0.135171451988
0.0115507530671
1.55654668385
1.55731125881
1.55624882193
1.55634949495
1.55658937969
1.55660694617
1.55750394888
0.0267861818734
0.0267899001331
0.0266777042633
0.0268363372385
0.0265705626246
0.0270002788539
0.0268924048768
-0.0367080225043
-0.0207279078915
-0.0363768244147
-0.0210469473717
0.732270095905
0.930182249085
0.731672659115
-0.0958106457552
0.00611373371626
0.127928105892
-0.095427007563
0.00560377893697
1.55673540185
1.55692419337
1.55795514675
1.55697192101
1.55669456148
1.55696033539
1.55800162412
0.0271052282281
0.0272090979084
0.0269967289649
0.0265864080777
0.0270905147606
0.027218195167
0.0269901759601
-0.0349627428333
-0.0203674099117
-0.0360014216499
-0.0193648592602
0.733477056319
0.933243634799
0.735423569118
-0.093484846551
0.00690122549525
0.131693726659
-0.0949575722089
0.00877375841858
1.55653264052
1.55684393687
1.55785509539
1.55677171563
1.5566167979
1.55677148384
1.5577493193
0.0269105579597
0.0271443745284
0.0268935840198
0.026482455834
0.0270084398155
0.0270649213601
0.0268168699509
1.59348135913
1.57746267668
1.5803266845
1.57846175418
1.58137400985
1.57768736121
1.57674338097
0.00377198657014
0.000993376802058
0.000879956348715
0.0037872762194
0.00254065515175
0.000861399656661
0.00222230094673
0.00102699406021
0.00406011159675
0.000819540213394
0.00410970905457
0.000860842312828
0.00226599007661
0.00207067364894
1.59105975783
1.57614726272
1.57889956944
1.57627377664
1.57901863985
1.57550400023
1.57537656316
0.000981328995348
0.00423470465593
0.000808600781456
0.00419858643546
0.00078122611693
0.00196273209874
0.00207409438828
0.000973416948372
0.00423907893466
0.000755062063448
0.00425045439352
0.000761720975036
0.0019393401604
0.00190911941817
1.59130640512
1.57690467482
1.57966932403
1.57647163721
1.57925127621
1.57572477526
1.57615096627
0.000973415964334
0.00423907030071
0.00075503538118
0.00425046076093
0.000761759468893
0.00193934033365
0.00190910302101
0.000981332220056
0.00423462815429
0.000808604175253
0.00419850267563
0.000781153004075
0.00196267234908
0.00207404178448
1.59505509661
1.58150914996
1.58525664116
1.57962560548
1.58277642599
1.58003277927
1.57872719274
0.00102695179864
0.00406005370667
0.000819443351436
0.00410963089163
0.000860805841239
0.00226592498916
0.00207065395054
0.00099331696166
0.00377195619998
0.0008799560673
0.00378711396765
0.000861364197959
0.00254060916055
0.00222226648902
1.55731092135
1.55654641324
1.55624853606
1.55634921444
1.5565890189
1.55750360208
1.55660667346
1.55649926687
1.556748834
1.55783460483
1.55682347336
1.55771855542
1.55673987501
1.55659593252
0.0263022539145
0.0257385341338
0.0264470475037
0.0264385202196
0.0255101280099
0.026299903988
0.0255999648586
0.0263708530687
0.0253800612611
0.0262355525589
0.025337770229
0.026257771225
0.0254168265273
0.0263269546579
0.0267904529443
0.0267866504204
0.0266783588022
0.0268369777008
0.0265710939548
0.026893035822
0.0270008140076
0.0269510756697
0.0265935286335
0.0269959391354
0.0271864974922
0.026949218443
0.0271046995535
0.0270505927407
1.3785210717
1.49240255754
1.49320076764
1.14716320181
1.37827684885
1.49392229624
1.14576771591
1.37823398397
1.37837736102
1.4942090593
0.741923500482
0.935444907378
0.738211304046
0.541847475275
0.343993034615
0.537336183737
0.933243856673
0.733496929293
0.735451622052
0.34046916423
0.531834613176
0.534077926797
0.0161975531086
-0.0872127798126
-0.0912348660085
0.135171305748
0.0115507486303
-0.0347368993723
-0.0203327442216
-0.0192380464743
-0.035928711017
-0.0932789014317
0.131862628786
0.00698556990813
0.0089187981403
-0.0948497562089
1.37852105431
1.49240252211
1.49320071267
1.1471631448
1.37827683967
1.4939221898
1.14576764775
1.37823391451
1.37837730694
1.49420889862
0.541847358922
0.343992939291
0.537336265481
0.933243776367
0.733496968443
0.735451564433
0.340469158919
0.531834540523
0.534077875817
-0.0159931241103
-0.0309957279349
-0.0336048374514
-0.0183004599743
-0.0932789471279
0.13186265495
0.00698551696892
0.00891880085864
-0.0948498467841
-0.0347370365234
-0.0203328544916
-0.0192379994046
-0.0359287195329
1.55649953069
1.5567492336
1.55682377436
1.55783497467
1.55674011819
1.55771891043
1.55659623154
0.0257381526524
0.0263017386516
0.0264466111828
0.026437886407
0.0255096099837
0.0255993845747
0.0262991726507
0.0263700766717
0.0253795844823
0.0253371851351
0.0262350207427
0.0254161557152
0.0262569777153
0.0263261072743
0.026950364267
0.0265930624347
0.0271859674661
0.0269954075662
0.0271041124306
0.0269486024617
0.0270499061856
1.55673513068
1.55795467369
1.55692385133
1.55697151372
1.55669423067
1.55800125322
1.5569600626
1.55673897863
1.55697435992
1.55796308831
1.55693698377
1.55800523391
1.55696360143
1.55670588037
0.0262166879639
0.0261856133818
0.025222503644
0.0252072350992
0.0262591105431
0.0261530910903
0.0251776985931
0.0261827823293
0.0251826258598
0.0260965818691
0.0251436127271
0.0261233907965
0.0251501300888
0.0261578244952
0.0271058508843
0.0269975048751
0.0272097155443
0.0265871102311
0.0270913044772
0.0269908649396
0.0272187791498
0.0270961943986
0.0265680367361
0.0269341815439
0.0271803572071
0.026969432925
0.0272087998621
0.0270618494669
1.49449832152
1.3782254248
1.14379144812
1.49444031399
1.37816088252
1.49450290404
1.14379502474
1.37823724664
1.37816530182
1.49445246876
0.732270117835
0.93018224836
0.731672620248
0.530446707311
0.335981620785
0.529778689187
0.930182439547
0.732258615683
0.731669011717
0.335969122811
0.530420129892
0.529770107666
-0.0958105840229
0.00611375017567
0.127928063327
-0.0954271013712
0.00560370815691
-0.0367201540955
-0.0207483834043
-0.0210579338079
-0.0364071193588
-0.0958305882921
0.12790805905
0.00607765722097
0.00558912715493
-0.0954692682528
1.49449814788
1.3782253665
1.14379133672
1.49444007384
1.37816074732
1.49450263837
1.14379493858
1.37823716599
1.37816520534
1.4944522868
0.530446703671
0.335981583194
0.529778786943
0.9301823913
0.732258542566
0.73166895346
0.335969109366
0.530420106305
0.529770173656
-0.0367081553891
-0.0207279198956
-0.0363767848906
-0.0210469854591
-0.0958305698981
0.12790803141
0.00607769663277
0.00558906065544
-0.0954690856297
-0.0367202019716
-0.0207485054196
-0.0210578604869
-0.0364070790304
1.55673922616
1.5569747768
1.55693726797
1.55796347351
1.556963875
1.55800556381
1.55670617101
0.0262160918959
0.0252219862837
0.026185009974
0.0252067171952
0.0262584606875
0.0251771423225
0.0261524230698
0.0261822980485
0.025182270169
0.0251433649343
0.0260964369043
0.025149603245
0.0261227765326
0.026157561233
0.0270955995203
0.0265676671076
0.0271800494786
0.0269338853208
0.0272082817171
0.0269688268045
0.0270613361694
1.55653234395
1.5578546101
1.55684355753
1.55677128184
1.55661650176
1.55774893527
1.55677116988
1.55747305962
1.55658756955
1.55633909617
1.55640398155
1.55662974434
1.55756274439
1.55664806083
0.02613922316
0.0260870091292
0.0252028175311
0.025213664475
0.0261576004501
0.0260540506017
0.0252289564324
0.0259748116623
0.0254094488933
0.0261039911233
0.0261516552561
0.0253037922315
0.0260438413943
0.0253620052099
0.0269108372188
0.0268938843447
0.0271446421362
0.0264826227059
0.0270087289958
0.026816995196
0.0270650356357
0.0265912160826
0.0268129268985
0.0266085962707
0.0267962596606
0.0264434686351
0.0267323654721
0.026964847042
1.49394868641
1.37825428798
1.14579001756
1.49422955669
1.37840380248
1.37855503705
1.49243489555
1.49323130712
1.14719022316
1.37830846072
0.73347697979
0.933243613934
0.735423565831
0.531788261485
0.340369023263
0.534012930886
0.741881898603
0.935444020343
0.738176314477
0.54175906082
0.343867489053
0.537256168494
-0.0934848841994
0.00690117394308
0.131693718419
-0.094957753525
0.00877375427155
-0.0162753813873
-0.0324955684751
-0.0341092737616
-0.0186090093423
0.0158804304069
-0.088013271788
-0.0915858336062
0.134950072028
0.0113321338238
1.49394855757
1.37825423518
1.14578988955
1.49422942351
1.37840375889
1.37855495443
1.49243490792
1.49323120242
1.14719014425
1.37830846821
0.531788227101
0.340368929733
0.534012931943
0.74188178501
0.935444022058
0.738176281157
0.541758988366
0.343867419987
0.537256207853
-0.0349626526434
-0.0203671983113
-0.0360014086867
-0.0193648098766
0.0158803165611
-0.0880132129658
-0.0915858769317
0.134950112911
0.0113319568421
-0.0162754418848
-0.0324954860746
-0.0341093164178
-0.0186090590848
1.55658789869
1.55747344911
1.55633943763
1.55640431947
1.55663012248
1.55664840396
1.55756310407
0.0261392589053
0.0252028601358
0.0260869666988
0.0252136596066
0.0261577223561
0.0252289807497
0.0260540499425
0.0254095724096
0.0259752396368
0.0261041314848
0.0261517804511
0.0253038516945
0.025361991245
0.0260439444475
0.0268129187063
0.026591586777
0.0266086602583
0.0267961656302
0.0264433822149
0.026964736248
0.0267323092182
1.55060304649
1.55029667773
1.54033601296
1.55527580176
1.55138931166
1.55050586722
1.54110281307
1.54855595291
1.5394785571
1.55020368216
1.55118937259
1.54970291157
1.54935633501
1.54009065443
1.54033604219
1.55492284539
1.55060307793
1.55050591968
1.54110282738
1.55527588622
1.55138935868
1.55205554831
1.55456976987
1.55241596798
1.55187069221
1.55096045355
1.54155215215
1.55574484042
1.55187904748
1.55096548059
1.54155928978
1.55260686826
1.55066298694
1.54132256481
1.55107419143
1.55249139256
1.55077611268
1.54142692627
1.54155215182
1.55573959738
1.55187071873
1.55096551234
1.54155930228
1.55574491223
1.5518791102
1.55319735871
1.55553333967
1.55328413344
1.55141505919
1.55052222896
1.54112548949
1.55494828149
1.55064115228
1.55032066616
1.54036928219
1.55185485098
1.55039551234
1.54105500773
1.55034590779
1.55224295439
1.55003677925
1.54072170872
1.54112549558
1.55529281919
1.55141512476
1.55032072029
1.54036929717
1.55494837733
1.55064120773
1.55303370536
1.55502286453
1.55281239098
1.54664445071
1.5471764152
1.53833893096
1.54737452504
1.54882542328
1.54598814316
1.53776225957
1.55155509868
1.55267539979
1.55124641263
1.5551000001
1.55626718496
1.55567359865
1.55517158379
1.55486424832
1.55633984444
1.55557584687
1.5515549954
1.55267530866
1.55124635653
1.54664444857
1.53833896761
1.54717641843
1.547374577
1.5488253834
1.53776228919
1.54598815028
1.55510029577
1.55567382106
1.55626751371
1.55517190583
1.55486455128
1.55557602801
1.55634026426
1.55503706601
1.55510796283
1.55621000548
1.55560511075
1.55627367494
1.55550363452
1.55480587864
1.55260894768
1.55149448303
1.55118434479
1.55503729185
1.55510813927
1.55560520753
1.55621026191
1.55550371441
1.55627393223
1.55480614327
1.55260892821
1.55149439752
1.55118430456
1.55684824518
1.55621888729
1.55633669523
1.55695303182
1.55648102056
1.55721318496
1.55710697498
1.55658679444
1.55657816967
1.55596579459
1.55517393128
1.55528035369
1.55563866781
1.55672276159
1.55614128334
1.5540692013
1.55223690449
1.55469467531
1.55483540745
1.55408672569
1.55431530757
1.55238634712
1.55554002452
1.55587960776
1.55711924048
1.55652501544
1.55697104738
1.5563815899
1.55568760533
1.5552316047
1.55442484306
1.55481515447
1.55293780973
1.55462690855
1.5527686605
1.55541045058
1.55205558017
1.55456975869
1.55241593855
1.55497682584
1.55300019564
1.55276842328
1.55182336131
1.55031101949
1.55036855126
1.54103109077
1.55000121587
1.54069035406
1.55221926938
1.53947858619
1.54855597154
1.55020370409
1.55118941183
1.54970291895
1.54009071012
1.54935641037
1.55182337916
1.55031104869
1.54103108524
1.55036857858
1.54069035853
1.55000129008
1.55221926433
1.55223704133
1.55406926103
1.55469484893
1.55483556919
1.55408677787
1.55238651454
1.5543154059
1.55596587751
1.55657839327
1.55517415916
1.55528054099
1.55563882519
1.5561413998
1.55672294997
1.55523170212
1.5544248876
1.55293793085
1.55481520407
1.55276870171
1.55462688514
1.55541053752
1.55554020172
1.55587978144
1.55652504327
1.55711943334
1.55638170735
1.55697131044
1.55568783387
1.55497677508
1.55300012593
1.55276836156
1.55684848349
1.55621913818
1.55633694972
1.55695323778
1.55648123782
1.55721338079
1.55710717854
1.55658695683
1.55672289671
1.55731144521
1.55667872315
1.55735627238
1.55672822211
1.55732880017
1.55736214437
1.55669465055
1.55590477712
1.55725699017
1.5566680245
1.55624014347
1.55584146763
1.55731746713
1.55672759799
1.55570244261
1.55499542192
1.55317121649
1.5549235191
1.55563034649
1.55506788936
1.55323657488
1.55591124844
1.55624662642
1.55727214599
1.55668912227
1.55732359494
1.55673499472
1.55585724853
1.55570835843
1.55492897096
1.55501450341
1.55318678566
1.5550746251
1.55324173235
1.55564507207
1.55319736129
1.55553332156
1.55328412611
1.55554036125
1.55321822471
1.55329124097
1.55261178116
1.55107977861
1.5506797092
1.54133644458
1.55078176125
1.54143187855
1.55250612603
1.55260689318
1.54132258114
1.55066307739
1.55107420404
1.55249148968
1.5414269866
1.55077623594
1.5526117601
1.55107983617
1.54133646675
1.55067968485
1.54143190239
1.55078176806
1.55250609082
1.55570260871
1.55317134812
1.55499545212
1.55492356177
1.55563053437
1.55323679297
1.55506797381
1.55590497054
1.5566681553
1.55725721353
1.5562403769
1.55584174297
1.55672779177
1.55731773816
1.55570845042
1.55492908275
1.55318692901
1.55501463449
1.55324178817
1.55507463172
1.5556451636
1.55591142486
1.55624688737
1.55668920483
1.55727235511
1.55673514578
1.5573238699
1.55585749351
1.55554037147
1.55321822551
1.55329120539
1.55672309489
1.55731160213
1.55667881418
1.55735639511
1.5567283924
1.55732897359
1.55736235934
1.55669481491
1.55652301097
1.55724230563
1.55661449379
1.55714758946
1.55690073385
1.55630914278
1.556399707
1.55700505447
1.55557562933
1.55714679737
1.55655991488
1.55591935596
1.55571655046
1.55700566057
1.55642748151
1.55526395257
1.55484648064
1.55296402831
1.55446520511
1.55543670104
1.55466779521
1.5528038378
1.55663040017
1.5560289549
1.55522544705
1.55532919408
1.55568900252
1.5567712047
1.55619875826
1.55412354679
1.55228514362
1.55473819848
1.55487772595
1.55413483638
1.55436542791
1.55243048558
1.55303361992
1.55502285801
1.55281240505
1.5521128026
1.55462513946
1.55246841702
1.54860164662
1.53952030668
1.55024406727
1.55122639217
1.54974530995
1.54939824146
1.54012897026
1.55185482669
1.54105503324
1.55039552064
1.55034592835
1.55224301504
1.54072174133
1.55003680734
1.53952030883
1.54860158687
1.55024405563
1.55122638193
1.54974527987
1.54012897124
1.54939822519
1.55526407691
1.55296415921
1.55484653027
1.55446530735
1.55543686708
1.55280400864
1.55466788619
1.55557581726
1.55656009617
1.55714705216
1.5559195845
1.55571681309
1.55642767279
1.55700594803
1.55228524887
1.55412368045
1.55473828355
1.55487785616
1.55413487319
1.55243052944
1.55436541537
1.55602918759
1.55663065578
1.5552256921
1.55532940971
1.55568920898
1.55619898087
1.55677146988
1.55211280456
1.55462505662
1.55246837279
1.55652323561
1.55724251998
1.55661465244
1.55714784305
1.5569010544
1.55630946106
1.55640001604
1.55700533447
)
;

boundaryField
{
    walls
    {
        type            zeroGradient;
    }
    inlet0
    {
        type            zeroGradient;
    }
    inlet1
    {
        type            fixedValue;
        value           uniform 0;
    }
}


// ************************************************************************* //
